852.929593
636.746302
339.874880
-118.753405
-567.866581
-846.088387
-1059.988053
-1390.733264
-1751.546223
-1903.026768
-1876.384461
-1938.042372
-2132.531213
-2188.099454
-2016.066271
-1882.093527
-1947.557482
-2002.745118
-1824.241660
-1556.676777
-1427.271285
-1356.098265
-1110.989040
-688.137567
-320.854334
-62.804560
248.149223
688.889103
1104.128488
1350.760130
1493.867380
1676.938089
1871.046327
1929.659402
1819.284130
1662.855727
1576.839136
1498.054028
1303.565187
1013.544644
776.808716
650.448060
490.594217
188.013730
-140.447855
-348.638455
-527.903121
-853.700475
-1273.887718
-1567.333700
-1715.008201
-1926.624240
-2264.981540
-2507.807138
-2499.814446
-2413.036646
-2431.686261
-2465.560051
-2298.094121
-1987.520942
-1783.516991
-1704.351279
-1534.601722
-1194.722005
-914.216573
-832.767234
-750.176082
-465.484001
-117.230988
84.489337
217.700872
494.780866
893.273658
1196.615354
1374.738207
1582.928806
1883.986876
2116.916760
2167.537143
2151.932364
2197.985494
2247.083460
2180.477693
2029.377751
1919.383084
1879.039019
1808.246603
1667.042375
1523.554522
1440.582766
1385.775734
1252.564199
1026.104589
793.174704
630.656631
458.242844
153.759335
-215.807524
-471.573671
-608.210646
-814.498223
-1128.877447
-1340.493485
-1349.627991
-1346.202551
-1471.421394
-1566.953095
-1473.324416
-1316.134805
-1292.917937
-1330.597771
-1222.886730
-988.434428
-808.408553
-721.630753
-570.530812
-280.129665
20.167196
231.402630
429.697515
714.008992
1026.865798
1234.295188
1333.252329
1423.836173
1557.428312
1646.109134
1604.242652
1483.591061
1381.969690
1300.900956
1147.136784
913.826295
694.598168
534.744326
356.240869
90.579007
-202.105766
-420.953288
-596.792514
-841.521135
-1151.713710
-1415.472549
-1596.259633
-1782.375178
-2020.633524
-2221.212035
-2316.743736
-2357.087801
-2415.320272
-2448.813458
-2378.401647
-2228.824123
-2084.575061
-1960.117426
-1780.852760
-1531.556887
-1275.410135
-1059.226844
-847.610805
-580.426526
-291.167192
-44.535550
176.214994
436.167790
734.942233
993.753216
1190.525684
1386.156338
1615.660783
1820.425943
1929.659402
1987.130664
2061.729124
2140.133628
2144.700880
2071.244234
1997.406983
1961.249566
1917.099457
1796.828471
1640.019464
1522.032104
1439.060348
1294.430681
1056.552940
814.869154
647.783829
491.355426
229.880213
-94.775329
-324.279774
-442.647738
-611.636086
-870.066464
-1048.189317
-1054.659591
-1062.271679
-1194.341401
-1289.492498
-1194.341401
-1035.248767
-1017.360361
-1050.092339
-921.067452
-667.204326
-502.783231
-445.311969
-286.980544
14.838734
272.507904
401.913395
552.252128
815.249759
1062.642610
1168.070025
1212.220134
1312.319087
1432.209469
1453.523315
1356.469196
1250.661177
1187.100244
1096.897005
918.393548
702.971465
519.520151
350.531803
129.020050
-148.440547
-406.490321
-619.628778
-840.379322
-1120.123546
-1411.285901
-1645.738203
-1838.324023
-2036.999512
-2236.816815
-2386.394339
-2462.134612
-2499.053237
-2515.038622
-2489.538128
-2397.051262
-2241.003463
-2066.306050
-1901.123746
-1717.291828
-1468.757164
-1189.393544
-960.269703
-773.392950
-536.657021
-235.218347
23.973240
192.580983
380.980154
655.776521
912.303877
1070.254698
1208.033486
1414.701667
1613.377157
1694.065287
1716.140341
1799.112098
1909.106765
1915.577040
1824.612591
1765.618912
1776.656439
1756.865011
1639.258255
1501.098863
1412.798645
1341.245021
1201.943815
1000.604095
815.249759
683.941246
550.349106
340.255485
95.526864
-77.648131
-164.425932
-284.316313
-487.559056
-644.748667
-669.107348
-669.868557
-768.064488
-867.402233
-823.252124
-706.025973
-679.383666
-717.444105
-640.562019
-441.505925
-286.219335
-228.367468
-139.306042
66.220327
285.829057
420.182406
513.049876
659.963169
844.936901
960.260030
987.282941
999.081677
1050.082665
1086.620686
1029.530028
907.356020
811.063111
753.972453
648.545038
458.242844
276.694552
