-4400.172147
-4387.231598
-4424.911432
-4429.478685
-4258.967920
-3906.908862
-3598.999914
-3416.309808
-3197.842891
-2794.402241
-2354.042966
-2065.164237
-1834.137374
-1477.511064
-951.896407
-504.305649
-173.179832
249.291036
807.637671
1345.051065
1720.326990
2051.833410
2473.543070
2858.714709
3063.099265
3107.629978
3163.578822
3249.595414
3243.125139
3135.414098
3020.090969
2981.649926
2966.806355
2882.312181
2754.048503
2647.098670
2583.537738
2494.856916
2247.844669
1912.532205
1565.421004
1255.228429
916.490526
448.727735
-35.020440
-400.400651
-664.159491
-964.075747
-1300.530025
-1489.690405
-1479.414086
-1451.629966
-1557.057381
-1652.969687
-1562.766447
-1353.053430
-1255.238103
-1292.917937
-1221.744917
-953.799429
-659.972843
-502.022022
-323.137961
62.414283
578.133226
1007.454974
1339.341999
1760.671054
2288.949943
2713.704438
2889.163060
2985.455970
3160.533987
3269.767446
3108.010582
2744.152789
2488.767246
2309.121975
1957.824127
1411.276228
947.700085
688.889103
372.987462
-168.612580
-720.869544
-1063.032888
-1361.426727
-1858.115451
-2482.306644
-2934.084051
-3211.925253
-3556.752827
-4008.149629
-4321.387039
-4380.380719
-4368.962587
-4432.904124
-4433.284729
-4206.444514
-3847.534578
-3569.693376
-3380.532996
-3118.296574
-2723.990430
-2330.826099
-2064.783633
-1818.151990
-1478.272273
-1045.144482
-642.845645
-323.899169
78.399667
586.887127
1110.218158
1499.957050
1822.328965
2189.612198
2546.238508
2777.645975
2851.863830
2904.006631
2945.492509
2953.104597
2870.894049
2757.093338
2722.838943
2726.644987
2677.927626
2502.469003
2341.853952
2318.637085
2261.927031
1979.137972
1550.577433
1277.303484
1068.351676
667.955861
103.138952
-294.212027
-432.752024
-685.092732
-1099.951513
-1371.703045
-1312.709365
-1232.021235
-1392.636286
-1518.996943
-1373.225463
-1135.347721
-1128.877447
-1262.469586
-1194.341401
-949.232176
-788.236521
-747.892456
-571.672625
-195.254887
170.505928
451.011361
799.264375
1308.893648
1771.327977
2031.661378
2184.664341
2402.370050
2637.964165
2695.435427
2536.723398
2322.062524
2186.567363
2052.214014
1788.074570
1434.493095
1150.562223
955.692777
693.075751
311.329551
-58.237308
-338.362136
-674.435809
-1151.713710
-1665.529631
-2059.835775
-2407.327580
-2859.104987
-3337.905305
-3643.911231
-3763.801613
-3874.557490
-4013.478091
-4002.821168
-3767.227053
-3493.572499
-3310.121185
-3100.027563
-2745.304275
-2363.177471
-2097.896214
-1882.854736
-1582.938479
-1233.924257
-925.634704
-645.129272
-286.219335
146.147248
578.133226
994.514425
1408.611997
1823.470778
2206.739395
2525.685871
2758.235151
2909.335092
3001.060750
3031.509100
3012.098277
2946.634322
2847.296577
2737.682514
2657.755593
2572.880815
2432.437796
2267.255493
2172.485000
2094.080497
1852.396712
1469.889303
1138.763487
927.147448
595.641028
64.317305
-404.967904
-642.845645
-850.655640
-1234.685466
-1584.080293
-1632.797654
-1551.348315
-1649.544247
-1852.406385
-1826.905891
-1606.535951
-1535.743536
-1670.477488
-1695.977982
-1471.801999
-1258.282938
-1216.035851
-1141.056787
-829.341794
-424.378727
-133.216372
111.512249
471.944602
932.856514
1292.908264
1482.829852
1621.369849
1809.769020
1970.003467
1949.831434
1763.335285
1588.637872
1518.987269
1399.858096
1114.785411
782.898386
600.588885
498.967514
248.910432
-133.596976
-431.990815
-592.225262
-838.856904
-1295.201563
-1728.329355
-1962.401053
-2162.979564
-2524.553731
-2898.687843
-2994.980753
-2929.516798
-2938.651304
-3004.115258
-2877.373997
-2536.352467
-2229.965936
-2056.790940
-1839.846440
-1471.801999
-1125.832611
-933.246792
-765.780862
-462.439166
-120.275823
124.072193
332.643397
654.634708
1059.978379
1420.791337
1709.670067
2017.959620
2357.458732
2647.098670
2830.930589
2922.656246
2975.940860
2999.538332
2974.799047
2871.655258
2722.458339
2583.157133
2475.446092
2344.137579
2151.171155
1963.152588
1847.448855
1739.357209
1496.531610
1150.562223
