1649.153969
2154.596594
2430.915379
2519.596201
2742.630371
3144.929208
3425.815245
3434.188541
3370.247004
3428.860080
3444.845464
3246.931183
2929.126521
2692.390592
2542.432464
2285.143899
1949.070226
1655.624244
1479.404413
1354.946779
1225.541287
997.178656
600.588885
202.096092
-24.744122
-217.329941
-714.018665
-1384.262990
-1772.098859
-1849.742154
-2147.374784
-2771.185374
-3139.610420
-2951.211248
-2781.081088
-3110.303882
-3468.072005
-3245.799043
-2736.930979
-2616.279388
-2750.252132
-2529.882193
-1936.900559
-1482.839526
-1259.805355
-839.618113
-145.015108
451.011361
817.913990
1227.063705
1807.104790
2322.443129
2626.165429
2843.871138
3100.398494
3310.872720
3364.157334
3294.126127
3153.302504
2950.440366
2661.181033
2275.248185
1849.351877
1463.038424
1105.650906
648.164433
47.190107
-502.783231
-851.797453
-1164.654259
-1647.260621
-2204.465442
-2586.972851
-2820.663944
-3099.266355
-3396.518380
-3543.431673
-3533.916564
-3556.752827
-3654.187550
-3637.821561
-3382.436018
-3023.145477
-2776.133231
-2638.354443
-2370.028350
-1868.391769
-1336.306837
-974.732670
-666.823722
-191.829447
353.196034
698.023608
907.356020
1306.229417
1925.472754
2388.287688
2514.267739
2649.762901
3041.024210
3440.658816
3494.704639
3371.388817
3395.747498
3495.085243
3350.836181
2995.732288
2742.249767
2639.486583
2491.431476
2206.358791
1922.808523
1729.842099
1581.406389
1439.060348
1225.921892
861.302890
441.496251
149.953292
-18.654452
-389.363124
-996.427120
-1474.085625
-1603.871721
-1741.269904
-2182.009784
-2599.532795
-2585.069829
-2405.043954
-2598.771587
-2951.211248
-2849.209273
-2359.371428
-2166.785608
-2369.267142
-2274.877254
-1635.842489
-1046.286295
-877.678552
-651.980150
35.391371
843.795088
1281.870736
1552.861060
2046.124344
2681.733669
3054.725968
3130.085637
3206.587118
3384.709971
3456.263596
3248.834205
2903.626027
2584.679551
2283.621481
1851.254898
1286.057385
748.643991
323.889496
-112.283131
-659.211634
-1217.558269
-1633.558863
-1958.975613
-2386.013735
-2900.971469
-3344.375579
-3613.462880
-3839.541886
-4110.151605
-4358.686269
-4475.531816
-4479.337859
-4425.292037
-4301.215007
-4069.426935
-3722.315735
-3369.114864
-3044.078719
-2694.683892
-2199.898190
-1627.849797
-1170.363325
-836.192673
-416.766640
192.580983
751.308222
1134.957443
1530.786005
2127.954287
2715.607460
3043.307836
3274.334699
3642.379141
4048.864625
4185.120995
4077.790558
3984.923088
3967.795891
3884.443530
3631.722218
3345.127115
3113.339044
2929.887729
2731.973448
2465.169774
2199.507912
2005.019071
1905.681326
1714.237319
1283.012550
798.883770
503.154162
346.345155
-57.095495
-682.047897
-1140.676183
-1316.515409
-1598.543259
-2142.807532
-2515.038622
-2473.172139
-2435.492305
-2792.118615
-3158.260034
-3024.287290
-2630.742355
-2559.949939
-2756.341802
-2633.787190
-2075.059951
-1577.229414
-1385.404803
-1098.429096
-410.296365
369.181418
861.302890
1212.220134
1799.112098
2529.491915
3023.897013
3175.377558
3289.178270
3519.443924
3656.842107
3484.047716
3112.197230
2786.399876
2496.379333
2059.826102
1455.426337
911.162064
523.326195
108.467413
-471.954276
-1062.271679
-1474.085625
-1783.897595
-2193.808519
-2663.474332
-3054.735641
-3345.136788
-3658.754802
-3985.693970
-4203.019075
-4285.229622
-4297.028358
-4300.834402
-4234.989843
-4039.739793
-3706.330351
-3319.255690
-2967.577237
-2637.973838
-2224.256870
-1715.388806
-1267.417443
-943.142506
-602.501580
-108.096482
412.950922
790.891078
1125.442334
1622.511662
2211.306648
2624.643011
2864.423775
3152.541295
3537.332330
3755.418643
3718.500018
3639.714910
3659.125733
3629.819196
3410.971674
3119.048109
2946.253718
2884.595807
2783.735645
2534.439772
2241.754999
2063.632146
2037.751048
1871.046327
1401.761118
890.228823
659.201960
522.945590
15.599943
-700.316908
-1084.727338
-1096.906678
-1356.098265
-1980.670063
-2357.849010
-2201.801212
-2106.269511
-2530.262797
-2924.568941
-2734.647352
