2285.905108
1817.381108
1445.530623
1139.524696
718.195640
242.059553
-115.708570
-364.623839
-779.863224
-1394.158704
-1918.250944
-2219.689618
-2525.695544
-3055.877455
-3646.956066
-3994.828476
-4104.823143
-4156.204735
-4219.385064
-4192.362152
-4071.329957
-3987.977597
-3932.789961
-3740.965350
-3340.188931
-2899.449052
-2576.696532
-2251.660386
-1774.382486
-1224.028543
-796.990422
-448.356804
9.129669
525.990425
850.645967
961.021239
1189.383871
1673.893254
2177.432858
2392.854940
2462.886147
2663.084054
2971.754212
3126.660197
3076.420418
3053.964759
3100.017890
3039.501793
2816.467622
2661.181033
2685.159109
2688.584548
2508.939278
2286.285712
2154.215990
2068.960607
1965.816819
1867.620887
1668.945397
1238.101232
758.539705
511.527459
370.703836
-63.946374
-692.324215
-1053.898382
-1140.295578
-1444.017878
-1959.736822
-2135.956653
-1904.549186
-1902.265560
-2348.333900
-2561.852961
-2144.710554
-1668.193862
-1718.433641
-1912.161274
-1608.438973
-981.964153
-556.448449
-305.249555
165.938676
820.578220
1276.922879
1533.450236
1882.464458
2391.713127
2802.385260
2989.642618
3021.613386
3014.381903
3024.658221
3066.144100
3018.187947
2749.861855
2306.838349
1811.291438
1326.020845
881.094318
554.155150
262.992794
-215.046315
-875.775530
-1414.330736
-1720.717267
-2088.381104
-2664.996750
-3235.142120
-3572.738211
-3825.078919
-4136.793912
-4346.126324
-4287.132644
-4094.166220
-4045.068255
-4132.987868
-4083.889902
-3736.398097
-3271.680142
-2968.719050
-2780.319879
-2385.633130
-1738.225069
-1164.273654
-862.454376
-562.157515
-11.042364
506.960206
674.045532
724.285311
1128.867773
1792.641823
2195.321264
2251.270108
2405.795489
2794.392568
3051.300529
2975.940860
2893.349708
3004.105585
3017.426738
2745.675206
2456.796477
2435.102027
2435.863236
2212.448461
1926.614567
1823.090174
1765.618912
1544.107159
1351.901944
1299.378538
1122.778103
624.947566
153.378731
17.122361
-113.424944
-577.762295
-1091.197612
-1273.507113
-1406.718649
-1850.122759
-2237.578024
-2106.650115
-1863.824517
-2134.053631
-2586.972851
-2451.097085
-1889.705615
-1709.299136
-1925.101823
-1812.823529
-1238.872114
-825.155146
-720.108336
-358.914773
441.876856
1127.345356
1386.917547
1611.093531
2139.372419
2716.368669
2990.403827
3021.232782
3017.807343
3025.800035
2980.508113
2862.140149
2648.240483
2378.772578
2073.527860
1725.274847
1272.355627
813.346737
467.757954
177.356807
-290.405983
-937.814045
-1444.017878
-1681.515015
-1878.287483
-2300.758352
-2789.834988
-3010.585533
-3011.727346
-3111.065091
-3337.144096
-3411.742556
-3273.583163
-3192.514429
-3275.486185
-3229.433055
-2878.135206
-2480.023018
-2276.780276
-2052.223688
-1526.228426
-874.633716
-465.103397
-247.397688
110.751040
646.261411
1018.492501
1145.233762
1348.095900
1829.560448
2271.822745
2397.041588
2416.452412
2709.517790
3144.548603
3247.692392
3016.284925
2881.170368
3005.247398
2967.186959
2565.268727
2126.051265
1962.771984
1865.717865
1559.711939
1190.525684
1006.313161
954.550964
855.213219
678.993389
460.526471
176.214994
-135.499998
-355.869938
-618.106360
-1074.831624
-1584.080293
-1844.794297
-1983.714898
-2354.423571
-2819.902735
-2884.986085
-2659.668288
-2736.550374
-3139.991024
-3192.133825
-2702.676584
-2363.558076
-2519.986479
-2576.315928
-2084.575061
-1511.384855
-1320.321453
-1112.130854
-405.348508
440.735043
890.228823
1117.830246
1651.437596
2437.766258
2990.784431
3157.869757
3251.117831
3468.062332
3676.252931
3683.103810
3502.316726
3250.737227
3006.008607
2728.548009
2335.003073
1850.113085
1399.096887
1023.820963
549.968502
-92.111098
-726.578610
-1134.205908
-1463.048098
-1940.706603
-2505.904116
-2874.709767
-3022.764873
-3175.387232
-3418.974039
-3563.984310
-3522.498432
-3488.244037
-3591.387826
-3621.074968
-3378.629974
-3002.592840
-2770.804769
-2625.794498
-2242.145277
-1617.573479
-1044.763877
-685.853941
-325.040983
207.424554
713.628388
992.230798
1224.018870
