-2317.885549
-2353.281757
-2653.578618
-2527.598566
-1969.632536
-1538.407766
-1402.151396
-1116.698106
-452.162848
257.283728
724.285311
1128.867773
1766.760725
2492.953894
2955.388223
3110.674813
3265.200194
3539.615956
3673.969305
3430.763102
3020.852178
2733.115262
2512.745322
2057.161871
1402.141723
892.131845
630.276027
301.814442
-306.010763
-942.000693
-1288.350684
-1481.697713
-1883.996549
-2489.918732
-2979.375973
-3217.634319
-3473.400466
-3858.572105
-4177.137977
-4212.534185
-4132.607263
-4156.585340
-4178.660394
-3948.394740
-3477.587115
-3082.139157
-2871.664932
-2635.309608
-2185.054619
-1686.082268
-1362.949144
-1143.721018
-792.423169
-306.771972
112.654062
433.884164
859.780472
1452.381502
2004.257862
2372.302303
2692.009988
3121.712340
3557.884967
3786.628203
3811.748092
3828.114081
3878.734464
3856.278806
3665.596008
3436.472167
3274.715303
3145.690416
2958.813663
2682.114274
2440.811093
2260.404614
2089.893849
1732.125726
1228.966727
800.025583
539.311579
222.648729
-360.056586
-917.261408
-1144.101622
-1224.409147
-1574.184579
-2047.275831
-2146.232971
-1944.132042
-1999.700282
-2408.469393
-2588.114664
-2327.781263
-2110.836763
-2297.713517
-2480.023018
-2225.779288
-1764.486772
-1516.332712
-1380.076342
-953.799429
-232.934721
386.308615
751.688826
1133.435026
1759.148637
2415.691203
2763.944217
2799.721029
2840.826303
3001.060750
3019.329760
2688.203944
2206.358791
1900.352864
1659.049683
1189.003266
549.968502
115.698897
-89.066263
-449.118013
-1067.219536
-1584.460897
-1801.405397
-2057.171545
-2596.868565
-3200.126517
-3557.514036
-3812.138370
-4204.541492
-4579.436813
-4719.118623
-4671.923679
-4679.916371
-4640.714119
-4354.880225
-3885.975621
-3482.154367
-3199.365308
-2824.469988
-2309.512253
-1804.069628
-1440.973043
-1116.698106
-674.435809
-128.268515
379.457736
808.398880
1290.624637
1928.517589
2591.530430
3107.249373
3506.883979
3974.646770
4471.335494
4795.610431
4878.582187
4908.649934
4992.002294
5000.375591
4823.775156
4547.456371
4328.989453
4146.299348
3933.541496
3635.908866
3350.455576
3076.801022
2821.034875
2468.595213
1984.466434
1493.867380
1128.487169
803.451023
241.678949
-440.744716
-868.924651
-983.105967
-1241.536345
-1819.674408
-2217.025387
-2136.717862
-2048.798248
-2413.797855
-2854.537734
-2781.081088
-2460.231590
-2537.494280
-2902.874491
-2877.373997
-2379.924064
-2033.193468
-2042.708578
-1859.257264
-1177.975412
-468.528836
-158.336261
74.213019
685.083059
1442.485788
1850.113085
1911.390391
2073.908464
2401.228237
2531.394937
2256.598570
1872.188140
1668.945397
1524.696335
1125.822938
500.489931
15.599943
-220.755381
-474.618506
-996.807724
-1552.870733
-1877.526274
-2069.731490
-2480.784227
-3091.273662
-3583.395134
-3852.863039
-4140.219351
-4603.414889
-4974.884770
-5052.908670
-4937.204936
-4899.144498
-4858.039224
-4610.265768
-4138.696934
-3699.479472
-3395.376567
-3041.033883
-2547.009390
-2029.768029
-1695.597378
-1389.591451
-932.866188
-361.579004
103.900161
475.750646
990.327777
1681.124738
2298.845657
2693.532405
3080.987671
3622.968317
4140.590282
4357.534782
4348.400277
4418.050880
4583.613788
4604.547029
4366.669288
4108.238909
4029.073197
4026.789571
3924.787595
3711.649139
3542.280187
3459.689035
3406.023817
3239.319095
2927.984707
2567.552354
2280.196042
2026.713521
1597.011168
1040.186951
609.342786
392.778890
82.586315
-432.371420
-832.767234
-894.805749
-902.417837
-1209.184972
-1581.796666
-1616.051061
-1427.271285
-1469.518372
-1743.934135
-1807.875672
-1522.041778
-1271.984696
-1262.850191
-1214.513433
-836.953882
-341.406971
-43.393737
137.773951
483.362734
1027.246402
1457.709963
1636.594025
1720.707594
1915.957644
2113.871925
2089.893849
1827.276822
1583.309410
1415.843480
1173.779091
755.875475
309.426529
19.405987
-251.203732
-663.778886
-1161.228819
-1505.675789
-1742.792322
-2101.702258
-2623.510872
-3072.624048
-3352.748876
-3641.247001
-3998.253915
-4304.259842
