SAMPLES:	13613
BITSPERSAMPLE:	16
CHANNELS:	1
SAMPLERATE:	16000
NORMALIZED:	FALSE
20
12
15
18
19
16
14
13
19
18
12
11
11
14
12
7
6
7
6
10
8
2
9
10
6
3
4
8
11
11
9
4
3
7
4
4
5
10
6
4
0
-2
2
2
1
0
5
5
6
9
7
6
5
3
0
1
5
9
5
0
-1
1
0
-3
-5
-2
0
-5
-5
-3
2
-1
-5
-1
1
9
5
4
3
2
9
10
7
1
1
6
7
2
-5
-2
-2
0
-5
-8
-2
-2
-1
1
0
-3
-9
-1
2
-1
-5
-6
1
-1
-3
-1
-3
1
-1
-7
-4
-6
-7
-6
-8
-5
-7
-10
-8
-11
-12
-10
-10
-7
-10
-9
-7
-8
-6
-8
-8
-5
-7
-11
-11
-8
-13
-13
-9
-7
-10
-14
-14
-15
-14
-12
-16
-13
-13
-12
-12
-17
-20
-20
-16
-14
-17
-19
-19
-17
-19
-17
-16
-19
-19
-21
-18
-18
-19
-19
-15
-15
-18
-16
-15
-13
-16
-13
-18
-19
-19
-16
-13
-19
-18
-18
-15
-16
-21
-21
-19
-18
-20
-21
-19
-16
-17
-20
-18
-19
-19
-17
-17
-16
-15
-13
-9
-11
-17
-19
-13
-11
-12
-14
-10
-7
-11
-10
-10
-11
-9
-10
-10
-9
-12
-13
-8
-7
-8
-8
-6
-5
-7
-7
-5
-3
-5
-1
0
0
-1
-3
-2
-1
-2
-5
-2
0
1
0
-1
1
-2
-3
-7
-3
4
4
5
-1
3
4
3
5
5
6
9
7
4
4
2
4
1
0
2
1
-1
0
-2
-1
2
0
1
0
-1
1
0
1
1
3
5
7
6
6
5
6
5
4
3
4
6
1
0
0
1
0
1
1
3
1
3
3
-1
1
-1
4
5
3
1
1
3
1
0
-1
-1
0
2
3
1
-1
-1
-3
-4
-5
-5
-3
-1
-1
-3
-3
-2
-1
-1
0
-1
-1
2
1
-1
-1
-1
0
0
-1
-3
-2
-2
-1
-3
-2
-3
-4
-5
-6
-1
0
-1
0
0
0
0
-2
0
0
0
0
1
0
-2
-3
-2
0
-2
-2
-6
-4
-4
-2
-2
-6
-6
-5
-2
-7
-9
-10
-8
-6
-6
-8
-7
-7
-10
-10
-10
-8
-9
-9
-6
-5
-6
-8
-6
-3
-3
-6
-6
-6
-7
-7
-7
-6
-7
-9
-9
-9
-11
-13
-13
-12
-12
-12
-12
-8
-8
-9
-11
-10
-9
-8
-7
-5
-5
-7
-4
-3
-3
-3
-1
-2
-1
-4
-3
-2
-2
-2
-4
-2
-2
-3
-6
-7
-4
-4
-1
0
-3
-4
-2
1
1
-3
-3
3
3
1
0
4
8
9
7
7
6
7
7
9
5
4
4
4
6
4
3
0
3
4
4
4
3
5
6
7
5
4
6
9
10
13
12
16
14
18
16
13
15
13
14
10
12
10
13
15
10
10
8
10
11
14
13
9
10
11
14
12
13
11
12
15
15
10
7
7
10
10
7
4
6
5
4
4
5
9
7
5
3
3
6
7
8
7
9
7
6
6
5
6
8
8
10
6
6
7
7
6
4
8
8
8
6
5
5
5
5
5
2
6
6
5
3
2
2
1
3
3
2
3
4
5
4
5
6
9
12
9
5
8
10
10
9
7
10
9
10
8
6
8
9
9
5
7
6
7
5
4
2
1
5
4
5
5
7
10
7
9
12
12
14
12
15
14
10
12
12
14
8
9
12
9
10
8
6
5
4
5
7
5
6
7
8
9
7
8
9
6
7
7
9
13
11
9
11
11
11
6
6
9
9
8
6
7
9
7
6
5
6
5
3
4
6
8
9
5
3
4
4
5
4
4
4
2
2
0
-2
-2
-1
-1
-4
-3
-3
-5
-4
-2
-2
-3
-2
-1
0
0
0
-4
-6
-1
-1
-2
-1
-2
-2
-6
-7
-7
-3
-3
-3
-4
-6
-7
-7
-7
-8
-10
-11
-8
-5
-8
-7
-8
-10
-9
-10
-11
-10
-9
-10
-12
-12
-11
-13
-14
-12
-12
-12
-14
-15
-15
-11
-10
-10
-12
-11
-9
-6
-6
-8
-5
-7
-5
-5
-7
-6
-9
-5
-6
-8
-9
-10
-11
-13
-7
-6
-6
-7
-9
-10
-11
-9
-9
-7
-4
-7
-8
-5
-4
-9
-9
-10
-8
-8
-11
-9
-11
-10
-8
-8
-8
-8
-9
-8
-8
-3
-4
-7
-2
-4
0
-3
-1
-5
-3
-1
-5
-3
-6
-3
-5
-6
-9
-8
-6
-5
-3
-6
-5
-4
-5
-3
1
0
-1
-1
4
6
3
4
1
4
6
8
9
6
7
7
7
2
6
4
8
8
9
6
1
6
8
6
2
10
8
7
5
8
7
3
5
8
16
14
15
15
16
15
16
17
19
18
18
19
19
18
14
19
21
17
10
9
17
16
11
10
13
14
14
14
14
15
17
21
19
19
20
23
26
23
22
21
27
23
24
24
21
23
24
22
18
18
19
19
19
21
16
15
16
18
19
16
16
16
20
18
20
23
24
22
19
17
20
19
20
23
18
20
17
13
10
11
13
15
16
13
18
14
13
11
10
15
11
14
9
12
12
11
13
10
10
6
5
7
9
6
5
10
11
8
4
1
4
8
10
8
4
6
8
7
3
6
8
5
0
1
3
3
3
2
2
0
-1
-2
-6
-5
-6
-4
-3
-5
-4
-7
-4
-1
-1
-3
-6
-3
-8
-6
-4
-6
-5
-8
-9
-6
-3
-9
-12
-14
-13
-9
-12
-9
-6
-13
-12
-15
-17
-14
-16
-13
-15
-13
-14
-17
-15
-17
-14
-14
-11
-8
-12
-12
-15
-14
-10
-11
-10
-8
-5
-5
-8
-11
-13
-17
-18
-18
-20
-20
-20
-20
-18
-23
-25
-20
-18
-22
-24
-20
-19
-13
-15
-16
-16
-16
-13
-15
-14
-14
-16
-14
-17
-16
-20
-19
-18
-23
-26
-25
-25
-23
-27
-30
-26
-24
-25
-27
-27
-23
-22
-24
-18
-17
-17
-14
-17
-16
-22
-20
-16
-20
-20
-25
-23
-20
-21
-25
-29
-25
-27
-26
-26
-25
-26
-25
-21
-22
-23
-23
-22
-22
-20
-16
-18
-18
-16
-21
-22
-20
-21
-23
-22
-21
-20
-26
-28
-24
-23
-22
-22
-20
-17
-18
-19
-18
-16
-14
-10
-10
-12
-11
-9
-9
-12
-13
-9
-11
-14
-11
-10
-10
-11
-8
-8
-10
-12
-9
-8
-11
-13
-13
-10
-7
-3
-7
-3
-8
-9
-5
-5
-7
-5
0
0
-1
-4
0
0
-3
-4
-5
-1
-1
-1
-3
-2
0
0
-2
-2
-1
0
4
1
3
1
5
10
7
6
3
5
6
6
5
4
5
7
5
0
1
0
0
2
0
1
3
3
4
6
4
3
4
8
8
10
13
14
14
14
13
12
5
5
9
6
9
7
7
5
3
4
3
3
4
10
6
3
4
5
7
3
6
7
7
5
5
5
5
6
3
5
4
5
5
7
7
5
4
8
5
5
4
2
8
8
5
5
3
6
4
5
3
6
6
0
4
1
2
1
5
6
1
7
5
6
5
4
8
7
4
4
7
9
7
5
7
7
3
4
4
3
3
0
3
1
0
0
1
2
1
2
0
4
7
10
6
2
8
7
9
9
11
11
14
12
10
7
6
11
10
10
8
8
6
10
11
7
8
7
11
10
14
13
9
11
6
7
15
15
17
19
15
17
17
14
15
15
20
16
18
20
16
17
13
15
18
19
18
16
16
16
17
22
23
23
18
18
24
19
18
22
21
22
26
26
23
20
24
24
24
21
20
23
18
17
17
20
20
18
20
18
19
14
14
15
16
18
15
20
18
16
15
16
19
17
18
17
16
15
13
10
9
10
9
6
2
1
2
1
2
0
2
3
7
5
2
1
1
3
3
5
1
3
5
3
-1
0
0
2
-1
-5
0
-1
1
0
-7
-6
-4
-3
-3
-7
-8
-7
-2
-4
-6
-7
-4
-4
-8
-8
-7
-6
-9
-5
-6
-11
-6
-7
-7
-7
-2
-4
-8
-5
-2
0
-4
-2
-2
-1
-1
-2
-3
-4
-3
-2
-3
-4
-5
-7
-5
-9
-9
-8
-9
-3
-4
-7
-9
-13
-6
-7
-13
-7
-8
-2
-7
-5
-9
-10
-7
-6
0
-7
-8
-5
-2
-2
-9
-8
-7
-8
-9
-7
-4
-3
-6
-8
-7
-6
-6
-8
-4
-1
0
-3
-7
-2
-1
0
-1
0
1
-1
-2
-3
-7
-2
-2
-4
-5
-10
-6
-9
-11
-8
-6
-8
-9
-4
-7
-6
-7
-3
-4
-7
-2
0
0
-3
-2
-2
5
5
0
0
-6
-2
-3
-10
-6
-6
-1
-3
-7
-9
-4
-2
-6
-8
-4
0
1
1
3
5
2
3
3
5
4
2
0
0
0
-1
-3
-5
-2
-7
-9
-11
-9
-8
-10
-3
-7
-7
-8
-6
-2
-4
-1
-2
1
-1
0
0
1
2
0
0
-1
-5
-2
-3
-4
-3
-5
-6
-7
-9
-12
-15
-16
-11
-14
-14
-13
-15
-14
-16
-15
-15
-16
-14
-12
-11
-10
-13
-10
-14
-15
-11
-12
-10
-12
-10
-7
-9
-11
-14
-14
-8
-8
-11
-15
-13
-9
-9
-14
-15
-17
-15
-15
-18
-18
-18
-21
-19
-20
-19
-20
-19
-18
-18
-20
-18
-14
-16
-11
-12
-13
-13
-14
-12
-10
-9
-10
-9
-8
-8
-13
-9
-6
-4
-4
-9
-5
-5
-3
-2
-4
-1
-2
0
0
-4
-3
-4
-1
-1
-6
-2
0
0
-1
-2
-1
3
0
-1
0
1
4
1
1
0
-1
3
3
4
3
2
6
7
7
8
6
6
8
9
8
8
9
11
14
12
11
8
11
11
11
14
14
13
11
12
8
7
8
10
11
7
8
10
9
8
10
9
6
9
9
11
6
7
9
9
13
12
14
10
8
9
9
11
11
10
9
14
15
13
11
14
12
8
11
13
15
14
13
16
14
11
12
14
15
14
15
14
13
13
11
14
15
12
11
11
12
11
10
9
10
11
12
13
10
9
10
11
11
9
5
6
11
10
8
8
10
9
6
3
5
9
8
9
8
7
8
4
5
6
6
8
9
9
12
13
14
15
12
20
18
17
17
10
15
12
17
15
13
17
16
17
15
12
13
13
13
12
15
15
12
12
11
10
12
14
12
13
11
14
17
13
12
12
12
15
10
7
15
15
16
11
14
11
12
18
16
14
15
17
15
13
11
18
14
14
19
18
17
17
20
20
19
16
20
23
20
18
21
18
17
17
14
21
16
16
18
14
16
7
12
10
10
16
12
15
17
14
12
15
16
20
19
16
17
17
21
19
18
18
14
15
16
11
8
8
12
12
8
8
5
8
11
11
7
9
10
12
7
5
8
7
9
10
11
8
9
9
11
8
8
8
7
15
11
9
8
7
8
2
2
2
3
4
1
-2
-1
1
0
-1
-1
-1
0
0
4
1
1
4
7
2
4
11
8
7
4
10
7
5
5
4
8
4
3
0
0
0
1
0
0
1
0
0
-3
-2
1
0
5
1
3
0
2
4
-2
2
1
0
1
0
1
-3
-7
-6
-8
-6
-2
-1
0
-1
0
1
2
3
0
4
2
5
5
2
6
2
5
4
2
-5
-1
-2
-4
-2
-4
-4
-7
-2
-9
-2
-9
-4
-2
-5
-1
0
9
4
8
5
1
6
6
8
5
4
5
6
5
5
0
-6
-3
2
0
-5
-6
-3
1
1
-3
-4
-1
3
0
-2
0
2
1
-2
0
-2
-4
-5
-4
-2
-6
-2
-4
-4
-4
-7
-3
0
-5
-4
-1
-1
1
-1
2
1
-2
5
3
4
0
-2
-1
-6
-7
-5
-4
2
-7
-7
-6
-9
-3
-2
0
-1
2
3
6
3
1
2
7
7
2
1
1
2
-4
-2
-3
-4
-6
-4
-13
-8
-7
-7
-5
-10
-6
-8
-6
-6
-2
-2
-1
1
-2
0
1
-1
0
0
-1
2
1
1
3
0
4
-4
-1
5
0
9
-4
3
-1
-1
1
-5
3
-6
-2
2
1
3
0
-3
2
-1
-2
-1
0
4
2
1
-2
7
4
5
5
5
10
8
2
6
6
6
5
1
5
5
9
7
6
3
2
2
2
3
3
1
4
6
5
3
5
7
1
3
11
12
4
3
3
3
3
4
5
1
-2
-1
-4
-5
-4
2
2
-4
-1
-3
0
-7
-5
-5
-3
0
-9
-3
-6
0
-2
-3
0
-1
2
4
3
0
2
2
3
-2
-3
-7
-3
1
-9
-9
-19
-11
-13
-11
-15
-13
-9
-12
-7
-11
-4
-5
2
0
12
4
5
9
8
8
-1
4
-3
-1
0
-5
-3
-13
-11
-12
-19
-12
-16
-15
-14
-18
-4
-2
-3
-1
-5
6
1
2
2
5
8
4
1
-3
0
-3
-1
-11
-12
-12
-3
-1
-6
-2
-6
-2
-4
-4
-6
-1
10
12
10
11
2
8
6
7
6
1
13
6
5
0
0
-3
-5
-3
-6
-2
-1
-1
-9
-7
-3
1
-1
-4
2
-3
5
-1
0
3
1
13
6
14
6
11
7
5
11
3
8
3
12
12
10
6
-1
4
4
4
0
7
10
12
7
2
10
6
16
13
4
10
7
17
11
15
12
5
16
12
17
16
19
21
22
19
18
21
15
13
4
13
11
4
2
-5
0
-1
-2
-8
-5
-1
-10
-16
-27
-20
-28
-37
-25
-29
-6
-8
1
19
18
33
20
29
24
17
13
2
13
12
28
34
26
18
-3
-29
-73
-102
-126
-147
-163
-190
-178
-167
-142
-125
-98
-68
-26
12
36
55
61
118
133
169
178
188
216
226
282
301
347
352
344
345
327
316
264
245
237
235
234
228
233
191
129
67
13
-47
-134
-195
-225
-222
-227
-236
-202
-148
-93
-83
-98
-137
-196
-270
-354
-397
-435
-425
-395
-323
-214
-138
-90
-49
-6
-14
-78
-169
-215
-208
-225
-268
-287
-239
-151
-79
-49
-30
-17
-32
-46
-94
-66
-32
19
77
153
292
419
486
451
410
318
266
193
197
237
304
497
730
974
1139
1254
1371
1429
1366
1254
1124
1045
934
756
657
628
626
558
383
217
41
-146
-369
-569
-689
-739
-741
-739
-681
-574
-438
-334
-261
-222
-140
-108
-115
-126
-106
-84
-198
-342
-463
-496
-595
-787
-967
-1062
-1038
-1035
-1065
-1084
-1015
-911
-841
-813
-801
-793
-842
-887
-944
-979
-1063
-1130
-1175
-1163
-1029
-868
-637
-374
-10
394
782
1198
1634
2091
2489
2823
3171
3424
3635
3672
3594
3452
3145
2739
2155
1524
879
172
-536
-1186
-1758
-2283
-2748
-3010
-3057
-3041
-2997
-2834
-2500
-2063
-1692
-1267
-700
-103
386
736
1109
1482
1709
1689
1588
1435
1187
762
276
-120
-536
-940
-1333
-1632
-1872
-2165
-2412
-2553
-2578
-2556
-2448
-2154
-1753
-1313
-828
-215
500
1161
1729
2286
2856
3398
3852
4216
4523
4751
4912
5001
4912
4701
4419
4014
3404
2554
1675
738
-296
-1468
-2678
-3692
-4638
-5363
-6032
-6428
-6458
-6267
-5801
-5320
-4371
-3112
-1874
-643
565
2057
3399
4404
5261
5957
6497
6592
6289
5741
5013
3945
2516
816
-929
-2634
-4515
-6227
-7807
-9032
-9945
-10669
-10863
-10746
-10115
-9176
-8052
-6555
-4907
-3067
-1205
612
2448
4152
5593
6790
7791
8530
8916
8905
8775
8497
7947
7217
6455
5949
5280
4567
3852
3288
3104
2505
1914
1135
778
552
-520
-1509
-2522
-2818
-3715
-5258
-6082
-6505
-6613
-7667
-8226
-7597
-6731
-6317
-6146
-4694
-2525
-925
38
1673
4166
6158
7138
8007
9609
10704
10633
10113
9781
9445
7886
5768
3894
2176
119
-2622
-5027
-6830
-8356
-10029
-11617
-12435
-12542
-12382
-12225
-11675
-10532
-8916
-7415
-5943
-4324
-2447
-481
967
2320
3501
4789
5725
6043
6269
6315
6383
5870
5012
4309
3657
2956
1898
967
564
465
251
108
433
1364
2368
2981
3894
5122
6268
6773
6716
7040
7023
6138
4485
2818
1739
-262
-3081
-5621
-7199
-8272
-10445
-12355
-12746
-12118
-11720
-12009
-10935
-8264
-5762
-4181
-2444
785
4382
6479
7911
10041
12556
14050
13945
13886
14166
13521
11782
9389
7293
5037
1882
-1367
-4450
-7052
-9471
-11985
-13889
-15144
-15620
-15633
-15475
-14657
-13072
-11091
-9078
-7144
-4767
-1922
347
2319
4172
6284
8136
8956
9646
10210
10673
10324
9269
8256
7144
5711
3739
1829
205
-1158
-2570
-3701
-4148
-4138
-3690
-2924
-1657
-74
1679
3616
5402
6735
7541
8409
8792
7914
6161
4271
2989
439
-3071
-6179
-7953
-9220
-12030
-13924
-13953
-12666
-12294
-12669
-10687
-7293
-4511
-3301
-1473
2443
5950
7602
8684
11138
14097
15189
14919
15431
16423
16019
13882
11691
10405
8197
4550
550
-2661
-5358
-8742
-12030
-14553
-16250
-17340
-18015
-18031
-17510
-16294
-14356
-12243
-10277
-8052
-5010
-2197
-156
1628
3891
6559
8139
9003
9791
10839
11754
11340
10492
9448
8175
6740
4631
2523
382
-1682
-3244
-4557
-5369
-5500
-5299
-4519
-3324
-1468
968
2875
4669
6013
7357
8677
8714
7790
5721
4082
2938
401
-3132
-6399
-7558
-8198
-10493
-12496
-12002
-9695
-8850
-9449
-7734
-3717
-913
-528
404
3864
7115
7814
7893
9951
12570
13146
12294
12736
14056
13556
11107
8913
7820
6024
2489
-1277
-4272
-6885
-9428
-12173
-14148
-15422
-16111
-16038
-15777
-14778
-13039
-11288
-9371
-7685
-5324
-2619
-1021
648
2008
3932
5441
6075
7200
8011
8849
8756
8360
8435
7923
6532
4157
2194
917
-805
-3474
-6087
-7274
-7435
-7760
-8109
-7353
-5451
-3156
-973
1742
4874
7785
9627
10762
11781
13097
13194
10665
7513
5630
4993
1643
-3403
-6454
-6812
-7558
-11232
-13080
-11370
-9229
-10050
-11574
-8746
-4010
-2594
-3823
-2417
2664
6166
5775
6238
10023
13549
13939
13115
14718
16695
15389
12231
10062
9138
6593
1775
-2557
-5676
-8472
-11346
-14186
-16112
-17306
-17707
-16973
-16145
-15012
-13198
-10942
-8634
-6922
-4487
-1632
381
1577
2776
5289
7310
8063
8500
9483
10790
10560
9743
9255
8679
6841
4047
2099
685
-1334
-4221
-6379
-7233
-7347
-7703
-7799
-6895
-5100
-2932
-847
1451
3996
6443
7838
8724
9260
10765
11046
8640
5873
4490
5534
3242
-1527
-4263
-3918
-3313
-7441
-10271
-8899
-7130
-8785
-12233
-10130
-5424
-4777
-7025
-6219
-342
4083
3706
4085
8410
13091
13935
12958
14354
16379
15080
11577
9104
7989
5543
806
-3217
-6042
-7990
-9872
-11746
-12777
-13595
-13232
-12061
-11326
-10829
-10084
-9012
-8180
-8236
-7530
-5880
-5100
-5084
-4565
-1691
1559
3153
4351
6711
9839
11550
11859
12386
12631
11300
8848
6586
5079
2552
-1001
-3901
-5523
-5808
-6436
-6927
-6238
-4744
-2357
-200
2116
4931
7039
8448
9251
9649
10916
10895
8435
5644
3700
4489
2635
-1790
-4245
-4686
-3963
-7450
-10117
-8988
-8172
-9865
-13435
-11911
-7818
-7575
-10076
-9647
-4167
389
550
1226
6112
11096
13009
12992
15180
18254
17237
14506
12402
11731
9796
4632
408
-2416
-4398
-6433
-8896
-10375
-11249
-11430
-11000
-10887
-11348
-11290
-11116
-11278
-12063
-12404
-11072
-10526
-10669
-9907
-7072
-2982
-599
1687
5148
9107
12029
13298
15039
16217
15445
13398
11787
10763
8158
3991
499
-1137
-2208
-3890
-5516
-6006
-5338
-4259
-3030
-1470
650
2757
4156
5179
5945
8195
9400
7545
5235
4313
6636
5165
632
-1764
-1402
-386
-4910
-7962
-7002
-6326
-8969
-13594
-12028
-8141
-8563
-12109
-11995
-6162
-2001
-2391
-1903
3583
9001
10680
11190
14407
18316
17819
15620
14655
14915
13381
8539
4384
1482
-867
-3320
-6290
-8887
-11133
-12275
-12425
-12966
-14215
-14696
-14622
-14823
-15240
-14945
-13045
-12378
-12429
-11007
-7395
-3167
-1254
758
4774
9265
12303
13671
15494
17245
16902
15445
14170
13076
10350
6014
2456
393
-1416
-3727
-5852
-6607
-6501
-6050
-4827
-3239
-1097
564
2039
3862
5215
7286
8025
6513
5002
4130
6119
4891
765
-1533
-1816
-304
-3978
-7309
-6886
-6411
-8262
-12849
-12225
-8649
-8754
-12122
-12735
-7393
-2649
-2478
-2145
2938
9009
12017
12970
15975
20189
20598
18963
17724
17777
16391
11301
6459
2892
26
-2979
-6894
-10289
-12750
-14405
-14977
-15608
-16681
-16429
-16054
-15910
-15948
-15190
-12287
-11334
-11452
-10149
-6630
-2297
-914
930
5168
9704
12625
13456
15776
18358
18180
16283
14632
13955
11533
6838
2767
497
-1374
-3664
-5941
-7046
-6875
-6292
-4927
-3484
-1968
-87
1279
2739
3674
5580
6274
4542
2907
2593
4918
3151
-352
-2138
-1085
-339
-4693
-6528
-5718
-5031
-8670
-12528
-10060
-7229
-8739
-12681
-11308
-5211
-2201
-3044
-1773
4402
9624
11064
12032
16064
19820
18898
16780
16166
16664
14036
8449
4392
1487
-1040
-4589
-8082
-10550
-12650
-13484
-13646
-13884
-14282
-14216
-13376
-12738
-12582
-11410
-9579
-8687
-8733
-7600
-4255
-1569
-257
1207
4546
8258
10002
11333
13085
14517
13929
12278
11736
10916
8215
4192
1449
530
-848
-2912
-4442
-4412
-3434
-2746
-1829
-388
1049
2229
3206
3620
4752
5401
4745
3304
1316
2537
2575
318
-2267
-3324
-1372
-3205
-5862
-6637
-5959
-6522
-10308
-10410
-7646
-6957
-9907
-11287
-7033
-2419
-2241
-2836
877
6094
8636
9115
11940
16238
16518
14570
14170
15426
14889
9994
5755
3657
1554
-1485
-4908
-6904
-8676
-10654
-11682
-11109
-10970
-11502
-12030
-11825
-11373
-11236
-9874
-9230
-9482
-9795
-8019
-4544
-3267
-2535
-509
3359
6564
7445
9335
12038
13506
12716
11440
11753
11305
8579
5087
3182
2529
927
-1296
-2824
-2937
-2558
-2133
-1545
-772
-73
471
983
2029
3124
2415
892
-693
607
1063
-1581
-3967
-4854
-2905
-4737
-7253
-6595
-4900
-4906
-8616
-7962
-3428
-1668
-4247
-5856
-1681
2727
2486
1472
4546
8568
9416
8765
11028
14908
14701
12369
11339
12516
12734
8816
5315
2989
1075
-1245
-4256
-5898
-7962
-10162
-11263
-11212
-10942
-11486
-11904
-11661
-11615
-11272
-10019
-9208
-9246
-9793
-8566
-5876
-4096
-3074
-1665
1269
4401
6289
8436
10868
12731
12900
12011
12517
12575
10671
7024
4464
3770
2370
-274
-2520
-2954
-2920
-2748
-2693
-1156
222
217
602
1993
3657
3168
1083
-100
644
-644
-2878
-4838
-5026
-5103
-8193
-8594
-7056
-5187
-6082
-7837
-5109
-1733
-893
-2000
-1130
2158
3606
2648
3321
6205
8063
7411
6934
9778
12216
11348
9766
9477
11201
10566
7381
5170
3379
2181
-497
-3498
-5117
-6697
-8606
-10554
-11292
-10515
-10244
-11216
-11787
-11073
-9025
-8194
-8637
-8557
-7615
-5661
-4680
-3961
-2536
-1051
899
2571
4827
7015
8249
9228
9953
10580
10539
10013
9016
7327
5294
4012
3104
1913
575
-481
-206
-111
312
1033
1397
1696
1969
2544
2137
625
-685
-411
-1825
-4572
-6292
-6087
-5401
-8121
-9321
-7614
-5411
-5597
-7272
-4670
-1380
-1010
-2372
-1587
2093
3221
1611
1693
4513
6498
6023
5586
7796
9922
9484
8689
8988
9938
8942
6577
5060
3712
1995
-442
-3120
-5028
-6758
-7968
-8881
-10402
-10758
-10315
-9538
-9438
-9790
-8409
-6918
-6523
-6665
-5879
-4099
-3266
-3348
-2179
-52
1583
2474
3659
6093
7858
8459
8929
9434
9735
8803
7313
6270
5075
3647
1766
358
60
164
222
214
541
1510
2826
3321
4058
3925
3126
1707
161
604
-1386
-4508
-7315
-7788
-6674
-8921
-10152
-9114
-6934
-6427
-7826
-5265
-1023
-47
-2147
-2297
1856
4725
2661
811
3213
6074
6072
4381
6161
9508
9286
7724
7647
9937
10268
6828
4256
3219
2493
-105
-4027
-6519
-7971
-9142
-10438
-11739
-11921
-10931
-10374
-9590
-8864
-6792
-4666
-4593
-4226
-3235
-917
-28
-904
-754
421
2135
2684
2881
4021
5056
5711
6139
6702
7041
6383
5244
4483
3899
3303
2474
1406
1078
1302
2165
3229
3739
4579
5314
6228
7148
6594
5305
2979
1398
438
-2644
-6045
-9096
-9747
-10392
-12755
-12722
-11036
-8825
-8645
-7981
-3701
327
1225
755
2674
6176
7147
5334
5413
7066
7394
5827
4954
7022
8095
6543
5266
5902
7268
6210
3474
2078
963
-742
-3450
-6093
-7635
-9279
-10712
-11756
-11936
-10862
-9783
-8891
-7973
-6300
-3465
-1628
-1003
-694
367
1869
1757
1079
834
1120
1214
635
747
1584
2147
2299
2520
3373
4121
3875
3373
3154
3172
2780
1768
1242
1455
1941
2277
2787
4032
5252
6089
6471
7350
7242
5886
3673
1625
618
-2849
-6300
-9094
-9985
-10576
-13166
-12924
-10987
-8439
-7775
-7284
-2916
1353
2752
2453
4031
7771
8803
6831
6650
8539
9298
7319
5844
8019
9564
7902
5712
5722
7422
6260
2809
531
-594
-1889
-5061
-8308
-9740
-10742
-11785
-13224
-13642
-11996
-10419
-9277
-8574
-6745
-3460
-1457
-455
347
2013
3701
3507
2986
3409
4101
3928
2728
2277
3111
3148
2435
1617
1580
2002
1177
298
-285
-308
-224
-822
-1028
-243
1219
2698
3510
4569
6336
7610
8527
8078
6872
5355
3197
1483
-1684
-5513
-8429
-10186
-11131
-13214
-14077
-12278
-9890
-8815
-8033
-4352
807
2988
2799
4631
8679
10752
8907
7847
10181
11430
9568
7274
8146
10087
8459
6058
5256
5642
4779
1407
-808
-2529
-4644
-6906
-9530
-11214
-12788
-13746
-13651
-13754
-13111
-11502
-9320
-7476
-6015
-3373
25
2164
2902
4225
6387
7870
7210
6362
6966
7112
5905
4148
3539
3636
2097
199
-622
-719
-1330
-3034
-3817
-3594
-3680
-3690
-3305
-2121
-720
527
2864
4751
6317
7479
9045
10247
9079
7248
5403
4688
1944
-2375
-5835
-7656
-8855
-12079
-13798
-12896
-10989
-10752
-11176
-8200
-3344
-478
-213
1122
5053
8222
8348
7937
9544
11378
11060
9557
9327
10351
9896
7906
6062
5158
4397
2097
-896
-3441
-5125
-6432
-8641
-11159
-12497
-12378
-12092
-12942
-13038
-11249
-9103
-8151
-7363
-4671
-1632
-37
512
2309
5061
6527
6455
6407
7502
8054
7431
6349
5522
5006
3821
2461
1216
-8
-985
-1963
-3080
-3845
-3890
-3487
-2991
-2694
-884
1677
3479
4947
6595
9240
11103
11309
10454
9252
7800
6471
3621
-405
-3935
-6675
-8106
-11462
-13958
-13971
-13071
-12609
-13560
-11147
-6327
-3585
-3131
-1639
3392
7724
7755
7479
10217
13139
12921
10765
11229
13094
11593
8232
6344
6481
5197
823
-2637
-4266
-5835
-8429
-11427
-12722
-13723
-14750
-15072
-14942
-14129
-13184
-11330
-9237
-7630
-5401
-2389
147
1229
2275
4698
6846
6877
6475
7415
8653
8215
6572
6284
6776
5983
4136
2915
2957
1873
-310
-1555
-1604
-1932
-3501
-4013
-2393
-640
378
1516
3884
6596
8067
9733
10975
10971
9636
7996
7313
4510
418
-3005
-5198
-7423
-11117
-12897
-12684
-12770
-13776
-13530
-9931
-6315
-5232
-4471
-1221
3539
6314
6756
8165
10875
12379
12358
12200
13343
13548
11622
9623
8445
7823
5701
1995
-1491
-3951
-5733
-7919
-11159
-13964
-15585
-16149
-16259
-16775
-16357
-14969
-13003
-11004
-8757
-5478
-2193
-247
1043
3211
5926
7453
7263
7054
7698
8174
7603
6674
5961
5326
4301
3390
3163
2495
1088
-83
-501
-372
-1115
-2176
-1972
-1238
-38
1071
2449
4293
5594
7247
9201
9879
9416
8353
7481
6408
3148
0
-2373
-4729
-7721
-11237
-11845
-11240
-11957
-13444
-13174
-9247
-5974
-5613
-4902
-1538
3212
5236
5102
7084
10425
12029
11268
10862
12839
13636
11529
9255
8287
7951
5425
1456
-1300
-3531
-5779
-8830
-11761
-13369
-14668
-15596
-16495
-16509
-15029
-13405
-12039
-10764
-7977
-4225
-1630
-164
1617
4724
7149
7538
7665
8679
9730
9234
7760
7282
7161
6080
4277
3092
2841
2066
507
-514
-652
-722
-1446
-1963
-1488
-818
-97
610
1869
3211
4145
5511
6497
6748
6337
5720
5519
3578
683
-1423
-3075
-4940
-8857
-11428
-11354
-11379
-12538
-14232
-12518
-8652
-6852
-6299
-4298
353
4534
5523
6687
9841
12656
13226
11998
12541
13981
12832
10138
7764
7145
6026
2504
-868
-3118
-4614
-6669
-9501
-11218
-12013
-12817
-13690
-14453
-13617
-12062
-11196
-10561
-9361
-6203
-2841
-1089
45
2247
5623
7806
8083
8531
9917
10490
9276
7775
7544
7184
5079
2458
1225
1138
284
-1632
-2777
-2569
-1999
-1942
-2174
-1376
63
1345
2251
2840
4177
5694
6695
6456
5497
5352
5317
4347
1360
-1548
-2812
-3892
-6366
-9946
-11343
-10781
-10825
-12398
-12818
-9883
-6558
-5305
-4909
-1891
3092
5923
6496
7498
10418
12707
12235
11299
11423
11652
10119
7530
6099
5118
3118
155
-2202
-3489
-4947
-6976
-8716
-9806
-10671
-11440
-12055
-11916
-11505
-11036
-10158
-9152
-7163
-4751
-2582
-608
1291
4188
6891
8256
9033
9978
11207
11054
9460
8309
7587
6282
3565
930
29
-854
-2504
-4288
-4829
-3955
-3591
-3474
-2781
-1219
706
1963
2971
4183
5469
6474
6565
5881
5153
4365
3420
1426
-1320
-3208
-4535
-5999
-8487
-10431
-10198
-9841
-10403
-10974
-9387
-6280
-4867
-4387
-2391
1270
3969
4377
5410
8128
10106
9834
9102
10163
11253
9971
7586
6622
6553
5048
1942
-471
-1563
-3043
-5358
-7564
-8660
-9472
-10777
-11667
-11612
-11065
-10725
-10369
-9228
-7216
-5198
-3468
-1705
470
3224
5564
7202
8330
9593
11150
11621
11133
10135
9415
8630
6519
4173
2239
702
-1110
-3551
-4861
-4920
-4991
-5441
-5533
-3914
-1529
118
1144
2659
4824
6696
7492
7206
6814
6189
5442
3696
876
-1428
-3240
-4920
-7652
-10073
-10364
-10163
-10789
-11863
-10721
-7622
-5857
-5414
-4000
-292
2943
3744
4434
6877
9541
10032
9205
9468
10678
10177
8012
6154
5180
3999
1225
-1673
-3521
-5104
-6978
-9241
-10720
-11225
-11553
-12066
-12394
-11769
-10353
-8869
-8087
-6869
-4613
-1974
28
1246
3412
6149
8208
9095
9916
11558
12538
12076
10921
10399
9820
7971
5214
2948
1553
-304
-2708
-4614
-5215
-5268
-5503
-5386
-4072
-1976
-127
1503
3132
5221
6970
8049
8065
7185
6361
5529
4075
834
-2393
-4275
-5529
-8014
-11156
-11799
-10805
-10583
-11799
-11124
-7301
-4371
-3864
-3299
273
4485
5493
5114
6658
9523
10294
8741
8273
9608
9481
6804
4284
3889
3694
904
-2890
-4894
-5309
-6440
-9207
-11390
-11802
-11635
-11950
-12675
-12105
-10493
-9350
-8483
-7309
-4538
-1759
-387
676
2669
5988
8183
8669
9065
10516
12234
12223
11138
10479
10172
9053
6643
4651
3435
1837
-683
-3036
-3772
-3774
-4183
-4969
-4509
-2752
-595
1039
2184
4011
5850
7633
8007
7339
6838
6161
5177
2119
-999
-2727
-4173
-6506
-10074
-11273
-10330
-10249
-11561
-11912
-8667
-5376
-4812
-4618
-1652
2856
4448
3883
5069
8493
9999
8542
7526
9019
10209
8078
5321
4521
4791
3066
-498
-2936
-3896
-5146
-7784
-10410
-11475
-11801
-12397
-13337
-13456
-11920
-10172
-8727
-7630
-5516
-2271
357
2060
3319
5667
8038
9201
9494
10033
11283
11528
10718
9900
9535
8875
7035
4955
3478
2093
254
-1887
-3568
-4305
-4863
-5118
-5029
-4457
-2708
-999
851
2375
3779
6057
7029
7015
6212
5591
5382
2930
-117
-2471
-3856
-5668
-9161
-11121
-10997
-10786
-11816
-12604
-10484
-7347
-6023
-5472
-2999
1178
3981
4568
6005
9113
11168
11138
10485
11507
12359
10865
8699
7258
6697
4831
1490
-1184
-3111
-5099
-7769
-10455
-12024
-13174
-14173
-14786
-14711
-13642
-12314
-10591
-8740
-6345
-3485
-830
1485
3429
5690
7770
9170
9998
10830
11706
11823
11438
11080
10748
9692
7834
6257
4971
3286
795
-1311
-2447
-3543
-4829
-5708
-5185
-4169
-3514
-2426
-711
1349
2707
3631
4638
4917
4385
3355
2529
941
-1543
-3895
-5377
-6671
-9068
-10638
-10700
-10259
-10659
-11066
-8996
-6306
-5029
-4439
-2159
1854
4159
4733
6118
9096
11182
11002
10722
11891
12592
11224
9146
8148
7743
5529
2266
-351
-2066
-4130
-7214
-9808
-11448
-12622
-13905
-14800
-14587
-13647
-12495
-11231
-9303
-6744
-4060
-1832
180
2592
4784
6523
7555
8554
9816
10402
10423
10377
10551
10622
9618
8294
7564
6622
5172
2973
1281
316
-1000
-2349
-3441
-3409
-2895
-2521
-2186
-1359
16
1131
1611
1387
1361
1185
567
-816
-2766
-3972
-4997
-6083
-7629
-8964
-8692
-8223
-8108
-8307
-7482
-5053
-3546
-2999
-2134
288
2980
3737
4045
5801
8339
9386
8942
9249
11101
11775
10362
9115
8973
8991
6561
3351
1660
50
-2549
-6558
-9259
-10506
-12494
-14757
-16357
-15937
-15059
-14859
-13808
-11610
-8563
-6090
-4026
-1197
1951
4594
6334
7889
9944
11766
12268
12088
12174
12850
12585
10576
8670
7666
6774
4388
1144
-708
-1406
-2564
-4661
-5706
-4633
-3353
-2890
-2312
-451
2039
3318
3803
4270
4492
3855
2451
718
-1503
-3946
-6251
-7912
-9897
-11815
-12249
-11537
-10787
-10760
-9485
-6233
-3274
-1978
-662
2405
5841
6949
6831
8517
10965
11705
10186
9757
11335
11723
9633
7456
7453
7474
5118
1589
-79
-1040
-3552
-7324
-10010
-10906
-12444
-14583
-15992
-15614
-14567
-14005
-12822
-10799
-8112
-5648
-3490
-797
1797
4026
5669
7083
8915
10161
10700
10780
10770
11128
10665
9316
7952
6664
5354
3260
912
-609
-1796
-3180
-4585
-4974
-4083
-3110
-2259
-829
1160
3268
4660
6145
7029
6669
5737
4547
3326
265
-3159
-5517
-7521
-10141
-13190
-13870
-13079
-12957
-13461
-12362
-8423
-5218
-3952
-2435
1307
5508
7006
7320
9317
12319
13198
12046
11641
12876
13109
10943
8707
7844
7277
5007
1723
-619
-2334
-4475
-7373
-10015
-11636
-13071
-14438
-15280
-15354
-14508
-13565
-12267
-10282
-7825
-5027
-2728
-479
1980
4307
6219
7230
8317
9588
10115
9720
9188
9440
9352
7802
6002
5224
4897
3318
796
-542
-801
-1559
-3167
-4134
-3392
-2451
-2167
-1639
-254
1507
2696
3707
4606
4603
3874
3208
2596
492
-2517
-4609
-5837
-7743
-10849
-12211
-11399
-11061
-11906
-11859
-8753
-5277
-4016
-2805
406
4769
7034
7521
9431
12286
13729
13012
12422
13520
13939
12035
9414
8252
8075
6181
2518
-341
-1742
-3345
-6470
-9531
-10946
-11918
-13451
-15059
-15198
-13951
-12993
-12382
-11102
-8467
-5309
-3102
-1455
820
3558
5705
6612
7225
8385
9244
8973
8003
7612
7563
6565
4715
3425
2914
1982
48
-1407
-1649
-1912
-2770
-3502
-2765
-1511
-726
161
1488
3311
4608
5617
6580
6593
5744
4513
3677
1942
-1226
-4086
-6012
-7640
-10452
-12642
-12669
-12278
-12616
-12933
-10696
-7104
-4960
-3779
-1165
3274
6577
7587
8726
11443
13595
13553
12504
12921
13714
12370
9827
8186
7859
6479
3210
401
-1017
-2508
-5134
-7996
-9522
-10419
-11758
-13087
-13567
-12906
-12079
-11300
-10172
-8222
-5679
-3571
-1639
299
2749
4757
5729
6666
7650
8515
8178
7371
7000
6601
5393
3589
2302
1516
288
-1585
-2716
-2938
-3174
-3742
-3962
-2898
-1520
-514
833
2400
4162
5358
6355
7356
7172
6440
5437
4454
2528
-490
-2705
-4226
-6210
-9290
-11330
-11139
-10868
-11905
-12691
-10591
-7297
-5653
-4941
-2454
2021
5076
5993
7262
10293
12827
12677
11797
12324
13325
12186
9420
7609
7024
5552
2326
-640
-2292
-3738
-6286
-8921
-10208
-10790
-11820
-13133
-13242
-12017
-10965
-10260
-9172
-6856
-4145
-2159
-207
1777
4134
6011
7124
8220
8963
9504
9202
8471
7946
7069
5727
3806
2279
1238
-184
-1916
-3154
-3362
-3444
-3885
-3981
-2782
-1171
-228
737
2102
3870
4838
5228
5841
5770
5171
3922
3043
1828
-585
-2635
-4320
-5566
-7624
-9684
-9977
-9968
-10303
-10771
-9638
-7020
-5506
-4638
-2696
679
3512
4516
5592
8104
10148
10389
9973
10440
11279
10226
8235
6980
6435
4973
2078
-341
-1867
-3337
-5802
-8268
-9649
-10578
-11661
-12841
-12953
-12176
-11313
-10386
-8863
-6484
-3931
-1636
577
3111
5453
7411
8801
9859
10839
11000
10672
9919
9082
8024
6146
4109
2418
1061
-626
-2523
-3714
-4050
-4217
-4443
-4045
-2912
-1423
-137
1354
3140
4537
5488
6395
7059
6846
5765
4650
3824
1907
-834
-3206
-4658
-6461
-9301
-11053
-11126
-10935
-11894
-12349
-10267
-7554
-6200
-5355
-2864
1058
3409
4374
6194
8874
10791
10723
10654
11730
12149
10730
8873
7859
7169
5041
1869
-327
-2018
-4136
-7103
-9574
-10857
-12091
-13574
-14698
-14518
-13476
-12723
-11586
-9464
-6601
-3713
-1555
1228
4403
7026
8983
10088
11606
12695
12654
11930
10836
10170
8701
6288
3996
2142
731
-1371
-3537
-4509
-4857
-4941
-5333
-4835
-3280
-1862
-411
1012
2973
4538
5455
6440
7168
7179
6068
5022
4266
2577
-134
-2654
-4063
-5678
-8434
-10548
-10643
-10317
-11078
-11843
-10247
-7284
-5832
-5136
-2986
879
3593
4305
5715
8593
10861
10819
10169
10995
11861
10771
8533
7094
6409
4587
1528
-1064
-2755
-4644
-7413
-9997
-11349
-12218
-13381
-14430
-14562
-13390
-12180
-11133
-9553
-7129
-4156
-1918
138
2595
5232
7366
8413
9467
10613
11167
10875
9980
9523
8780
7036
4978
3376
2464
840
-1357
-2672
-2826
-2861
-3607
-3837
-2712
-1219
-353
420
1975
3606
4527
5049
5906
6198
5453
4376
3731
2791
247
-2257
-3768
-5031
-7380
-9958
-10440
-10088
-10535
-11277
-10151
-7211
-5274
-4355
-2314
1588
4856
5959
6881
9423
12030
12277
11247
11215
12133
11389
8758
6654
5857
4692
1667
-1613
-3545
-5032
-7382
-10224
-12006
-12769
-13777
-14948
-15298
-14320
-13015
-12017
-10604
-8246
-5447
-3003
-789
1736
4457
6527
7907
9241
10652
11424
11057
10386
9954
9332
7761
5597
3933
2876
1445
-573
-2081
-2432
-2424
-3152
-3550
-2740
-1179
-283
-80
1113
2880
4186
4463
4716
5182
4944
4049
3140
2250
337
-1918
-3629
-4871
-6813
-9173
-10102
-10083
-10414
-11191
-10489
-7907
-5794
-4718
-2943
650
4138
5788
6925
9215
11639
12195
11547
11615
12247
11323
9004
7238
6494
5119
2128
-587
-2252
-3757
-6326
-9196
-10738
-11633
-12909
-14395
-14913
-14103
-13236
-12538
-11153
-8954
-6269
-3940
-1747
772
3331
5660
7159
8295
9448
10342
10473
9717
9091
8555
7609
5832
4017
2926
1823
417
-1066
-1618
-1812
-2330
-2772
-2303
-1069
-326
122
997
2652
3832
4353
4941
5461
5341
4254
3463
2759
901
-1541
-3482
-4614
-6515
-9030
-10042
-9897
-10132
-11214
-10896
-8353
-6155
-5269
-4148
-1068
2418
4074
5021
7065
9700
10754
10365
10665
11864
11862
10107
8314
7688
6882
4317
1142
-1070
-2626
-5114
-8385
-10586
-11573
-12864
-14498
-15182
-14231
-13036
-12274
-10779
-8240
-5041
-2580
-287
2584
5537
7852
9093
10336
11554
12050
11658
10721
9882
8751
6994
4965
2966
1512
-79
-2003
-3535
-4063
-4071
-4544
-4878
-3823
-2164
-1057
-179
1295
3436
4701
5442
6198
6589
6201
4961
3988
2816
521
-2169
-4474
-5965
-7755
-10142
-11355
-11272
-10956
-11342
-11015
-8411
-5641
-4292
-3067
-168
3446
5198
5877
7576
9803
10764
10036
9841
10748
10711
8830
6779
6170
5627
3387
349
-1514
-2822
-4755
-7571
-9710
-10526
-11630
-12939
-13986
-13540
-12264
-11647
-10485
-8521
-5657
-3079
-1057
1796
4564
7065
8682
9925
11476
12202
12238
11430
10664
9954
8302
6180
4165
2703
1099
-1121
-2781
-3470
-3880
-4521
-4982
-4268
-2994
-1869
-962
311
2044
3475
4337
5115
5890
5583
4328
3340
2972
1332
-1823
-4219
-5214
-6477
-9261
-11075
-10579
-10029
-10826
-11172
-8550
-5190
-3919
-3254
-587
3526
5828
6238
7347
9714
10990
10076
9270
9947
10129
8040
5449
4625
4419
2363
-726
-2846
-3719
-5212
-7805
-9651
-10493
-11093
-12303
-13008
-12390
-11262
-10212
-9152
-7151
-4553
-1963
367
2589
5052
7198
8888
10086
10908
11387
11228
10661
9905
8913
7426
5537
3786
2357
919
-846
-2467
-3442
-3925
-4281
-4712
-4418
-3509
-2452
-1552
-343
1465
2809
3733
4726
5791
5793
4841
4274
3913
2169
-696
-2749
-3816
-5635
-8733
-10432
-10109
-10011
-11116
-11489
-8830
-5638
-4487
-3483
-332
4152
6434
6907
8798
11695
13042
11960
11200
12068
12086
10048
7425
6100
5299
3135
84
-2432
-4020
-5891
-8608
-10941
-12102
-12896
-14159
-15184
-14812
-13455
-12420
-11271
-9196
-6244
-3405
-1160
1459
4298
6765
8407
9298
10357
11031
10926
10015
8841
8137
6900
5037
3167
1980
974
-713
-2307
-3021
-3064
-3491
-4169
-3936
-2790
-1835
-1226
-235
1539
3017
3766
4732
5635
6000
5282
4446
4017
2494
-9
-2403
-3856
-5465
-8308
-10311
-10537
-10524
-11378
-11759
-9572
-6601
-5194
-3958
-968
3329
6033
7000
8978
11865
13609
13221
12683
13520
13669
11821
9373
7953
7063
4699
1322
-1251
-3044
-5124
-8079
-10464
-11626
-12656
-13878
-14838
-14366
-13111
-12245
-11035
-9139
-6362
-3800
-1762
827
3262
5410
6806
7778
8898
9273
9086
8274
7378
6712
5532
3898
2240
1156
259
-1171
-2516
-3134
-3236
-3522
-3900
-3486
-2387
-1437
-764
465
2303
3724
4342
5191
6323
6408
5331
4266
3882
2365
-678
-3319
-4642
-5913
-8655
-10921
-11073
-10496
-10859
-11345
-9525
-6214
-4181
-3193
-961
3168
6466
7421
8455
11010
13470
13611
12587
12905
13617
12598
10049
8199
7373
5587
2306
-792
-2626
-4417
-7157
-9870
-11268
-11975
-13043
-14016
-13863
-12728
-11682
-10741
-9163
-6874
-4514
-2419
-406
1662
3613
5335
6545
7273
7827
8164
7985
7170
6403
5812
4751
3168
1831
1181
328
-1154
-2248
-2337
-2196
-2744
-3189
-2515
-1271
-717
-400
796
2401
3213
3358
4086
4693
4162
2832
2044
1430
-627
-3183
-4823
-5595
-7240
-9516
-10138
-9492
-9275
-9804
-9009
-6214
-4000
-3129
-1721
1492
4780
5960
6606
8758
11320
12158
11507
11698
12844
12583
10671
8841
8052
6950
4103
1029
-1093
-2764
-5185
-8085
-9929
-10979
-12130
-13300
-13681
-13062
-12200
-11386
-9969
-7953
-5627
-3386
-1187
1231
3380
5388
6981
8255
9103
9324
9319
8843
8081
6816
5277
3845
2431
1066
-489
-1864
-2749
-3136
-3445
-3785
-3740
-3065
-2007
-1182
-301
1029
2475
3598
4276
5123
5763
5390
4544
3727
2940
1053
-1555
-3362
-4724
-6555
-9060
-10427
-10202
-10179
-10850
-10783
-8571
-5897
-4595
-3575
-908
2811
5091
5909
7463
10267
12068
11847
11535
12462
13059
11445
9018
7843
7139
4842
1153
-1437
-2825
-4826
-7933
-10429
-11185
-11823
-13176
-14158
-13460
-11946
-11096
-10189
-8236
-5444
-2993
-1065
1337
3864
5959
7405
8654
9875
10251
9960
9305
8597
7564
5883
4012
2340
1017
-380
-1982
-3119
-3552
-3688
-3964
-3941
-3076
-1974
-1089
-161
1320
2919
3896
4517
5389
6264
6019
4909
3961
3326
1824
-932
-3186
-4614
-6152
-8517
-10437
-10494
-10277
-10730
-10860
-9064
-6202
-4686
-3689
-1264
2414
4937
5656
6993
9565
11404
11166
10492
11104
11705
10322
7803
6386
5811
4009
738
-1853
-3021
-4535
-7159
-9390
-10208
-10536
-11632
-12477
-12007
-10753
-9682
-8864
-7208
-4865
-2510
-556
1275
3362
5173
6554
7457
8067
8357
8128
7605
6746
5743
4617
3353
2098
984
110
-694
-1374
-1698
-1757
-1721
-1613
-1082
-261
428
1152
2176
3462
4278
4742
5495
6291
6282
5269
4432
3938
2559
-31
-2479
-3839
-5348
-8062
-10513
-11061
-10720
-11384
-12296
-11117
-8299
-6326
-5455
-3443
422
3631
4955
6203
8908
11589
12009
11368
11746
12627
11920
9505
7599
6703
5109
2026
-1099
-3105
-4852
-7413
-10156
-11866
-12720
-13633
-14536
-14575
-13465
-12021
-10629
-8812
-6266
-3282
-703
1500
3756
6044
7891
8816
9326
9807
9867
9193
8033
7065
6155
4834
3285
1983
1118
257
-661
-1334
-1620
-1723
-1763
-1471
-806
-108
508
1519
2883
4028
4576
5118
6050
6305
5516
4330
3517
2391
-88
-2781
-4676
-6224
-8506
-11043
-11975
-11663
-11798
-12367
-11523
-8616
-5954
-4657
-2905
614
4359
6202
7133
9239
11822
12683
11897
11674
12325
11803
9519
7363
6388
5037
2067
-1112
-3018
-4444
-6881
-9776
-11520
-12220
-12946
-13955
-14214
-13256
-11828
-10409
-8748
-6507
-3824
-1207
1061
3135
5118
6866
8018
8562
8834
8824
8342
7392
6384
5439
4304
2950
1763
999
233
-561
-1069
-1212
-1169
-1119
-725
0
707
1504
2577
3777
4658
5140
5816
6578
6406
5383
4254
3520
2188
-520
-3130
-4892
-6337
-8654
-11085
-11845
-11555
-11604
-11995
-10949
-8221
-5823
-4459
-2583
833
4090
5585
6540
8582
10767
11194
10332
10156
10723
10075
7893
5969
5153
4103
1595
-1096
-2695
-3876
-5766
-8050
-9442
-10140
-10895
-11657
-11721
-10916
-9956
-8895
-7302
-5042
-2610
-523
1512
3744
5863
7418
8335
8970
9364
9379
8863
7914
6849
5712
4515
3173
1851
730
-296
-1160
-1832
-2218
-2422
-2429
-2096
-1468
-648
227
1269
2398
3410
4225
4874
5304
5078
4393
3627
2672
1053
-1244
-3206
-4673
-6317
-8451
-10183
-10601
-10550
-10904
-11080
-9848
-7583
-5931
-4807
-2758
464
3107
4344
5652
7945
9984
10259
9818
10271
10873
9961
7823
6397
5860
4365
1488
-1075
-2411
-3666
-6018
-8463
-9683
-10199
-11154
-12263
-12306
-11366
-10406
-9636
-8043
-5443
-2910
-749
1496
4211
6775
8497
9713
10785
11547
11567
10884
10013
9058
7631
5619
3624
2162
834
-902
-2691
-3690
-3914
-4168
-4574
-4478
-3509
-2290
-1328
-241
1206
2761
3788
4496
5222
5436
4967
4024
3173
1860
-352
-2449
-4089
-5653
-7778
-9630
-10100
-10145
-10614
-10923
-9776
-7510
-5922
-4928
-2925
277
2944
4207
5553
7922
9924
10290
9987
10381
10901
10021
8054
6548
5573
3958
1359
-1094
-2801
-4519
-6707
-8663
-9865
-10774
-11786
-12408
-12152
-11394
-10611
-9509
-7675
-5368
-2987
-673
1768
4326
6621
8538
9984
11031
11766
11871
11422
10591
9492
8104
6294
4374
2592
867
-867
-2466
-3740
-4526
-5079
-5416
-5351
-4810
-3829
-2763
-1490
0
1468
2763
3939
5024
5441
5165
4678
4147
3005
906
-1107
-2654
-4304
-6475
-8360
-8989
-9274
-9866
-10162
-9141
-7200
-5750
-4572
-2531
355
2723
4171
5783
7962
9563
9873
9858
10328
10529
9467
7631
6212
5191
3432
722
-1728
-3268
-4844
-7129
-9283
-10324
-10755
-11585
-12382
-12120
-10928
-9734
-8801
-7319
-4902
-2369
-330
1431
3603
5899
7498
8397
9065
9844
10034
9391
8443
7707
6883
5304
3399
1955
1069
-209
-1794
-2852
-3217
-3509
-4056
-3980
-3209
-2338
-1686
-827
643
2090
3090
3808
4561
5030
4782
4184
3520
2415
566
-1362
-2782
-4222
-6244
-8084
-8726
-8802
-9281
-9734
-8855
-6850
-5357
-4241
-2288
660
3251
4751
6378
8670
10563
11103
11013
11394
11725
10837
8968
7250
5851
3996
1280
-1497
-3740
-5801
-8155
-10514
-11999
-12759
-13532
-14177
-13923
-12581
-11042
-9559
-7568
-4919
-2162
206
2573
5097
7296
8704
9559
10405
11022
10777
9725
8593
7629
6283
4366
2471
1018
-261
-1782
-3147
-3883
-4112
-4314
-4473
-4005
-2917
-1700
-726
462
2057
3497
4440
5114
5828
5944
5331
4527
3673
2280
110
-1811
-3283
-4989
-7115
-8778
-9181
-9364
-9980
-10175
-8968
-6906
-5481
-4246
-2060
951
3449
4982
6791
9064
10761
11220
11318
11769
11780
10643
8866
7358
5865
3645
806
-1749
-3811
-6005
-8540
-10745
-11981
-12761
-13568
-13998
-13418
-12008
-10580
-9019
-6855
-4077
-1375
816
3038
5345
7372
8635
9309
9885
10146
9724
8626
7416
6311
4904
3067
1334
10
-1140
-2346
-3400
-3865
-3871
-3733
-3415
-2725
-1514
-186
1094
2487
3836
5025
5865
6472
6713
6241
5359
4368
3192
1355
-935
-2797
-4291
-5970
-7917
-9266
-9557
-9689
-10013
-9782
-8345
-6565
-5327
-3851
-1376
1400
3244
4624
6565
8710
9893
10051
10253
10620
10341
9017
7431
6075
4496
2284
-231
-2373
-4266
-6308
-8444
-10089
-11082
-11792
-12400
-12584
-11818
-10556
-9296
-7859
-5756
-3106
-864
1009
3135
5575
7481
8435
9247
10234
10822
10351
9349
8625
7861
6365
4304
2534
1301
-26
-1783
-3237
-3784
-3872
-4190
-4362
-3616
-2278
-1123
-203
1147
2852
4073
4709
5181
5591
5342
4356
3318
2140
406
-1746
-3550
-4984
-6801
-8659
-9633
-9818
-10230
-10677
-9944
-8122
-6522
-5422
-3501
-442
2288
3961
5701
8240
10394
11174
11436
12151
12531
11545
9897
8541
7065
4680
1737
-857
-3143
-5654
-8323
-10597
-12208
-13443
-14375
-14831
-14591
-13753
-12469
-10770
-8697
-6167
-3460
-831
1620
4087
6567
8545
9821
10671
11433
11854
11430
10392
9305
8193
6569
4436
2482
981
-443
-2090
-3486
-4103
-4130
-4037
-3806
-3004
-1610
-157
1117
2505
4030
5240
5805
5999
5971
5501
4341
2743
1024
-917
-2922
-4966
-6928
-8740
-10121
-10825
-11271
-11518
-11193
-9956
-8200
-6543
-4660
-2075
812
3190
5123
7337
9727
11190
11606
11954
12512
12327
10828
9096
7799
6129
3411
447
-1714
-3543
-6008
-8696
-10463
-11285
-12089
-13073
-13451
-12730
-11522
-10404
-9120
-7162
-4530
-1995
103
2044
4313
6711
8291
8966
9451
10228
10541
9630
8299
7384
6547
4869
2657
1092
93
-1157
-2734
-3783
-3871
-3733
-3753
-3416
-2365
-891
331
1433
2778
4149
5068
5363
5384
5171
4567
3379
1781
70
-1591
-3270
-5104
-6903
-8298
-9118
-9739
-10237
-10281
-9440
-8104
-6898
-5473
-3262
-525
1712
3433
5552
8094
9928
10580
11101
12076
12470
11403
9709
8702
7739
5412
2145
-387
-1950
-4112
-7184
-9613
-10667
-11517
-12909
-13860
-13416
-12250
-11380
-10433
-8554
-5878
-3285
-1117
1072
3561
5960
7762
8884
9659
10343
10649
10176
9080
7959
7005
5659
3680
1777
463
-684
-2135
-3440
-3921
-3893
-3890
-3672
-2712
-1270
32
1260
2660
4124
5206
5775
5891
5556
4884
3864
2358
290
-1791
-3497
-5209
-7246
-9112
-10039
-10371
-10869
-11230
-10522
-8890
-7455
-6330
-4425
-1501
1152
2888
4670
7165
9565
10761
11235
12029
12820
12562
11157
9788
8775
7024
4157
1264
-820
-2939
-5884
-8642
-10246
-11227
-12574
-13879
-13836
-12760
-11782
-11008
-9495
-6863
-4149
-2078
-130
2360
4995
6865
7935
8882
9872
10364
9998
9210
8416
7561
6249
4385
2605
1218
-75
-1633
-3096
-3796
-3884
-3917
-3834
-3042
-1549
38
1429
2841
4494
6038
6977
7142
6852
6441
5565
3831
1534
-695
-2635
-4800
-7281
-9361
-10522
-11111
-11877
-12402
-11746
-10064
-8447
-7215
-5356
-2471
453
2545
4362
6709
9129
10689
11379
12011
12784
12923
11944
10469
9154
7634
5222
2156
-664
-3111
-5743
-8571
-10914
-12462
-13529
-14404
-14619
-13834
-12553
-11213
-9583
-7088
-4194
-1754
294
2613
5248
7190
8220
9064
10046
10527
10013
9278
8841
8212
6794
5029
3685
2599
1107
-715
-2151
-3020
-3713
-4383
-4566
-4039
-3054
-2037
-873
787
2673
4239
5214
5750
6005
5814
4995
3648
1745
-483
-2568
-4429
-6302
-8206
-9451
-9721
-9739
-9814
-9171
-7382
-5356
-3970
-2492
-117
2448
4147
5339
6976
8644
9473
9711
10205
10739
10465
9524
8629
7727
6127
3792
1339
-1009
-3639
-6636
-9371
-11403
-12915
-14204
-14970
-14663
-13430
-11801
-10131
-8083
-5287
-2279
256
2175
4174
6404
7994
8630
8918
9489
9782
9114
8050
7371
6848
5598
3773
2313
1274
-67
-1984
-3681
-4647
-5292
-5956
-6368
-5910
-4678
-3239
-1701
234
2576
4746
6328
7385
8001
8029
7377
6081
4157
1821
-544
-2734
-4917
-7051
-8547
-9207
-9530
-9746
-9357
-8026
-6388
-5085
-3791
-2001
143
1981
3315
4636
6154
7506
8290
8802
9475
9928
9689
8944
8237
7400
5763
3486
1200
-1059
-3766
-6652
-8933
-10655
-12388
-13848
-14091
-13226
-12218
-11248
-9550
-6873
-4140
-1951
119
2440
4717
6381
7510
8528
9400
9825
9622
9153
8714
8026
6777
5084
3495
2035
346
-1564
-3352
-4707
-5758
-6498
-6725
-6397
-5548
-4203
-2418
-389
1708
3823
5781
7157
7725
7739
7364
6354
4494
2133
-133
-2329
-4708
-6925
-8350
-9021
-9572
-9930
-9378
-7886
-6299
-5091
-3665
-1509
778
2384
3534
5043
6844
7977
8239
8574
9360
9715
8962
7823
7184
6524
4851
2328
50
-1673
-3764
-6622
-9234
-10789
-11715
-12874
-13861
-13562
-12184
-10725
-9498
-7633
-4836
-2103
-46
1816
4082
6252
7688
8626
9511
10327
10618
10367
9902
9294
8372
6892
5088
3299
1549
-368
-2505
-4351
-5587
-6399
-6893
-6872
-6089
-4707
-3045
-1144
1042
3303
5159
6463
7210
7399
7025
5894
4027
1741
-529
-2772
-5253
-7695
-9264
-9819
-10181
-10653
-10301
-8537
-6343
-4836
-3503
-1148
1788
3834
4888
6201
8115
9464
9621
9489
9793
9911
9004
7453
6189
5134
3426
867
-1641
-3511
-5266
-7522
-9864
-11374
-12000
-12480
-13008
-12902
-11758
-10186
-8786
-7203
-5017
-2504
-354
1358
3172
5183
6877
7913
8623
9360
9954
10046
9742
9289
8632
7540
6051
4561
3055
1283
-765
-2602
-3822
-4651
-5339
-5684
-5233
-3995
-2485
-949
792
2807
4676
5873
6420
6666
6493
5548
3777
1704
-271
-2415
-4776
-7004
-8562
-9394
-9953
-10289
-9929
-8663
-7080
-5574
-3886
-1733
592
2494
4066
5774
7473
8640
9231
9702
10151
10129
9392
8279
7180
5857
3973
1615
-777
-2936
-5137
-7429
-9522
-11089
-12094
-12766
-13034
-12734
-11791
-10431
-8882
-7077
-4995
-2773
-713
1126
3003
4778
6183
7214
8095
8932
9401
9431
9284
9152
8743
7801
6559
5305
4005
2356
512
-1185
-2601
-3742
-4671
-5189
-5124
-4518
-3449
-2163
-734
878
2507
3872
4655
4991
5026
4566
3504
1964
291
-1398
-3279
-5183
-6673
-7671
-8376
-8839
-8811
-8109
-6949
-5682
-4323
-2577
-466
1587
3247
4788
6540
8124
9069
9550
10031
10342
9926
8788
7560
6397
4648
2144
-469
-2640
-4740
-7198
-9532
-11137
-12104
-12860
-13318
-12984
-11892
-10512
-9000
-7090
-4725
-2373
-256
1764
3803
5608
6947
7940
8702
9236
9397
9222
8827
8301
7628
6677
5595
4526
3391
2094
752
-418
-1420
-2336
-3071
-3412
-3357
-3010
-2429
-1585
-482
690
1760
2572
3160
3537
3531
2981
1948
822
-374
-1935
-3765
-5284
-6283
-7215
-8192
-8658
-8200
-7395
-6788
-5934
-4338
-2329
-675
617
2164
3961
5420
6304
6969
7700
8165
8072
7644
7073
6256
5057
3540
1832
-48
-1975
-3934
-5862
-7609
-9076
-10135
-10884
-11179
-10890
-10118
-8941
-7457
-5611
-3498
-1314
843
2922
4861
6506
7814
8790
9418
9684
9541
9108
8420
7472
6357
5127
3875
2487
1038
-268
-1374
-2362
-3343
-4050
-4227
-3996
-3635
-3102
-2117
-718
703
1838
2877
3934
4715
4929
4539
3878
2992
1729
132
-1619
-3268
-4718
-5904
-6890
-7598
-7786
-7414
-6673
-5870
-4819
-3327
-1706
-282
930
2171
3425
4342
4871
5229
5568
5715
5448
5005
4489
3867
2978
1841
668
-644
-2068
-3476
-4774
-6002
-7185
-8023
-8385
-8459
-8339
-7864
-6759
-5335
-3957
-2462
-654
1315
2928
4201
5493
6742
7571
7846
7864
7844
7676
7138
6233
5239
4396
3501
2345
1031
-118
-987
-1875
-2784
-3521
-3766
-3554
-3274
-2889
-2157
-892
466
1443
2296
3235
4045
4279
3912
3390
2750
1746
319
-1213
-2461
-3585
-4724
-5674
-6180
-6174
-5922
-5512
-4799
-3710
-2415
-1184
-88
1012
2152
3050
3635
4026
4320
4430
4230
3863
3451
2974
2210
1267
400
-458
-1487
-2683
-3715
-4484
-5228
-6024
-6602
-6679
-6416
-6167
-5742
-4853
-3595
-2399
-1289
63
1584
2970
3981
4907
5948
6763
7146
7222
7262
7266
6833
6062
5268
4434
3473
2227
972
-131
-1193
-2187
-3088
-3655
-3886
-3902
-3738
-3266
-2412
-1454
-542
341
1269
2115
2589
2792
2778
2587
2121
1331
523
-400
-1345
-2263
-3102
-3650
-4084
-4340
-4355
-4100
-3626
-3072
-2353
-1540
-726
51
792
1475
2040
2448
2716
2881
2906
2751
2391
1973
1449
720
-139
-1041
-1874
-2737
-3659
-4453
-5011
-5370
-5602
-5643
-5387
-4798
-4065
-3239
-2227
-1006
275
1471
2634
3825
4973
5886
6635
7242
7693
7880
7712
7345
6816
6048
4967
3706
2463
1168
-224
-1567
-2663
-3452
-4106
-4518
-4571
-4286
-3732
-3038
-2162
-1209
-263
592
1297
1862
2174
2227
2054
1707
1195
490
-291
-1031
-1767
-2436
-2988
-3382
-3569
-3602
-3402
-3037
-2573
-1946
-1170
-343
431
1169
1930
2630
3123
3429
3629
3677
3436
2919
2239
1492
540
-650
-1842
-2956
-3982
-4958
-5808
-6321
-6527
-6504
-6287
-5790
-4925
-3861
-2755
-1641
-426
899
2108
3134
4031
4861
5594
6125
6464
6634
6649
6507
6156
5623
4970
4192
3289
2300
1318
402
-497
-1288
-1856
-2257
-2516
-2605
-2450
-2089
-1687
-1244
-778
-260
234
536
681
727
740
566
202
-194
-610
-1045
-1558
-1981
-2285
-2570
-2763
-2801
-2633
-2403
-2119
-1642
-1011
-341
309
994
1747
2419
2939
3365
3689
3860
3781
3484
3062
2476
1725
774
-270
-1281
-2277
-3275
-4243
-4998
-5536
-5905
-6131
-6089
-5754
-5285
-4678
-3931
-2988
-1971
-1007
-26
1028
2052
2944
3735
4485
5174
5669
5954
6130
6208
6117
5783
5293
4748
4109
3313
2386
1491
672
-145
-989
-1753
-2296
-2699
-3057
-3268
-3271
-3149
-2990
-2789
-2458
-2060
-1726
-1459
-1177
-909
-749
-667
-594
-589
-667
-744
-772
-818
-929
-944
-846
-700
-560
-324
47
484
949
1390
1913
2408
2826
3140
3375
3495
3375
3102
2725
2197
1424
504
-413
-1347
-2380
-3415
-4296
-5010
-5601
-6051
-6223
-6105
-5837
-5392
-4658
-3698
-2674
-1654
-464
801
1962
2970
3909
4829
5503
5930
6179
6366
6384
6103
5696
5244
4742
4074
3285
2509
1785
1040
223
-548
-1199
-1734
-2247
-2702
-2981
-3124
-3176
-3179
-3052
-2804
-2549
-2297
-2012
-1672
-1373
-1179
-1013
-836
-690
-671
-715
-713
-698
-751
-881
-933
-852
-754
-705
-608
-321
77
418
762
1191
1668
2032
2276
2480
2566
2497
2244
1864
1375
725
-11
-777
-1530
-2294
-3063
-3672
-4088
-4391
-4613
-4673
-4430
-3980
-3521
-3011
-2278
-1328
-419
330
1162
2090
2915
3495
3964
4508
4871
4981
4980
4981
4930
4623
4208
3843
3432
2896
2258
1656
1100
468
-224
-886
-1426
-1913
-2438
-2899
-3186
-3341
-3482
-3518
-3388
-3144
-2874
-2552
-2101
-1615
-1145
-728
-280
160
501
747
902
1016
1069
1012
831
621
440
253
24
-249
-441
-501
-510
-555
-597
-524
-322
-179
-171
-133
-22
57
-48
-238
-364
-508
-746
-1100
-1432
-1680
-1950
-2238
-2504
-2608
-2595
-2581
-2462
-2164
-1648
-1100
-564
115
935
1773
2457
3063
3753
4361
4720
4896
5068
5161
4918
4470
4048
3587
2863
1936
1116
392
-478
-1451
-2236
-2785
-3346
-3928
-4286
-4351
-4329
-4308
-4064
-3569
-3041
-2522
-1849
-1016
-235
449
1209
1975
2637
3161
3548
3862
3994
3986
3808
3408
2886
2259
1563
789
-51
-852
-1587
-2230
-2717
-3085
-3314
-3417
-3359
-3079
-2756
-2440
-2057
-1568
-1061
-775
-557
-295
-70
-26
-192
-273
-302
-448
-681
-790
-711
-670
-667
-441
-3
391
683
1103
1724
2237
2503
2781
3182
3453
3415
3285
3236
3086
2650
2060
1556
1037
367
-430
-1151
-1749
-2351
-2907
-3367
-3650
-3806
-3851
-3697
-3399
-3007
-2508
-1877
-1122
-388
332
1127
1902
2582
3171
3732
4191
4432
4520
4533
4382
3978
3394
2761
2033
1083
94
-796
-1655
-2564
-3372
-3834
-4115
-4397
-4505
-4213
-3641
-3177
-2733
-1965
-1038
-314
128
661
1297
1650
1653
1568
1594
1460
1072
625
274
-4
-371
-739
-928
-980
-982
-940
-786
-470
-96
269
667
1093
1557
1942
2199
2398
2527
2593
2453
2151
1783
1328
819
165
-501
-1167
-1824
-2356
-2855
-3199
-3460
-3552
-3434
-3233
-2838
-2326
-1695
-1003
-233
611
1434
2207
2900
3588
4148
4536
4736
4769
4680
4374
3863
3187
2387
1505
553
-403
-1351
-2248
-2970
-3535
-3957
-4210
-4213
-3987
-3663
-3198
-2574
-1864
-1150
-469
189
755
1212
1567
1775
1809
1711
1565
1290
867
416
21
-360
-815
-1200
-1383
-1435
-1485
-1471
-1195
-745
-343
21
557
1210
1687
1967
2271
2618
2756
2597
2370
2175
1856
1311
715
228
-290
-918
-1494
-1870
-2175
-2517
-2747
-2745
-2644
-2541
-2341
-1937
-1431
-971
-497
115
791
1343
1782
2233
2695
2953
2973
2925
2834
2587
2090
1484
926
358
-323
-1045
-1654
-2060
-2416
-2770
-2949
-2886
-2683
-2474
-2182
-1710
-1152
-669
-231
278
795
1143
1330
1516
1673
1647
1421
1177
935
566
84
-351
-691
-1032
-1361
-1586
-1631
-1581
-1483
-1263
-896
-452
-16
441
932
1389
1745
2017
2210
2294
2251
2107
1886
1580
1204
827
462
72
-339
-698
-947
-1154
-1365
-1552
-1633
-1638
-1623
-1572
-1459
-1286
-1075
-792
-448
-95
247
610
1007
1380
1638
1784
1872
1919
1824
1572
1239
847
427
-52
-535
-983
-1398
-1729
-1987
-2144
-2181
-2116
-1967
-1768
-1498
-1133
-725
-354
-40
290
655
945
1062
1111
1185
1190
1029
748
495
273
-5
-331
-612
-767
-875
-972
-1000
-895
-681
-476
-259
41
393
703
917
1106
1307
1442
1437
1331
1209
1085
908
653
368
142
-7
-171
-375
-517
-554
-577
-653
-719
-681
-634
-649
-642
-545
-403
-322
-237
-45
206
386
499
679
918
1034
996
968
993
944
726
465
285
107
-144
-404
-594
-721
-861
-993
-1049
-1034
-1009
-991
-939
-837
-696
-563
-437
-294
-125
47
187
299
390
471
498
464
400
320
231
108
-44
-180
-277
-349
-429
-472
-444
-362
-279
-198
-64
117
276
383
497
623
695
712
714
694
618
508
407
301
145
-20
-134
-233
-358
-490
-560
-569
-587
-623
-628
-551
-469
-419
-343
-204
-55
26
99
239
387
449
450
489
585
610
527
468
462
446
354
245
194
152
73
-36
-94
-118
-165
-254
-321
-311
-277
-284
-314
-273
-185
-115
-80
-13
95
168
223
260
323
359
317
270
233
190
81
-33
-110
-186
-270
-354
-384
-387
-390
-368
-294
-177
-79
10
133
295
433
509
573
658
734
744
705
662
622
548
420
286
174
55
-75
-195
-291
-387
-472
-509
-518
-542
-554
-516
-445
-396
-347
-253
-138
-50
13
101
209
281
303
339
389
402
353
304
280
228
137
29
-58
-138
-231
-301
-351
-385
-412
-407
-367
-334
-283
-201
-96
1
103
229
354
473
582
670
718
736
728
696
628
514
380
216
34
-141
-297
-454
-624
-757
-811
-789
-766
-724
-640
-468
-265
-98
83
263
446
572
657
734
771
772
708
638
565
486
376
225
112
23
-78
-210
-319
-383
-444
-495
-545
-545
-532
-513
-456
-398
-307
-215
-117
-33
41
141
205
218
203
196
161
79
0
-84
-171
-260
-324
-353
-375
-373
-327
-262
-173
-80
17
122
232
337
409
465
514
552
547
515
485
423
346
235
120
5
-125
-247
-378
-483
-565
-618
-631
-617
-565
-484
-369
-217
-76
52
182
317
426
485
526
546
554
527
475
415
338
251
144
50
-39
-123
-195
-263
-307
-338
-350
-348
-321
-289
-251
-203
-141
-69
-17
26
72
116
147
164
170
162
152
139
105
57
10
-36
-88
-160
-229
-287
-335
-367
-396
-412
-414
-375
-292
-197
-119
-29
115
271
388
469
560
655
709
717
702
658
576
465
339
192
18
-160
-339
-501
-652
-781
-876
-944
-961
-945
-894
-787
-656
-494
-336
-160
28
192
354
471
564
617
658
684
666
612
521
439
348
248
127
19
-75
-183
-277
-348
-371
-414
-457
-471
-442
-369
-319
-256
-178
-62
67
154
227
294
374
414
411
383
344
304
219
120
30
-69
-175
-277
-349
-415
-471
-498
-493
-470
-454
-401
-316
-237
-151
-53
73
184
263
345
433
507
546
567
567
551
518
457
391
293
191
86
-16
-111
-217
-307
-385
-444
-479
-496
-514
-505
-454
-393
-333
-267
-175
-77
12
95
165
233
281
288
277
260
236
186
106
41
-7
-60
-110
-148
-157
-156
-144
-109
-62
-7
53
113
180
240
278
311
329
335
325
287
241
181
105
12
-85
-166
-260
-355
-430
-472
-488
-492
-468
-404
-315
-211
-98
27
151
261
359
430
485
502
481
457
391
301
203
114
29
-71
-157
-223
-266
-298
-310
-312
-308
-286
-231
-162
-107
-40
41
118
185
229
265
271
250
213
149
70
-34
-150
-257
-352
-447
-530
-574
-587
-577
-546
-485
-397
-297
-200
-90
23
124
201
255
316
362
383
371
354
334
290
235
184
126
46
-41
-107
-160
-221
-291
-346
-376
-392
-398
-393
-374
-350
-302
-233
-174
-122
-56
27
109
164
225
296
358
402
426
451
460
454
426
374
315
246
177
100
17
-62
-134
-184
-224
-254
-279
-286
-261
-224
-190
-161
-116
-62
-11
24
57
88
103
93
80
55
9
-48
-102
-139
-188
-227
-249
-259
-257
-240
-199
-164
-123
-74
-11
48
89
136
188
238
271
295
326
342
342
335
337
339
308
258
212
175
124
28
-73
-154
-220
-274
-344
-400
-422
-414
-375
-326
-268
-189
-95
14
126
220
316
403
447
445
404
370
290
159
27
-88
-188
-312
-410
-450
-459
-470
-489
-460
-371
-263
-168
-88
25
185
362
497
573
618
665
704
695
612
492
368
223
72
-84
-238
-383
-481
-549
-593
-607
-606
-563
-501
-395
-271
-170
-56
100
261
366
446
521
571
575
536
500
446
357
244
122
34
-53
-153
-255
-336
-380
-406
-410
-390
-348
-293
-211
-136
-84
-22
36
82
156
225
264
278
304
368
420
397
308
260
257
228
99
-25
-95
-154
-229
-328
-373
-396
-393
-387
-389
-362
-285
-203
-165
-91
0
104
179
215
281
350
391
365
316
295
275
192
110
130
177
166
103
100
138
104
26
-28
-30
-64
-139
-190
-170
-157
-218
-245
-213
-137
-100
-55
13
76
158
195
245
275
296
310
296
302
278
202
90
-15
-107
-208
-323
-400
-436
-460
-466
-436
-351
-250
-163
-74
45
169
267
349
424
479
521
517
477
415
312
189
9
-168
-311
-452
-581
-692
-715
-660
-559
-473
-371
-221
-97
26
166
316
424
483
527
555
549
476
324
180
87
-48
-244
-394
-432
-454
-513
-536
-468
-382
-388
-404
-357
-270
-231
-222
-163
-98
-39
-5
63
112
75
20
30
92
35
-105
-204
-209
-231
-388
-531
-530
-458
-452
-484
-408
-221
-100
-67
40
281
428
377
333
414
491
407
283
267
231
76
-88
-135
-119
-230
-457
-611
-641
-603
-624
-646
-577
-478
-406
-336
-131
49
113
141
192
281
275
160
27
-22
-45
-159
-297
-267
-136
-100
-168
-231
-137
-50
-46
-63
-48
-27
-68
-49
25
78
-3
-129
-156
-120
-103
-111
-91
-101
-128
-132
-99
-79
-109
-145
-166
-205
-260
-211
-110
-121
-206
-192
-75
-33
-86
-104
-66
5
34
56
105
117
50
-16
57
103
43
-66
-77
23
35
-8
-27
14
23
-35
-59
-33
-13
-56
-123
-135
-95
-55
-62
-72
-125
-149
-98
-31
-38
-99
-62
1
22
-1
57
148
133
56
55
159
158
25
-75
-34
27
-43
-144
-135
-126
-211
-283
-258
-191
-182
-179
-111
1
76
86
104
185
284
344
390
377
310
231
140
90
30
-92
-217
-272
-302
-374
-433
-396
-305
-295
-353
-304
-124
12
-4
11
174
298
266
186
279
386
314
213
217
263
166
34
18
59
36
-84
-180
-175
-178
-213
-200
-185
-193
-195
-112
31
104
140
215
325
403
429
455
517
525
501
474
433
408
335
284
193
64
-41
-146
-199
-225
-250
-293
-318
-299
-224
-163
-83
-10
40
149
256
386
466
474
479
492
523
497
407
302
204
131
62
46
22
-54
-120
-146
-122
-108
-108
-124
-122
-89
-36
46
96
105
136
198
262
279
285
323
372
382
352
348
332
309
253
176
128
116
115
68
39
66
101
68
23
59
121
145
137
183
257
248
185
172
225
217
150
124
157
178
105
29
44
72
20
-37
-15
40
16
-38
0
82
83
16
5
86
136
88
47
78
129
103
51
74
106
86
54
98
159
142
125
150
201
202
149
132
116
87
40
10
32
9
-54
-88
-88
-77
-85
-83
-51
-46
-34
16
70
124
139
131
132
137
148
112
44
5
-25
-77
-129
-133
-118
-150
-179
-174
-117
-59
-34
-2
12
30
33
32
58
74
58
27
41
80
45
-20
-24
-23
-50
-120
-160
-140
-142
-134
-113
-74
-47
-55
-38
-12
14
2
-37
-45
-45
-52
-62
-75
-88
-101
-109
-115
-124
-111
-98
-90
-46
-5
23
31
36
58
40
20
12
12
10
16
53
73
86
77
61
53
40
44
24
12
5
-28
-54
-70
-67
-93
-149
-174
-155
-123
-114
-98
-43
-2
-6
24
84
144
165
154
166
147
136
116
90
77
28
8
-34
-73
-75
-97
-100
-126
-119
-77
-62
-70
-81
-29
-12
-38
-22
5
31
10
10
52
78
93
89
110
128
114
83
57
66
50
0
-13
-25
-55
-88
-98
-74
-73
-74
-42
-16
13
53
66
69
84
106
132
126
109
114
100
74
58
36
26
4
-9
-14
-27
-23
-41
-25
-33
-55
-44
-36
-12
-18
19
61
60
69
74
109
99
74
76
68
78
62
52
56
42
17
-2
-16
-22
-36
-41
-36
-25
0
13
22
31
46
49
46
63
74
66
47
53
80
77
59
55
50
31
14
24
30
11
-5
-4
15
13
2
23
44
60
56
56
67
74
70
43
29
32
38
40
34
20
18
28
29
28
40
48
38
30
39
46
30
17
21
26
26
21
32
47
41
30
26
31
32
30
22
37
41
18
16
21
36
29
27
39
49
54
49
54
56
58
43
42
43
25
24
14
19
-1
-16
-13
-16
-8
-28
-24
-25
-35
-24
-19
-5
-4
5
25
33
47
38
36
41
36
37
20
3
-4
-24
-29
-32
-54
-66
-83
-84
-80
-82
-72
-74
-71
-64
-39
-29
-32
-25
-10
0
-5
-4
-14
-16
-12
-17
-21
-28
-17
-17
-26
-28
-24
-14
-6
-7
-19
-13
4
7
5
-3
-9
-21
-48
-62
-71
-78
-89
-99
-91
-95
-105
-108
-103
-98
-102
-107
-100
-79
-58
-63
-65
-51
-40
-46
-61
-58
-60
-71
-75
-67
-63
-67
-69
-74
-72
-70
-82
-85
-73
-58
-52
-61
-55
-39
-35
-43
-45
-45
-47
-49
-59
-68
-72
-77
-84
-96
-110
-115
-114
-120
-122
-116
-100
-105
-105
-91
-83
-78
-75
-54
-45
-46
-51
-40
-26
-39
-41
-46
-64
-70
-83
-78
-65
-70
-84
-85
-73
-71
-78
-82
-78
-67
-50
-50
-44
-32
-22
-19
-22
-11
-9
-17
-16
-8
0
-5
-14
-16
-16
-22
-27
-40
-38
-44
-59
-54
-48
-46
-61
-69
-63
-57
-54
-43
-34
-34
-25
-12
-4
-4
10
6
6
17
17
24
4
-3
-4
-10
-16
-34
-41
-48
-56
-65
-69
-62
-47
-52
-60
-42
-34
-24
-13
-1
12
16
18
29
37
48
54
49
55
45
43
40
28
21
7
7
-12
-20
-24
-24
-31
-57
-49
-51
-42
-26
-23
-5
4
11
22
30
36
41
56
70
76
71
62
62
72
58
35
37
42
23
0
-12
-6
-6
-28
-35
-28
-19
-13
-28
-23
-6
-8
-3
10
20
25
31
34
44
41
28
34
34
31
26
25
28
24
27
30
17
5
13
23
17
15
21
27
43
48
52
60
66
66
60
66
58
43
33
22
13
-6
-17
-18
-21
-30
-30
-21
-10
-5
5
21
30
39
42
54
67
75
80
84
93
89
87
88
74
54
44
41
21
-2
-14
-16
-21
-22
-20
-13
-4
3
17
24
35
48
64
70
65
69
72
81
72
59
58
51
38
28
23
13
5
0
0
0
0
0
-1
2
6
10
10
17
30
37
42
47
53
58
56
51
46
45
44
38
29
19
7
-1
-7
-10
-17
-23
-17
-17
-13
-16
-11
7
8
14
21
29
36
31
36
37
33
31
29
25
16
9
4
-4
-13
-15
-13
-14
-17
-23
-27
-29
-31
-29
-29
-33
-30
-32
-33
-33
-35
-31
-28
-22
-27
-31
-27
-23
-24
-25
-22
-23
-20
-16
-19
-21
-24
-27
-28
-30
-32
-34
-34
-28
-27
-28
-26
-21
-22
-27
-20
-15
-7
-10
-8
0
0
-4
-16
-20
-15
-14
-24
-28
-24
-28
-44
-55
-55
-50
-53
-55
-49
-47
-40
-39
-32
-30
-31
-18
-15
-8
0
7
10
2
-3
-8
-13
-14
-16
-22
-18
-15
-12
-14
-21
-18
-18
-22
-22
-26
-27
-20
-15
-5
-1
0
-4
-7
-3
-3
-3
-10
-21
-14
-7
-13
-13
-13
-14
-17
-14
-2
5
5
8
21
33
36
42
47
44
42
40
34
33
32
31
31
26
22
17
17
23
9
0
12
17
14
12
25
35
29
31
46
52
56
50
48
57
57
53
45
48
58
49
35
33
28
22
20
26
33
24
17
34
42
31
12
17
35
31
25
34
43
40
35
38
46
40
29
30
37
30
29
35
37
42
36
36
45
46
41
37
42
48
52
59
61
55
55
55
52
44
46
50
45
40
27
18
10
10
1
-7
0
4
12
19
27
29
36
36
38
33
34
47
48
48
53
55
47
31
24
27
19
4
-7
-10
-19
-20
-14
-27
-35
-38
-29
-23
-24
-17
-13
-6
0
7
14
16
25
20
14
14
8
9
1
-1
0
-6
-5
-13
-22
-21
-24
-27
-31
-30
-31
-27
-24
-25
-18
-5
0
-14
-11
-7
-5
-2
-6
-2
-12
-23
-22
-27
-30
-46
-59
-52
-52
-58
-60
-65
-52
-49
-54
-58
-55
-45
-43
-34
-39
-31
-18
-18
-21
-26
-23
-13
-9
-15
-17
-23
-23
-32
-42
-51
-56
-57
-68
-66
-76
-82
-72
-67
-66
-67
-57
-48
-40
-49
-48
-41
-47
-45
-48
-43
-38
-44
-48
-52
-54
-54
-61
-59
-43
-37
-44
-36
-29
-28
-24
-29
-15
-12
-13
-14
-24
-26
-36
-42
-46
-51
-56
-52
-61
-65
-69
-70
-60
-66
-71
-68
-59
-53
-47
-40
-32
-25
-41
-44
-39
-45
-47
-54
-45
-41
-48
-51
-57
-57
-57
-58
-65
-78
-76
-76
-72
-73
-70
-62
-58
-52
-50
-55
-55
-52
-48
-53
-54
-51
-52
-60
-69
-72
-76
-70
-84
-89
-90
-83
-78
-86
-72
-64
-59
-53
-46
-43
-45
-45
-29
-15
-14
-22
-25
-23
-22
-35
-51
-57
-65
-82
-86
-91
-96
-98
-102
-92
-93
-87
-75
-66
-56
-45
-36
-29
-28
-14
2
-3
2
6
6
5
-9
-6
-21
-40
-45
-62
-69
-95
-111
-101
-107
-112
-113
-101
-87
-84
-75
-58
-39
-28
-25
-19
1
7
24
37
37
38
29
30
13
6
0
-18
-30
-38
-37
-47
-59
-66
-66
-59
-52
-44
-33
-11
-3
12
25
28
41
43
40
32
34
31
16
-2
-19
-24
-36
-51
-68
-75
-76
-83
-80
-74
-62
-56
-50
-36
-24
-10
-4
6
17
29
36
44
46
41
33
24
13
-3
-8
-16
-17
-32
-39
-31
-32
-28
-31
-18
0
-3
3
12
24
30
22
21
21
20
5
0
3
-2
-13
-23
-26
-25
-29
-34
-29
-25
-21
-16
0
14
16
22
38
46
48
47
52
52
44
42
40
27
13
5
0
-6
-23
-27
-36
-31
-33
-35
-32
-26
-14
-13
-2
10
23
22
32
40
48
50
36
33
30
24
22
15
5
-4
-7
-7
-10
-17
-20
-7
-4
-5
-3
3
15
13
16
23
29
34
40
37
31
25
29
31
23
13
16
22
15
9
-5
-6
-3
-1
4
5
10
9
15
18
18
15
20
17
18
21
24
31
30
36
34
41
47
52
58
57
58
57
62
61
55
51
50
50
42
34
30
32
33
32
27
25
30
32
35
36
35
38
49
62
71
71
69
73
76
74
69
67
60
59
55
47
42
37
31
24
20
20
26
33
39
47
54
65
74
87
94
100
110
123
127
125
123
117
117
108
104
93
78
67
59
57
46
46
45
34
36
31
42
42
47
57
72
87
95
104
108
116
119
134
129
127
121
112
103
88
81
71
65
46
42
40
29
23
22
23
31
32
38
47
53
75
74
71
74
86
90
86
90
92
94
84
74
69
57
51
40
31
31
29
28
26
32
25
27
34
33
34
29
34
43
49
43
40
42
52
56
53
55
53
46
36
38
48
43
29
15
15
17
2
-4
-3
-4
0
-8
-1
13
16
16
22
38
35
24
25
28
38
30
15
12
8
5
-7
-8
-2
-2
-5
-11
-14
-12
-16
-10
-3
-3
-1
-3
1
7
3
8
13
13
14
-7
-8
-12
-17
-30
-35
-18
-10
-4
-11
-16
-8
-11
-15
-16
-7
1
-4
-5
3
9
-2
-10
-6
-3
-9
-25
-31
-23
-19
-32
-46
-38
-20
-24
-34
-30
-13
-16
-18
-15
-5
-4
-9
-11
-18
-16
-25
-34
-38
-37
-36
-46
-50
-52
-43
-34
-33
-34
-37
-25
-23
-29
-21
-21
-11
-6
-6
-10
-21
-27
-33
-36
-39
-37
-36
-42
-52
-42
-32
-22
-23
-22
-9
-5
-3
-3
5
6
0
-8
-10
-16
-31
-42
-58
-63
-74
-81
-84
-87
-88
-89
-65
-51
-45
-42
-24
9
24
16
9
22
27
18
-9
-18
-16
-31
-46
-69
-82
-93
-104
-99
-101
-108
-104
-87
-64
-59
-56
-37
-18
-7
-3
8
22
35
34
24
16
16
9
-7
-17
-19
-25
-41
-51
-51
-44
-48
-52
-49
-34
-18
-19
-13
1
15
11
8
12
14
4
-9
-10
-6
-7
-19
-21
-15
-15
-20
-15
-2
-4
-15
-7
14
34
35
34
43
51
46
37
37
38
39
30
36
34
25
20
23
24
14
17
20
27
28
37
45
44
48
44
48
55
56
57
55
56
65
63
59
54
51
52
56
56
57
55
55
51
46
53
49
47
58
67
67
62
64
69
69
70
68
68
68
71
78
78
77
75
70
69
63
59
58
63
62
61
60
55
49
43
43
44
41
40
44
50
52
47
50
53
64
63
60
61
61
64
60
53
50
53
53
47
39
32
30
30
27
23
25
30
33
34
37
36
36
37
33
38
38
37
37
34
31
30
27
26
20
16
10
11
11
4
4
3
0
-6
-4
0
-3
-8
-6
-1
-1
-11
-10
-10
-11
-16
-23
-20
-23
-20
-23
-18
-19
-18
-17
-20
-21
-24
-13
-14
-9
-8
-9
-2
-7
-10
-12
-12
-12
-14
-19
-29
-35
-37
-36
-41
-52
-52
-54
-55
-62
-62
-54
-53
-52
-48
-44
-42
-41
-44
-43
-40
-40
-39
-37
-32
-31
-32
-38
-36
-37
-39
-40
-38
-42
-52
-60
-58
-60
-61
-70
-74
-67
-75
-78
-77
-67
-63
-67
-64
-59
-52
-55
-54
-48
-38
-33
-33
-29
-23
-22
-23
-27
-35
-46
-53
-58
-66
-71
-73
-75
-74
-83
-83
-79
-76
-71
-67
-61
-52
-45
-38
-21
-15
-14
-25
-21
-16
-18
-18
-33
-38
-42
-53
-63
-69
-69
-66
-68
-64
-70
-73
-69
-73
-72
-66
-52
-46
-40
-39
-35
-32
-27
-30
-37
-28
-24
-29
-39
-43
-43
-53
-64
-60
-62
-58
-69
-72
-68
-70
-67
-73
-64
-54
-49
-43
-42
-37
-34
-39
-32
-28
-18
-21
-28
-23
-21
-25
-39
-46
-38
-43
-44
-40
-45
-43
-47
-50
-49
-52
-48
-45
-43
-37
-32
-30
-26
-22
-18
-17
-25
-28
-20
-17
-22
-31
-28
-23
-21
-20
-28
-29
-36
-35
-35
-33
-27
-27
-25
-28
-34
-30
-25
-23
-16
-20
-7
7
12
18
23
32
38
40
34
33
31
32
32
24
20
8
6
-4
-12
-21
-18
-18
-29
-33
-33
-28
-27
-28
-19
-11
-5
1
1
14
18
15
16
16
21
21
22
21
16
14
7
8
7
0
5
2
9
16
9
8
