SAMPLES:	13372
BITSPERSAMPLE:	16
CHANNELS:	1
SAMPLERATE:	16000
NORMALIZED:	FALSE
-10
-9
-10
-10
-10
-9
-10
-9
-8
-6
-5
-4
-2
0
-1
2
3
4
5
7
8
8
9
10
8
9
9
8
7
7
6
5
3
1
0
0
-2
-2
-3
-4
-5
-6
-7
-7
-7
-8
-7
-6
-7
-6
-5
-6
-3
-3
-1
-1
0
1
3
3
4
5
6
7
7
8
8
7
8
8
7
7
6
5
3
2
2
1
0
-1
-2
-2
-5
-6
-7
-7
-7
-8
-8
-7
-7
-8
-7
-7
-5
-5
-3
-2
-2
-1
0
1
2
2
3
4
5
4
6
6
6
7
5
5
5
5
4
4
4
2
1
1
0
0
-2
-2
-4
-3
-4
-5
-6
-6
-5
-6
-6
-5
-5
-5
-4
-3
-3
-2
0
0
0
2
1
2
4
5
5
6
6
6
6
6
5
6
5
5
3
3
3
3
1
0
0
-1
-2
-2
-4
-4
-4
-4
-5
-6
-4
-4
-4
-3
-3
-3
-3
-1
0
-1
1
0
0
1
0
2
2
2
1
2
2
2
2
2
0
1
0
2
0
0
1
0
0
0
0
-1
-1
-1
-1
-2
-1
-1
-1
0
-1
0
0
0
0
0
-1
0
0
1
1
0
0
1
0
0
0
0
0
-1
0
0
1
0
1
0
-1
-1
-1
-1
0
-1
-1
-1
-1
-1
-1
-1
0
0
0
0
0
2
1
1
1
1
2
2
2
2
2
2
1
2
0
1
1
1
0
0
-1
0
-1
-1
0
-1
-2
-2
-2
-2
-2
-2
-2
-2
-2
0
0
-2
-1
0
0
0
0
0
0
0
0
0
1
1
2
0
1
2
2
1
1
1
1
1
-1
0
0
0
0
-1
0
-1
-1
-1
-1
-1
-1
-2
-1
-1
-2
-1
0
-1
0
0
0
0
0
0
0
1
0
0
0
0
1
2
0
1
1
2
2
1
1
1
1
2
1
1
0
1
1
1
0
0
-1
0
-2
-2
-3
-3
-2
-2
-3
-3
-1
-1
-1
-1
0
0
0
0
0
0
0
0
0
0
0
0
0
1
1
1
1
-1
1
1
0
0
0
1
2
0
-1
0
0
0
1
1
2
1
1
2
0
1
3
3
2
1
2
3
3
1
0
1
2
0
0
-1
-1
-1
-2
-2
-3
-3
-1
-1
-3
-3
-2
-1
-2
-2
-1
-1
-1
0
0
0
0
0
1
0
0
1
2
1
0
1
0
0
0
0
1
1
0
0
0
0
1
0
-1
0
0
0
0
-1
0
0
0
1
0
0
-1
0
0
-1
1
2
0
-1
2
3
1
0
0
1
2
0
0
1
1
0
0
0
0
-1
-1
-1
-3
-3
-2
-1
-2
-4
-4
-2
0
-2
-2
0
1
0
0
0
4
5
1
0
4
5
2
0
2
4
2
0
0
1
1
0
-1
-1
0
0
0
-2
-3
-1
1
-1
-6
-4
0
-1
-3
-4
-3
-2
-2
-3
-2
0
-1
0
0
0
0
0
1
2
1
1
4
4
3
2
4
4
3
4
4
3
2
1
2
2
1
0
-1
0
-1
0
0
-1
-3
-3
-1
-3
-4
-4
-4
-4
-3
-1
-2
-3
-2
-1
0
0
-1
0
1
0
0
0
0
2
3
2
1
2
2
3
1
1
0
2
1
1
0
0
0
-1
0
-1
-1
0
0
0
0
0
0
0
0
0
-1
-2
-1
-1
0
-1
-1
0
0
0
-1
0
0
0
0
0
0
0
0
0
0
0
1
0
0
0
0
0
1
1
0
-1
0
0
0
0
0
0
0
0
0
0
0
0
0
0
0
0
1
0
0
0
0
0
1
0
0
0
0
0
0
0
-1
-1
0
0
0
0
0
-1
-1
0
0
0
-1
1
0
0
-1
0
0
0
0
0
0
0
0
0
0
0
0
0
0
0
0
1
0
0
-1
0
0
0
0
0
0
1
0
0
-1
-1
0
0
0
0
-1
0
0
0
0
0
1
0
0
2
1
1
0
0
0
0
0
0
-1
0
0
0
0
0
0
0
-1
-1
-1
-2
-2
-2
-3
-3
-3
-4
-3
-3
-3
-3
-3
-2
-2
-1
0
0
0
0
0
1
1
3
3
3
3
4
4
4
3
2
2
2
1
0
0
-1
-3
-2
-4
-5
-4
-5
-6
-6
-4
-4
-3
-1
-2
0
1
3
6
8
9
12
14
16
17
19
20
19
20
19
18
16
16
13
9
6
3
0
-6
-10
-14
-19
-23
-27
-33
-35
-37
-39
-43
-46
-47
-46
-44
-43
-40
-36
-31
-27
-21
-16
-7
0
7
14
22
30
40
47
54
61
66
72
77
79
80
79
80
77
75
71
64
55
47
39
26
16
5
-6
-17
-30
-41
-52
-64
-76
-84
-93
-101
-106
-112
-114
-117
-117
-116
-112
-107
-99
-91
-81
-70
-59
-46
-32
-18
-4
9
23
37
50
63
72
81
91
98
104
108
110
112
112
112
111
108
102
97
92
86
77
69
59
49
41
31
20
10
1
-8
-17
-26
-33
-40
-48
-53
-58
-63
-66
-69
-70
-72
-72
-71
-70
-69
-66
-64
-60
-58
-54
-50
-45
-42
-37
-32
-28
-22
-19
-14
-12
-9
-6
-1
0
2
5
7
9
11
13
13
14
16
17
17
18
18
21
22
23
24
24
27
28
31
33
34
35
37
40
42
44
44
46
47
48
47
46
45
43
40
38
33
28
24
18
11
4
-1
-7
-16
-22
-30
-36
-42
-48
-53
-58
-62
-63
-66
-68
-69
-69
-66
-65
-62
-58
-53
-48
-43
-36
-30
-24
-17
-10
-4
3
9
14
20
25
29
32
35
37
39
41
42
42
41
40
39
37
35
32
28
25
22
16
13
10
7
3
0
-1
-3
-5
-6
-6
-5
-5
-5
-3
-3
-1
0
3
4
6
8
11
14
15
14
14
16
15
14
13
12
10
8
4
1
-3
-5
-10
-14
-17
-20
-24
-27
-29
-31
-32
-34
-34
-35
-35
-34
-32
-32
-32
-29
-27
-23
-21
-19
-16
-13
-10
-7
-3
0
3
7
10
13
16
19
23
24
26
27
28
29
29
29
29
28
27
25
25
21
19
18
15
14
12
10
8
6
4
2
2
0
0
-2
-2
-2
-2
-3
-4
-5
-6
-6
-7
-8
-8
-9
-10
-11
-12
-13
-14
-14
-15
-15
-16
-14
-14
-14
-13
-12
-11
-9
-8
-8
-7
-5
-5
-5
-4
-3
-3
-2
-1
0
0
2
3
5
7
9
10
11
12
14
13
14
13
13
13
12
11
9
7
4
4
2
-1
-1
-2
-3
-4
-4
-4
-3
-4
-4
-3
-1
0
1
2
2
5
6
6
7
8
8
8
7
8
7
7
6
5
4
3
0
0
-2
-5
-6
-8
-9
-11
-12
-12
-13
-14
-14
-13
-14
-12
-12
-11
-12
-12
-11
-9
-8
-6
-7
-7
-6
-4
-1
-1
0
1
3
4
5
5
8
9
10
9
9
11
10
10
10
9
8
8
8
6
6
6
6
6
4
4
4
3
3
2
2
2
2
2
0
0
0
0
0
-1
-1
-1
0
-1
-1
-3
-3
-3
-2
-3
-4
-5
-3
-4
-5
-5
-5
-5
-4
-4
-4
-3
-3
-2
-2
-2
0
0
-1
0
0
0
1
1
2
0
1
1
1
1
1
1
1
2
2
1
2
1
2
0
1
0
-1
0
0
0
0
0
0
1
0
-1
0
0
-1
-1
0
0
0
0
-1
-1
0
-1
0
0
-1
0
0
0
0
0
1
-1
-2
-1
1
0
1
0
0
0
0
1
0
0
1
1
0
0
2
1
1
1
1
2
1
-1
1
0
1
1
-1
0
0
0
0
1
0
0
0
0
-1
1
-1
-1
0
-1
0
0
-1
-1
-1
0
0
0
-1
0
0
0
0
0
1
0
0
1
0
-1
1
1
0
1
0
0
1
1
-1
1
0
0
-1
-1
-1
-2
-3
-2
-2
-2
0
0
-1
-1
0
-2
-2
0
1
0
-1
0
0
0
1
0
0
1
2
2
1
1
1
1
2
2
1
2
1
2
1
0
0
1
0
0
0
0
0
0
0
0
0
-1
-1
-1
-1
-1
-2
0
0
0
0
0
0
0
0
0
1
0
0
0
0
-1
-1
0
-1
0
0
0
-1
0
0
0
0
1
1
-1
0
0
-1
-1
0
0
-1
0
0
-1
0
0
-1
1
-1
0
0
-1
0
0
0
0
0
0
0
1
0
0
-1
1
1
0
0
0
1
0
0
1
1
1
2
1
1
0
0
0
1
0
0
0
-1
0
0
1
0
0
1
0
0
0
1
0
0
0
-1
-1
-1
0
-2
-1
0
0
1
0
-1
0
0
0
0
0
-1
0
0
0
0
1
0
0
2
1
1
1
2
1
1
1
0
0
2
1
0
0
0
0
0
0
1
0
0
0
0
-1
0
0
0
-2
-1
-2
-1
-1
-1
0
0
-1
-1
-1
-2
-1
-2
0
-1
-1
0
-1
0
-1
0
1
1
0
0
0
0
0
0
1
1
1
0
1
1
2
2
2
1
1
2
1
2
1
0
0
0
-1
0
0
0
0
0
-1
0
0
0
1
1
0
0
-1
0
0
1
0
0
-1
1
0
0
0
0
-1
0
0
0
0
0
0
0
0
0
0
0
1
0
0
0
-1
0
1
0
0
0
-2
-1
-2
-2
-1
-1
-1
-1
0
0
0
0
-1
0
-1
1
0
1
1
0
0
0
0
0
0
0
0
0
0
0
0
0
0
1
0
-1
0
0
0
0
0
0
-1
0
0
-1
0
0
0
0
0
0
0
1
1
0
0
0
0
0
0
0
-1
0
0
0
0
0
0
-1
-1
0
0
0
0
0
1
0
1
-1
0
0
-1
0
0
0
1
0
0
0
0
0
0
0
1
0
1
0
0
0
-1
-1
0
0
0
0
1
0
-1
0
0
0
0
1
0
-1
0
0
0
0
0
1
0
0
0
0
0
0
0
0
0
0
1
0
0
0
0
0
0
0
0
0
0
0
0
0
-1
-1
0
0
0
0
0
0
-1
0
0
-1
0
0
0
0
0
0
0
0
0
0
0
0
0
0
0
0
0
-1
0
0
1
0
0
-1
1
0
0
0
0
0
0
0
0
0
0
-1
1
0
0
-1
0
0
0
1
0
-1
0
0
0
0
0
0
0
1
-1
0
0
1
0
0
1
1
1
2
0
0
0
0
0
1
0
-2
-2
-2
-2
-2
-2
-2
-2
-2
-2
-1
-1
-1
1
1
2
2
2
4
3
3
2
2
2
0
0
0
0
-1
-1
-2
-3
-2
-2
-1
-2
-2
-2
-2
-2
0
-1
-1
-2
0
0
-1
-1
-1
-1
-1
-1
-2
-1
0
1
3
3
4
5
6
7
9
8
8
7
6
6
4
3
1
0
0
-2
-2
-4
-4
-5
-5
-4
-2
-3
-2
-3
-3
-2
-1
-2
-2
-2
-3
-4
-6
-5
-6
-6
-5
-5
-4
-5
-3
-2
-1
0
1
2
4
5
5
7
7
7
7
6
5
5
3
2
2
0
0
1
0
0
1
0
1
2
2
2
2
2
3
3
2
1
0
0
-1
-3
-5
-6
-6
-5
-5
-6
-6
-6
-4
-3
1
1
2
3
3
3
5
5
4
4
3
2
1
0
-1
-3
-3
-2
-2
-2
-3
0
1
0
0
0
0
2
2
2
2
1
0
0
0
-1
-2
-3
-3
-3
-4
-4
-5
-5
-3
-1
-1
-1
2
2
4
4
5
6
6
5
5
4
2
2
-1
0
-2
-2
-2
-3
-4
-4
-3
-2
-1
-1
-1
-1
1
0
0
1
3
2
1
1
1
1
0
-2
-1
0
0
0
0
0
0
0
0
2
2
2
1
2
0
1
1
0
1
0
0
0
0
-1
0
-1
-1
-1
-1
-1
0
0
0
1
0
0
0
0
-1
0
1
0
0
-2
-1
-1
0
-1
-1
-1
0
0
1
0
0
-1
0
0
0
0
0
0
0
0
1
0
0
0
0
0
0
0
0
1
0
0
0
0
0
0
-1
0
0
0
0
1
0
0
1
0
0
0
1
-1
0
-1
0
0
0
1
0
0
0
0
0
0
1
0
0
0
0
0
0
0
0
0
-1
0
0
0
1
0
0
0
1
0
0
0
0
0
0
0
0
0
0
1
0
1
0
-1
0
0
-1
0
0
0
-1
0
0
0
-1
0
-1
1
-1
1
0
0
0
0
0
1
0
1
0
0
0
0
0
0
0
0
0
0
0
1
0
0
-1
0
0
0
0
0
0
0
0
0
0
-1
0
0
1
0
0
-1
0
0
0
0
0
0
0
0
-1
0
1
0
0
0
0
1
0
0
0
0
0
-1
0
0
-1
0
0
0
0
0
0
0
0
0
0
0
1
1
1
1
0
0
-1
1
0
0
0
0
0
0
0
0
0
0
0
0
1
0
0
1
0
1
0
0
1
0
0
0
0
1
0
0
-1
0
0
1
1
0
0
-1
0
-1
-1
0
0
0
1
1
0
-1
0
1
0
0
0
0
1
0
1
-1
0
1
0
0
0
-1
0
0
0
1
0
-1
0
-1
-1
0
0
1
0
0
0
1
1
0
0
1
1
-1
0
-1
0
0
0
1
0
0
0
0
-1
0
0
-1
0
0
-1
-1
1
0
0
0
0
-1
0
1
0
0
0
-1
1
0
1
0
1
-1
0
0
0
-1
0
0
0
0
0
0
0
0
0
0
0
0
0
0
0
0
0
1
0
0
0
0
1
0
0
0
0
0
0
0
0
0
0
0
0
0
0
0
0
0
0
0
0
1
0
0
0
0
-1
0
0
1
0
0
0
0
0
-1
0
0
0
0
0
0
-1
0
0
-1
0
0
0
-1
0
0
0
0
-1
0
0
0
0
0
0
0
0
0
0
0
0
0
0
0
-1
0
0
0
-1
0
-1
0
-1
0
0
0
0
1
0
0
0
0
-1
1
0
0
0
0
0
1
0
0
0
0
0
0
1
0
0
0
0
-1
0
-1
0
0
0
0
0
0
0
0
0
0
0
0
0
0
0
0
0
1
0
1
1
0
1
0
0
0
0
0
1
0
1
0
0
0
1
0
0
-1
0
0
1
0
-1
0
0
0
0
-1
-1
1
0
0
1
0
0
1
0
0
0
-1
1
0
0
0
0
0
0
-1
0
0
0
0
0
0
0
0
0
0
0
0
0
0
0
0
0
0
0
0
-1
0
-1
0
-1
0
0
0
0
0
-1
0
-1
1
0
0
0
0
0
-1
0
-1
0
-1
0
0
0
0
-1
0
-1
0
1
0
0
0
0
0
0
1
0
0
0
0
0
0
-1
0
0
0
0
0
0
0
0
1
0
1
1
0
0
0
0
0
0
0
0
0
0
1
0
1
0
0
0
0
0
0
0
1
0
0
0
1
0
1
1
0
0
0
0
-1
0
0
1
0
0
0
0
0
0
0
0
0
0
0
0
0
-1
0
0
0
0
0
0
0
0
0
-1
0
1
0
0
0
0
0
0
0
-1
1
0
0
0
1
0
1
0
0
0
0
0
0
0
-1
0
1
0
0
0
1
0
0
0
0
-1
1
1
0
0
1
0
0
0
0
0
0
0
0
-1
0
0
0
0
1
0
0
0
0
0
0
-1
-1
1
0
0
1
0
0
-1
0
-1
1
0
1
0
0
0
0
1
-1
0
0
0
0
0
0
0
0
0
0
0
0
0
0
-1
0
0
0
0
1
0
0
0
0
0
0
0
0
-1
0
0
0
-1
0
0
1
0
-1
0
0
0
0
1
1
1
0
0
-1
0
0
-1
0
0
0
0
-1
0
0
0
0
0
0
1
0
0
0
0
0
1
0
0
0
0
0
0
0
-1
1
-1
0
-1
0
0
0
0
-1
0
0
0
0
0
0
0
0
0
1
0
0
0
0
0
0
0
0
0
0
0
0
0
0
-1
0
0
0
1
0
0
0
0
-1
0
-1
0
1
0
0
1
0
0
0
0
0
0
0
0
0
0
1
-1
0
-1
0
0
-1
0
0
0
0
-1
0
0
0
0
0
1
0
0
0
0
0
0
0
-1
0
0
0
0
0
0
-1
0
0
0
0
0
0
-1
0
-1
0
0
0
0
1
0
0
0
0
0
0
0
0
0
0
0
0
1
0
0
0
0
1
0
-1
0
1
0
0
0
0
0
0
0
-1
-1
0
0
0
1
0
-1
0
0
-1
0
0
0
-1
0
0
1
0
0
0
0
0
0
1
0
0
0
0
1
0
0
0
1
1
0
0
0
0
0
0
1
0
1
0
0
0
1
0
0
0
-1
1
1
0
-1
0
0
0
0
0
0
0
0
0
0
0
1
0
1
0
0
0
0
0
-1
0
1
0
0
-1
0
-1
0
0
-1
0
0
0
0
0
0
0
0
0
0
0
0
0
0
0
0
0
0
0
0
0
1
1
1
1
1
1
1
1
1
1
1
1
0
0
0
0
0
0
0
0
-1
-1
-1
-1
-2
-3
-3
-2
-2
-3
-2
-1
-1
0
0
0
0
0
1
1
1
1
0
1
-1
-1
-2
-2
-2
-4
-7
-8
-6
-9
-12
-17
-20
-21
-23
-23
-20
-15
-10
-5
-1
4
11
17
18
19
22
26
27
27
23
21
18
14
7
-1
-13
-27
-41
-56
-71
-81
-89
-98
-106
-108
-108
-108
-102
-89
-72
-57
-45
-33
-19
-4
10
24
36
48
69
100
135
171
209
253
295
331
368
403
434
463
486
502
507
501
490
470
441
395
335
271
212
152
82
6
-74
-153
-231
-305
-375
-445
-509
-561
-602
-642
-676
-691
-681
-658
-638
-612
-577
-533
-490
-455
-422
-380
-327
-274
-232
-192
-155
-127
-111
-104
-98
-97
-104
-119
-136
-154
-173
-196
-225
-252
-276
-294
-309
-325
-338
-347
-349
-341
-324
-302
-275
-241
-190
-116
-20
96
222
355
504
675
853
1024
1193
1364
1531
1682
1808
1914
2001
2055
2070
2049
2002
1922
1805
1659
1492
1309
1108
893
666
428
187
-52
-282
-502
-712
-916
-1105
-1273
-1422
-1551
-1653
-1730
-1784
-1817
-1826
-1803
-1749
-1668
-1572
-1464
-1348
-1228
-1106
-983
-870
-784
-710
-644
-603
-587
-584
-591
-619
-662
-713
-769
-830
-883
-930
-977
-1016
-1028
-1018
-997
-972
-922
-836
-719
-580
-420
-222
14
283
575
881
1207
1557
1925
2290
2638
2969
3291
3586
3827
4002
4120
4192
4201
4134
3997
3789
3504
3144
2722
2255
1741
1194
627
47
-541
-1128
-1686
-2197
-2669
-3102
-3480
-3774
-3978
-4121
-4200
-4196
-4104
-3943
-3720
-3424
-3071
-2676
-2246
-1782
-1303
-836
-395
13
388
725
1001
1191
1297
1343
1331
1244
1085
890
659
386
79
-236
-528
-809
-1100
-1371
-1578
-1712
-1796
-1844
-1848
-1792
-1696
-1556
-1345
-1060
-721
-339
89
566
1087
1652
2224
2759
3261
3747
4223
4663
5042
5345
5571
5724
5820
5860
5819
5651
5318
4867
4349
3758
3015
2113
1175
279
-655
-1701
-2766
-3712
-4568
-5447
-6279
-6903
-7335
-7693
-7972
-8036
-7840
-7482
-7036
-6464
-5726
-4843
-3875
-2852
-1770
-646
462
1496
2457
3399
4271
4924
5344
5673
5958
6049
5859
5533
5192
4731
4021
3141
2267
1398
406
-673
-1690
-2567
-3364
-4132
-4810
-5313
-5645
-5877
-6013
-5985
-5744
-5346
-4860
-4297
-3609
-2803
-1985
-1208
-411
433
1236
1891
2471
3080
3692
4197
4567
4906
5236
5460
5554
5615
5640
5539
5330
5146
5031
4832
4490
4103
3755
3408
2954
2398
1814
1243
618
-126
-887
-1538
-2161
-2910
-3721
-4391
-4851
-5271
-5727
-6089
-6259
-6250
-6144
-5939
-5561
-5036
-4422
-3741
-2942
-1994
-997
-56
871
1863
2845
3708
4460
5201
5884
6341
6523
6556
6536
6341
5899
5293
4592
3743
2687
1546
447
-667
-1897
-3136
-4241
-5231
-6193
-7071
-7723
-8156
-8454
-8587
-8487
-8155
-7655
-7024
-6292
-5492
-4597
-3612
-2601
-1605
-601
407
1345
2190
2976
3717
4311
4741
5135
5488
5698
5728
5723
5732
5643
5422
5160
4950
4714
4377
4015
3724
3459
3086
2665
2323
1981
1467
871
465
165
-334
-1007
-1509
-1805
-2243
-2830
-3218
-3349
-3563
-3912
-3996
-3687
-3367
-3238
-2982
-2347
-1589
-981
-403
371
1256
1997
2589
3221
3982
4664
5050
5252
5518
5791
5728
5334
5002
4820
4363
3409
2371
1621
875
-277
-1610
-2645
-3456
-4513
-5785
-6754
-7344
-7985
-8838
-9499
-9695
-9729
-9867
-9895
-9482
-8766
-8159
-7664
-6858
-5613
-4400
-3567
-2807
-1776
-697
87
731
1560
2469
3188
3722
4237
4698
4969
5130
5351
5611
5728
5670
5595
5597
5560
5377
5164
5121
5217
5163
4910
4752
4756
4549
3917
3319
3137
2940
2248
1392
945
649
-96
-1077
-1638
-1833
-2293
-2985
-3209
-2891
-2743
-3005
-3015
-2376
-1627
-1264
-923
-132
811
1380
1677
2201
2993
3637
3928
4096
4401
4683
4577
4117
3712
3510
3117
2236
1243
541
-104
-1124
-2366
-3312
-3958
-4745
-5739
-6596
-7164
-7720
-8425
-9014
-9190
-9030
-8918
-8968
-8846
-8256
-7366
-6535
-5710
-4574
-3238
-2191
-1413
-414
883
1938
2515
3109
3969
4700
5073
5367
5732
5892
5773
5687
5712
5602
5268
4911
4631
4351
4043
3752
3500
3301
3145
2882
2499
2262
2275
2151
1643
1190
1136
991
194
-785
-1139
-1167
-1746
-2731
-3199
-3131
-3373
-3928
-3989
-3513
-3302
-3519
-3378
-2608
-1838
-1402
-912
-89
776
1375
1823
2394
3136
3822
4145
4173
4295
4586
4613
4167
3671
3422
3048
2225
1394
932
446
-471
-1438
-1963
-2389
-3177
-4051
-4571
-4923
-5504
-6131
-6384
-6382
-6469
-6641
-6633
-6257
-5540
-4746
-4181
-3770
-3013
-1798
-648
122
810
1683
2464
2936
3401
4060
4584
4696
4662
4789
4906
4717
4305
3963
3733
3392
2876
2439
2245
2093
1748
1399
1370
1565
1558
1302
1217
1497
1733
1478
1036
983
1095
610
-423
-968
-791
-1029
-2209
-3185
-3081
-2905
-3663
-4493
-4251
-3548
-3608
-4006
-3597
-2636
-2125
-2010
-1474
-465
365
870
1396
2076
2771
3328
3635
3738
3920
4204
4114
3556
3123
3086
2803
1896
1120
993
809
-104
-1127
-1430
-1493
-2153
-3063
-3453
-3533
-4014
-4783
-5137
-5058
-5110
-5443
-5629
-5393
-4980
-4717
-4519
-4037
-3208
-2454
-2075
-1681
-820
211
775
1000
1638
2631
3120
2977
3148
3940
4356
3910
3511
3780
3977
3482
2931
2940
2984
2487
1922
1908
2116
2004
1822
1991
2259
2273
2335
2734
3019
2820
2578
2703
2703
2148
1575
1382
952
-60
-798
-811
-1054
-2088
-2872
-2626
-2279
-2732
-3238
-2879
-2250
-2249
-2450
-1997
-1159
-777
-780
-447
347
1002
1160
1161
1414
1842
1928
1582
1346
1437
1366
734
203
318
417
-215
-1037
-1140
-984
-1429
-2177
-2466
-2468
-2900
-3630
-4014
-4061
-4252
-4686
-5024
-5044
-4851
-4646
-4603
-4626
-4312
-3625
-3099
-2854
-2352
-1381
-551
-260
179
1197
2099
2380
2580
3253
3865
3887
3812
4097
4336
4034
3604
3624
3768
3491
3019
2937
3107
2980
2714
2833
3236
3343
3233
3432
3752
3624
3196
3140
3328
2962
2065
1456
1259
684
-405
-1150
-1304
-1733
-2740
-3411
-3304
-3246
-3750
-4025
-3533
-3011
-3055
-3032
-2334
-1476
-1110
-956
-425
418
1040
1232
1370
1807
2272
2234
1825
1727
1957
1786
1044
519
589
523
-184
-949
-1168
-1232
-1770
-2549
-2985
-3135
-3518
-4187
-4656
-4730
-4746
-4988
-5231
-5111
-4715
-4440
-4363
-4101
-3450
-2743
-2346
-2005
-1296
-375
265
637
1231
2070
2656
2898
3290
3930
4303
4243
4236
4496
4581
4289
4012
3918
3675
3209
2851
2663
2364
1908
1593
1526
1485
1368
1279
1346
1552
1696
1633
1487
1552
1755
1637
1142
855
962
771
8
-517
-360
-399
-1223
-1917
-1682
-1332
-1836
-2489
-2204
-1495
-1460
-1783
-1431
-601
-273
-371
-58
675
1121
1147
1202
1427
1600
1663
1593
1316
1027
944
837
390
-75
-170
-300
-908
-1543
-1664
-1742
-2396
-3184
-3409
-3442
-4026
-4837
-5038
-4800
-4939
-5392
-5371
-4839
-4556
-4657
-4415
-3574
-2824
-2598
-2353
-1569
-634
-120
170
755
1540
2051
2302
2718
3357
3778
3791
3743
3958
4216
4068
3571
3242
3203
2922
2191
1597
1517
1459
1002
645
897
1290
1214
1100
1611
2333
2419
2102
2313
2925
2927
2263
1969
2262
2096
1173
557
667
484
-474
-1157
-949
-835
-1537
-2157
-1867
-1366
-1480
-1756
-1447
-823
-520
-467
-206
322
741
871
876
992
1206
1251
993
657
557
553
273
-241
-568
-603
-813
-1381
-1830
-1902
-2059
-2640
-3182
-3263
-3298
-3763
-4290
-4316
-4049
-4019
-4149
-3979
-3472
-3057
-2905
-2665
-2026
-1297
-955
-842
-395
365
811
847
1108
1839
2398
2435
2556
3203
3815
3788
3528
3703
4033
3824
3216
2883
2835
2449
1672
1152
1122
1069
711
478
725
1144
1364
1560
1996
2471
2685
2767
2969
3112
2878
2470
2244
2023
1420
629
174
-65
-627
-1444
-1897
-1927
-2182
-2809
-3156
-2958
-2828
-3104
-3218
-2769
-2298
-2254
-2219
-1726
-1073
-789
-757
-531
-119
63
-102
-277
-216
-153
-403
-826
-1040
-1002
-1068
-1352
-1567
-1567
-1615
-1886
-2160
-2258
-2345
-2604
-2918
-3112
-3195
-3272
-3319
-3236
-3029
-2777
-2483
-2099
-1641
-1178
-758
-391
-40
380
798
1034
1164
1466
1899
2122
2179
2444
2911
3172
3133
3210
3545
3707
3452
3156
3160
3169
2833
2345
2109
2105
2016
1795
1765
2110
2544
2712
2793
3256
3956
4215
3946
3875
4202
4145
3360
2627
2443
2122
1132
149
-158
-353
-1141
-1994
-2144
-2013
-2401
-3043
-3123
-2776
-2766
-3108
-3161
-2757
-2408
-2393
-2371
-2025
-1525
-1243
-1229
-1119
-751
-492
-640
-863
-771
-629
-887
-1312
-1384
-1237
-1401
-1828
-2004
-1882
-1970
-2399
-2695
-2650
-2674
-3050
-3438
-3484
-3366
-3443
-3645
-3603
-3232
-2844
-2669
-2513
-2052
-1398
-992
-869
-580
24
462
437
428
889
1419
1478
1366
1702
2380
2729
2673
2807
3335
3710
3533
3285
3473
3692
3346
2752
2646
2939
2918
2583
2623
3191
3682
3805
4034
4636
5140
5133
4913
4957
5040
4637
3867
3311
3030
2478
1562
858
574
181
-585
-1198
-1329
-1440
-1961
-2510
-2584
-2474
-2698
-3140
-3232
-2986
-2930
-3124
-3127
-2778
-2515
-2554
-2588
-2344
-2044
-1996
-2094
-2053
-1848
-1736
-1854
-1994
-1921
-1793
-1919
-2211
-2325
-2324
-2508
-2863
-3039
-3056
-3262
-3641
-3877
-3879
-3935
-4130
-4259
-4179
-4044
-3961
-3774
-3432
-3025
-2659
-2270
-1814
-1333
-857
-462
-145
152
528
904
1186
1511
2040
2666
3107
3478
4045
4666
4991
5047
5162
5304
5145
4691
4263
4119
4049
3795
3574
3739
4220
4557
4720
5097
5700
6021
5924
5806
5888
5790
5215
4554
4158
3837
3181
2311
1722
1416
936
134
-503
-735
-972
-1566
-2160
-2321
-2313
-2549
-2893
-2957
-2784
-2754
-2921
-2936
-2694
-2537
-2713
-2896
-2764
-2609
-2747
-2905
-2781
-2572
-2572
-2635
-2476
-2239
-2204
-2395
-2523
-2488
-2503
-2751
-3116
-3288
-3320
-3467
-3821
-4097
-4103
-4126
-4401
-4720
-4700
-4466
-4452
-4572
-4372
-3747
-3173
-2923
-2610
-1949
-1182
-753
-548
-148
417
819
1000
1331
1897
2408
2745
3138
3706
4170
4344
4394
4508
4543
4290
3882
3626
3513
3344
3163
3254
3611
3923
4149
4547
5160
5547
5508
5432
5597
5632
5139
4503
4218
4008
3344
2487
2056
1809
1123
210
-263
-456
-1009
-1787
-2125
-2035
-2130
-2454
-2516
-2188
-1873
-1800
-1743
-1483
-1149
-1045
-1164
-1196
-1004
-868
-989
-1094
-916
-618
-542
-625
-566
-338
-260
-540
-885
-1046
-1157
-1535
-2061
-2366
-2471
-2711
-3190
-3516
-3590
-3748
-4167
-4528
-4592
-4636
-4844
-5014
-4867
-4544
-4263
-3962
-3495
-2855
-2259
-1811
-1406
-909
-402
-182
-121
213
788
1126
1142
1429
2111
2600
2662
2788
3205
3467
3340
3120
3152
3279
3243
3092
3141
3497
3801
3873
4013
4463
4748
4527
4247
4268
4177
3546
2826
2480
2207
1613
923
573
398
-2
-577
-934
-1023
-1223
-1630
-1923
-1907
-1861
-1923
-1848
-1535
-1240
-1028
-720
-353
-103
96
348
513
564
660
815
845
826
944
1095
1053
902
848
810
583
141
-288
-643
-1104
-1709
-2228
-2522
-2871
-3393
-3787
-3887
-3962
-4301
-4653
-4745
-4695
-4768
-4955
-4963
-4732
-4436
-4246
-3995
-3470
-2818
-2374
-2066
-1580
-949
-517
-359
-132
262
617
794
991
1379
1827
2120
2317
2650
3056
3265
3251
3320
3552
3680
3597
3573
3802
4063
4147
4182
4350
4484
4386
4186
4145
4038
3544
2931
2664
2531
1980
1339
1108
998
474
-95
-184
-216
-654
-1150
-1227
-1173
-1344
-1534
-1472
-1293
-1166
-1028
-829
-585
-314
-127
-68
45
340
545
471
420
584
723
613
508
581
561
273
-97
-309
-512
-930
-1506
-1992
-2286
-2610
-3070
-3524
-3770
-3909
-4178
-4461
-4575
-4551
-4612
-4721
-4639
-4382
-4113
-3902
-3604
-3164
-2664
-2222
-1841
-1409
-919
-481
-169
128
533
934
1204
1447
1830
2279
2581
2786
3105
3515
3783
3855
3973
4242
4417
4371
4350
4558
4738
4635
4513
4619
4672
4340
3941
3822
3640
3016
2327
2027
1785
1137
388
72
-118
-668
-1381
-1676
-1713
-2071
-2672
-2992
-2912
-2948
-3226
-3329
-3071
-2774
-2693
-2579
-2169
-1698
-1469
-1361
-1075
-633
-398
-412
-437
-290
-162
-252
-411
-456
-423
-554
-836
-1057
-1165
-1353
-1711
-2082
-2371
-2640
-2961
-3239
-3428
-3543
-3640
-3707
-3701
-3612
-3402
-3179
-2981
-2729
-2314
-1797
-1401
-1028
-497
126
586
862
1300
1883
2295
2443
2683
3182
3594
3725
3843
4199
4556
4696
4739
4883
5024
5029
4976
4925
4865
4757
4693
4587
4386
4208
4124
4011
3640
3188
2880
2641
2159
1429
840
481
43
-699
-1368
-1649
-1850
-2393
-3051
-3219
-3075
-3204
-3680
-3868
-3509
-3233
-3336
-3360
-2865
-2274
-2117
-2062
-1594
-896
-573
-573
-348
149
394
228
144
354
405
23
-334
-299
-282
-690
-1223
-1417
-1497
-1902
-2478
-2827
-2976
-3302
-3753
-3988
-3976
-3979
-4157
-4241
-4051
-3724
-3522
-3439
-3165
-2649
-2114
-1781
-1448
-859
-208
222
497
946
1506
1838
1946
2156
2570
2882
2927
2932
3136
3423
3528
3468
3510
3673
3729
3605
3533
3649
3691
3559
3462
3547
3626
3545
3494
3513
3425
3185
3006
2920
2656
2165
1737
1485
1136
573
105
-92
-357
-876
-1305
-1357
-1365
-1668
-1948
-1831
-1591
-1645
-1764
-1581
-1209
-1042
-1052
-921
-649
-410
-362
-356
-224
-16
61
-111
-263
-234
-207
-446
-829
-993
-998
-1173
-1574
-1867
-1898
-2028
-2436
-2829
-2925
-2990
-3283
-3590
-3648
-3581
-3681
-3794
-3692
-3423
-3247
-3213
-2989
-2518
-2047
-1796
-1510
-936
-380
-102
59
501
1028
1181
1120
1277
1689
1888
1760
1729
2001
2267
2245
2182
2343
2532
2467
2334
2462
2717
2745
2621
2707
2972
3085
3011
3090
3316
3345
3139
3019
3125
3081
2750
2444
2319
2139
1718
1376
1272
1098
641
191
96
96
-149
-505
-617
-555
-661
-890
-940
-796
-782
-955
-1040
-884
-711
-737
-861
-852
-741
-761
-930
-1079
-1101
-1194
-1469
-1725
-1805
-1826
-2033
-2326
-2457
-2447
-2567
-2898
-3171
-3229
-3272
-3509
-3781
-3833
-3733
-3741
-3842
-3787
-3498
-3228
-3099
-2891
-2442
-1945
-1633
-1353
-863
-289
65
253
580
1043
1363
1449
1563
1838
2096
2162
2163
2314
2545
2672
2646
2640
2740
2852
2878
2874
2925
3034
3114
3124
3140
3201
3297
3334
3246
3099
3026
3041
2956
2686
2427
2292
2112
1740
1377
1228
1065
641
163
-21
-34
-273
-679
-884
-835
-891
-1123
-1218
-1099
-1024
-1137
-1203
-1062
-863
-826
-881
-847
-725
-677
-814
-945
-944
-929
-1098
-1367
-1458
-1441
-1563
-1847
-2004
-1978
-2043
-2295
-2528
-2580
-2622
-2794
-2966
-3028
-3038
-3101
-3134
-3043
-2903
-2771
-2655
-2477
-2233
-1933
-1603
-1320
-1020
-677
-304
-3
247
592
959
1186
1290
1508
1843
2050
2082
2181
2443
2616
2584
2531
2650
2783
2727
2611
2635
2748
2731
2632
2610
2636
2584
2510
2486
2416
2230
2075
2048
1947
1672
1410
1313
1208
914
614
489
394
141
-121
-158
-117
-275
-530
-578
-438
-412
-564
-645
-543
-441
-477
-517
-402
-241
-228
-320
-294
-161
-160
-341
-480
-470
-500
-712
-934
-1004
-1054
-1281
-1573
-1692
-1724
-1917
-2246
-2464
-2527
-2641
-2891
-3106
-3184
-3218
-3311
-3407
-3389
-3296
-3219
-3164
-3036
-2796
-2548
-2336
-2097
-1767
-1407
-1114
-838
-490
-86
240
479
766
1137
1469
1660
1819
2062
2320
2487
2590
2728
2878
2983
3063
3144
3194
3174
3169
3215
3217
3130
3053
3042
2989
2828
2677
2600
2506
2289
2065
1929
1789
1540
1288
1191
1113
868
576
488
533
425
179
75
157
147
-60
-197
-106
-21
-161
-361
-348
-212
-227
-409
-507
-445
-454
-663
-898
-968
-980
-1158
-1477
-1703
-1789
-1928
-2218
-2503
-2645
-2751
-2974
-3255
-3423
-3468
-3543
-3719
-3852
-3830
-3748
-3752
-3791
-3678
-3437
-3242
-3125
-2918
-2548
-2198
-1968
-1709
-1268
-794
-487
-236
171
639
936
1136
1462
1873
2137
2257
2448
2734
2953
3055
3150
3279
3375
3412
3435
3435
3389
3343
3314
3250
3128
3023
2968
2866
2654
2434
2311
2181
1920
1614
1457
1387
1184
877
713
727
630
349
167
235
295
113
-106
-102
15
-34
-190
-200
-67
-42
-182
-261
-166
-95
-236
-428
-448
-395
-537
-813
-950
-964
-1148
-1530
-1784
-1824
-1956
-2314
-2610
-2660
-2719
-2971
-3201
-3221
-3200
-3373
-3594
-3598
-3456
-3423
-3515
-3478
-3260
-3061
-2978
-2860
-2595
-2286
-2024
-1770
-1444
-1046
-659
-301
72
497
928
1283
1564
1889
2310
2682
2897
3071
3337
3632
3834
3929
4002
4099
4173
4148
4056
4009
4041
4010
3790
3572
3511
3448
3160
2794
2639
2581
2260
1759
1516
1509
1304
810
444
400
303
-85
-418
-426
-418
-707
-1016
-981
-811
-929
-1233
-1278
-1060
-992
-1208
-1326
-1165
-1042
-1189
-1374
-1351
-1286
-1419
-1668
-1802
-1831
-2009
-2353
-2592
-2636
-2760
-3097
-3400
-3445
-3438
-3659
-3954
-4037
-3965
-4043
-4251
-4300
-4127
-4000
-4057
-4033
-3749
-3404
-3241
-3112
-2757
-2251
-1821
-1488
-1062
-518
-12
418
883
1427
1966
2410
2786
3182
3613
4031
4347
4568
4786
5029
5205
5259
5285
5340
5344
5224
5079
5007
4923
4692
4380
4163
4041
3815
3433
3057
2800
2571
2210
1782
1463
1243
929
489
130
-38
-236
-608
-928
-1016
-1047
-1250
-1479
-1479
-1363
-1400
-1551
-1532
-1338
-1242
-1314
-1316
-1125
-953
-977
-1068
-1034
-944
-997
-1209
-1397
-1453
-1507
-1720
-2011
-2176
-2232
-2394
-2689
-2895
-2947
-3065
-3348
-3596
-3641
-3642
-3784
-3967
-4010
-3945
-3931
-3922
-3806
-3599
-3402
-3219
-2952
-2561
-2120
-1728
-1363
-936
-413
98
563
1022
1517
2008
2463
2874
3230
3535
3803
4052
4275
4439
4519
4530
4536
4529
4446
4275
4074
3910
3771
3597
3345
3100
2959
2817
2518
2122
1825
1558
1115
557
103
-248
-690
-1223
-1620
-1838
-2057
-2323
-2449
-2333
-2144
-2038
-1900
-1541
-1055
-690
-438
-74
430
802
960
1143
1479
1752
1793
1769
1860
1957
1869
1672
1539
1434
1190
822
499
256
-59
-534
-1059
-1492
-1885
-2368
-2928
-3436
-3837
-4200
-4561
-4864
-5071
-5215
-5304
-5281
-5128
-4924
-4728
-4478
-4111
-3659
-3204
-2746
-2226
-1629
-1001
-361
317
1002
1628
2194
2755
3320
3785
4077
4260
4432
4597
4643
4542
4371
4209
4026
3778
3509
3264
3032
2759
2484
2271
2078
1765
1329
925
598
180
-449
-1092
-1537
-1893
-2369
-2874
-3125
-3131
-3161
-3245
-3100
-2627
-2100
-1728
-1310
-657
57
622
1103
1639
2152
2476
2702
3003
3302
3388
3315
3352
3481
3410
3096
2833
2734
2538
2074
1538
1132
752
215
-448
-1096
-1679
-2273
-2913
-3517
-4012
-4450
-4883
-5238
-5411
-5465
-5526
-5557
-5419
-5122
-4806
-4522
-4207
-3778
-3262
-2754
-2248
-1650
-976
-330
286
957
1663
2275
2778
3274
3768
4144
4343
4440
4537
4604
4558
4398
4203
4017
3796
3526
3247
3001
2779
2509
2155
1776
1452
1127
656
70
-478
-956
-1501
-2119
-2653
-3053
-3425
-3783
-3981
-3971
-3911
-3854
-3627
-3155
-2636
-2262
-1906
-1361
-682
-144
201
572
1092
1588
1876
2064
2346
2699
2939
3027
3113
3283
3400
3342
3211
3115
2948
2578
2127
1733
1290
673
-9
-594
-1146
-1801
-2455
-2949
-3318
-3739
-4178
-4446
-4537
-4635
-4803
-4830
-4596
-4300
-4117
-3892
-3445
-2877
-2378
-1901
-1280
-528
178
776
1396
2088
2716
3181
3602
4075
4495
4743
4880
5041
5191
5211
5049
4839
4692
4507
4152
3693
3305
2924
2386
1710
1078
525
-119
-876
-1563
-2100
-2641
-3328
-3979
-4361
-4593
-4920
-5283
-5366
-5184
-5064
-5056
-4835
-4255
-3637
-3239
-2844
-2156
-1292
-574
-23
613
1402
2112
2624
3119
3735
4295
4627
4841
5070
5237
5206
5030
4828
4576
4158
3588
2987
2366
1643
816
23
-708
-1457
-2239
-2980
-3635
-4269
-4868
-5336
-5643
-5880
-6100
-6188
-6065
-5836
-5636
-5390
-4943
-4307
-3634
-2985
-2277
-1486
-714
-5
722
1511
2251
2865
3427
4027
4580
4978
5257
5511
5738
5823
5759
5655
5570
5391
5007
4515
4052
3630
3098
2430
1764
1183
600
-113
-829
-1375
-1834
-2404
-3018
-3427
-3660
-3950
-4321
-4505
-4435
-4336
-4318
-4185
-3754
-3226
-2846
-2498
-1906
-1135
-501
-21
568
1346
2052
2510
2909
3427
3954
4267
4379
4474
4591
4572
4364
4054
3696
3272
2738
2147
1539
875
134
-648
-1394
-2116
-2834
-3548
-4248
-4886
-5418
-5833
-6206
-6531
-6701
-6706
-6638
-6545
-6333
-5931
-5407
-4849
-4258
-3612
-2924
-2212
-1469
-682
103
843
1537
2239
2948
3587
4146
4657
5174
5653
6037
6274
6405
6477
6483
6377
6109
5787
5492
5132
4581
3933
3391
2917
2315
1567
881
353
-164
-854
-1601
-2158
-2589
-3106
-3697
-4112
-4303
-4512
-4795
-4883
-4626
-4265
-4011
-3723
-3135
-2352
-1661
-1061
-337
543
1352
2015
2705
3455
4088
4521
4918
5394
5707
5698
5514
5408
5312
4879
4148
3455
2891
2154
1062
-86
-1003
-1850
-2934
-4127
-5076
-5740
-6420
-7272
-7987
-8305
-8401
-8570
-8754
-8620
-8190
-7731
-7346
-6862
-6087
-5136
-4291
-3612
-2839
-1777
-593
398
1181
2032
3058
4025
4741
5357
6105
6881
7354
7473
7570
7834
7980
7724
7232
6853
6493
5855
4969
4159
3617
3003
2112
1203
565
53
-625
-1362
-1894
-2276
-2787
-3431
-3889
-4046
-4192
-4481
-4668
-4503
-4144
-3884
-3641
-3149
-2393
-1665
-1076
-473
251
1027
1723
2340
2916
3435
3859
4198
4475
4671
4734
4680
4568
4345
3953
3445
2941
2450
1797
939
31
-757
-1485
-2371
-3367
-4205
-4847
-5500
-6238
-6829
-7127
-7306
-7522
-7643
-7441
-7047
-6721
-6466
-5987
-5206
-4406
-3785
-3192
-2343
-1364
-547
133
961
1985
2898
3549
4183
4983
5803
6394
6787
7199
7572
7746
7706
7606
7470
7170
6657
6015
5345
4638
3917
3179
2399
1635
949
295
-394
-1106
-1727
-2255
-2857
-3554
-4165
-4536
-4853
-5280
-5635
-5694
-5560
-5460
-5362
-4995
-4389
-3783
-3250
-2658
-1824
-960
-225
447
1197
1961
2526
2965
3405
3838
4107
4223
4333
4421
4378
4136
3838
3555
3178
2633
1932
1202
457
-409
-1346
-2222
-3005
-3822
-4703
-5458
-5987
-6368
-6722
-6953
-6937
-6745
-6542
-6301
-5824
-5128
-4469
-3948
-3327
-2454
-1520
-762
-115
708
1710
2643
3380
4107
4986
5854
6535
7071
7626
8098
8342
8438
8500
8459
8194
7758
7257
6699
5995
5209
4453
3714
2897
1997
1163
432
-337
-1202
-2039
-2737
-3426
-4194
-4887
-5388
-5786
-6233
-6605
-6728
-6667
-6563
-6398
-6000
-5394
-4741
-4088
-3315
-2395
-1426
-550
250
1048
1815
2471
2960
3371
3709
3927
4017
4025
3975
3801
3516
3175
2769
2260
1621
905
135
-720
-1633
-2581
-3515
-4415
-5271
-6036
-6651
-7093
-7418
-7651
-7703
-7518
-7172
-6776
-6311
-5693
-4948
-4183
-3429
-2624
-1754
-838
58
910
1750
2624
3556
4452
5272
6077
6885
7597
8153
8624
9025
9291
9363
9299
9120
8800
8349
7817
7200
6482
5714
4940
4159
3359
2564
1766
945
114
-656
-1386
-2154
-2977
-3734
-4356
-4927
-5488
-5975
-6286
-6441
-6507
-6461
-6230
-5796
-5230
-4609
-3938
-3159
-2291
-1418
-605
170
910
1569
2096
2506
2881
3153
3277
3281
3239
3177
2987
2692
2356
1985
1492
853
189
-471
-1211
-2058
-2928
-3735
-4491
-5192
-5788
-6250
-6594
-6810
-6861
-6778
-6582
-6277
-5864
-5371
-4805
-4169
-3481
-2766
-2036
-1270
-475
330
1149
1960
2746
3512
4270
5032
5748
6360
6839
7235
7554
7760
7803
7710
7539
7259
6858
6356
5814
5223
4571
3892
3184
2474
1764
1069
356
-398
-1096
-1713
-2334
-3010
-3637
-4108
-4499
-4900
-5223
-5341
-5319
-5291
-5213
-4905
-4389
-3875
-3400
-2818
-2052
-1253
-541
149
886
1612
2224
2750
3244
3672
3942
4069
4142
4175
4095
3856
3531
3172
2747
2190
1548
921
290
-441
-1258
-2024
-2681
-3327
-3998
-4587
-5033
-5403
-5743
-5973
-6035
-5992
-5929
-5818
-5586
-5247
-4860
-4427
-3906
-3308
-2705
-2096
-1413
-673
74
790
1487
2206
2919
3561
4137
4694
5209
5598
5827
5982
6141
6227
6147
5948
5737
5514
5188
4752
4328
3915
3386
2746
2141
1616
1031
347
-299
-823
-1333
-1908
-2410
-2736
-2991
-3295
-3555
-3617
-3547
-3506
-3461
-3256
-2891
-2525
-2193
-1770
-1241
-717
-247
236
757
1254
1661
1999
2316
2584
2749
2820
2839
2812
2694
2453
2146
1813
1447
993
441
-128
-671
-1224
-1829
-2438
-2978
-3465
-3951
-4408
-4763
-5014
-5221
-5392
-5476
-5453
-5352
-5192
-4952
-4611
-4202
-3757
-3255
-2673
-2044
-1406
-735
-14
725
1425
2085
2753
3430
4027
4496
4919
5337
5665
5832
5919
6019
6053
5936
5731
5520
5270
4902
4451
4006
3542
2970
2330
1738
1185
563
-110
-716
-1230
-1738
-2248
-2668
-3002
-3327
-3618
-3773
-3793
-3795
-3802
-3705
-3448
-3140
-2856
-2522
-2060
-1549
-1101
-675
-178
364
815
1143
1463
1822
2122
2263
2313
2380
2410
2304
2090
1882
1670
1346
906
488
123
-304
-845
-1380
-1810
-2220
-2691
-3147
-3482
-3744
-4017
-4254
-4365
-4368
-4343
-4280
-4105
-3829
-3504
-3150
-2731
-2244
-1737
-1212
-647
-45
550
1130
1694
2256
2799
3304
3753
4143
4495
4791
5017
5167
5270
5319
5291
5182
5020
4830
4585
4270
3906
3516
3096
2619
2099
1583
1078
567
30
-515
-1037
-1518
-1952
-2346
-2708
-3032
-3305
-3498
-3619
-3686
-3702
-3648
-3508
-3303
-3067
-2783
-2431
-2025
-1611
-1204
-774
-333
76
445
802
1134
1389
1556
1697
1825
1877
1835
1738
1630
1471
1229
936
630
311
-60
-479
-891
-1278
-1664
-2058
-2428
-2749
-3020
-3250
-3440
-3590
-3680
-3702
-3661
-3571
-3431
-3231
-2985
-2703
-2374
-1988
-1566
-1143
-701
-206
310
809
1293
1798
2299
2742
3128
3502
3872
4163
4349
4483
4613
4687
4656
4556
4453
4318
4083
3778
3477
3190
2841
2398
1936
1521
1113
647
148
-294
-670
-1043
-1429
-1759
-2000
-2198
-2391
-2535
-2582
-2552
-2514
-2455
-2298
-2051
-1791
-1542
-1237
-865
-491
-154
171
509
815
1061
1266
1447
1573
1617
1598
1556
1480
1319
1087
842
585
280
-83
-465
-828
-1202
-1615
-2025
-2387
-2710
-3031
-3328
-3559
-3726
-3857
-3951
-3970
-3923
-3836
-3722
-3549
-3308
-3021
-2705
-2361
-1979
-1571
-1141
-699
-245
221
671
1115
1539
1934
2315
2666
2972
3220
3432
3630
3780
3845
3866
3883
3871
3794
3667
3528
3374
3173
2934
2685
2422
2126
1818
1522
1223
906
577
283
38
-201
-446
-662
-827
-976
-1118
-1215
-1250
-1244
-1224
-1182
-1100
-977
-833
-671
-481
-276
-79
100
274
459
650
818
930
993
1028
1050
1041
981
882
740
562
354
122
-104
-330
-586
-908
-1241
-1517
-1762
-2042
-2362
-2641
-2855
-3056
-3249
-3413
-3509
-3554
-3597
-3620
-3575
-3474
-3372
-3258
-3073
-2821
-2572
-2325
-2017
-1635
-1249
-898
-521
-111
290
639
962
1312
1650
1931
2179
2438
2687
2873
3007
3144
3259
3312
3307
3276
3234
3143
3001
2817
2623
2422
2183
1916
1649
1386
1102
810
542
296
63
-161
-370
-560
-706
-776
-815
-875
-920
-875
-750
-614
-487
-338
-136
105
332
544
790
1071
1313
1479
1638
1838
2010
2080
2080
2080
2069
1991
1834
1624
1410
1178
873
481
88
-248
-602
-1040
-1515
-1923
-2280
-2668
-3085
-3451
-3724
-3956
-4188
-4399
-4526
-4563
-4556
-4532
-4465
-4297
-4051
-3772
-3469
-3113
-2702
-2265
-1827
-1379
-905
-438
10
437
844
1244
1626
1959
2248
2500
2705
2847
2939
3015
3054
3034
2958
2861
2740
2568
2363
2141
1901
1638
1359
1079
812
543
293
74
-110
-281
-436
-554
-620
-641
-636
-584
-495
-380
-215
14
293
553
815
1137
1489
1790
2040
2315
2593
2792
2890
2950
3010
3004
2878
2690
2508
2303
1998
1613
1232
873
462
-20
-499
-941
-1380
-1846
-2299
-2692
-3030
-3362
-3672
-3912
-4087
-4218
-4319
-4374
-4373
-4317
-4193
-4036
-3882
-3702
-3436
-3095
-2758
-2457
-2143
-1780
-1408
-1066
-753
-431
-110
173
429
669
904
1124
1307
1461
1590
1701
1782
1842
1881
1902
1911
1895
1864
1801
1723
1647
1564
1456
1319
1195
1084
960
819
694
600
514
423
344
303
296
301
314
352
419
508
610
740
892
1039
1189
1355
1539
1706
1847
1987
2114
2207
2259
2286
2283
2239
2155
2039
1891
1696
1470
1222
944
636
302
-38
-376
-711
-1064
-1427
-1767
-2072
-2352
-2634
-2892
-3104
-3277
-3421
-3537
-3605
-3630
-3621
-3583
-3512
-3403
-3255
-3066
-2862
-2649
-2409
-2135
-1847
-1561
-1269
-969
-673
-395
-124
143
403
647
866
1063
1235
1388
1521
1631
1715
1768
1791
1790
1767
1716
1645
1559
1461
1343
1218
1086
943
794
648
516
389
264
153
63
-5
-47
-58
-40
-10
34
114
232
375
528
692
874
1063
1255
1444
1635
1814
1968
2092
2191
2262
2300
2294
2244
2158
2030
1864
1664
1432
1165
866
542
196
-157
-511
-859
-1200
-1537
-1863
-2165
-2430
-2660
-2868
-3050
-3193
-3293
-3356
-3382
-3359
-3297
-3200
-3071
-2909
-2712
-2489
-2245
-1986
-1718
-1444
-1175
-906
-637
-373
-122
111
324
522
708
877
1023
1152
1262
1341
1393
1434
1474
1491
1472
1431
1390
1349
1295
1230
1162
1092
1021
947
873
801
732
658
586
527
482
442
403
386
391
413
434
471
527
600
686
775
865
955
1047
1140
1231
1305
1358
1388
1397
1386
1354
1296
1215
1106
967
807
632
440
231
-1
-242
-488
-737
-987
-1237
-1476
-1702
-1917
-2111
-2290
-2442
-2572
-2677
-2754
-2794
-2795
-2781
-2742
-2657
-2532
-2394
-2249
-2075
-1872
-1653
-1432
-1205
-969
-734
-504
-279
-67
134
320
497
656
792
913
1013
1089
1149
1196
1226
1233
1224
1205
1177
1149
1113
1069
1024
985
950
917
888
867
845
826
813
807
806
808
818
829
848
873
906
942
985
1036
1087
1136
1184
1241
1304
1353
1387
1420
1451
1471
1467
1443
1409
1355
1282
1188
1084
969
832
675
500
318
135
-56
-260
-478
-700
-914
-1112
-1307
-1504
-1700
-1883
-2041
-2183
-2318
-2440
-2539
-2612
-2666
-2704
-2718
-2706
-2673
-2620
-2544
-2447
-2331
-2198
-2052
-1889
-1718
-1548
-1369
-1181
-999
-828
-658
-485
-322
-174
-35
103
230
338
430
521
601
667
723
771
808
835
858
878
898
921
946
970
990
1009
1036
1071
1114
1164
1209
1249
1289
1339
1396
1452
1504
1554
1605
1660
1715
1760
1799
1838
1870
1886
1895
1897
1891
1868
1820
1757
1682
1600
1500
1384
1261
1133
988
829
665
498
324
136
-57
-257
-451
-640
-827
-1008
-1183
-1348
-1504
-1641
-1771
-1899
-2011
-2101
-2177
-2248
-2302
-2333
-2344
-2345
-2331
-2291
-2230
-2159
-2084
-1999
-1896
-1783
-1666
-1543
-1416
-1282
-1151
-1019
-888
-762
-642
-524
-414
-315
-225
-138
-55
23
92
149
205
259
307
351
395
443
485
525
566
614
663
709
754
807
862
913
966
1024
1084
1142
1196
1246
1295
1339
1379
1412
1442
1465
1481
1491
1491
1480
1460
1432
1392
1342
1282
1212
1132
1042
939
823
706
586
460
324
184
45
-91
-224
-349
-469
-583
-689
-784
-872
-950
-1017
-1073
-1119
-1158
-1186
-1204
-1213
-1215
-1208
-1190
-1165
-1133
-1094
-1047
-994
-940
-881
-816
-751
-688
-630
-569
-507
-453
-406
-365
-321
-279
-244
-218
-191
-167
-147
-132
-120
-106
-93
-79
-68
-58
-46
-25
-3
21
47
78
116
158
200
244
293
345
398
449
501
551
603
651
696
740
780
813
840
864
882
892
890
881
865
844
820
786
744
694
645
590
534
477
415
350
284
224
164
105
49
0
-47
-91
-128
-159
-186
-213
-240
-262
-279
-300
-322
-340
-358
-384
-418
-449
-479
-513
-546
-575
-603
-632
-662
-684
-700
-708
-714
-720
-725
-720
-703
-686
-674
-655
-621
-579
-541
-502
-449
-386
-324
-265
-200
-126
-54
10
71
129
190
251
296
328
364
406
441
461
481
509
536
545
550
566
589
590
573
563
563
559
544
527
503
470
438
428
414
371
315
289
281
239
166
112
100
87
52
35
37
18
-30
-58
-54
-63
-107
-148
-159
-166
-185
-197
-190
-178
-185
-193
-201
-217
-243
-277
-325
-408
-479
-506
-501
-520
-586
-650
-669
-647
-643
-673
-710
-714
-708
-717
-719
-693
-657
-626
-555
-456
-395
-371
-287
-154
-90
-100
-46
106
224
243
278
391
498
555
607
677
706
700
718
750
745
720
739
752
697
642
671
715
670
588
580
615
585
507
491
543
552
482
444
501
566
559
540
594
676
671
576
503
491
466
364
221
116
78
54
-21
-115
-162
-176
-229
-320
-369
-383
-447
-553
-585
-552
-594
-723
-789
-741
-712
-797
-879
-889
-909
-996
-1059
-1042
-1056
-1125
-1134
-1044
-988
-1016
-986
-856
-767
-790
-770
-643
-567
-613
-619
-471
-314
-279
-272
-170
-33
51
125
226
308
334
374
464
534
549
582
692
791
798
786
866
981
981
888
857
918
918
784
667
664
671
577
487
513
551
481
398
430
482
416
324
348
410
367
271
255
306
327
287
247
256
303
334
290
211
183
211
204
131
84
111
149
133
81
54
66
76
29
-69
-162
-196
-219
-288
-386
-455
-492
-534
-608
-699
-767
-795
-806
-858
-936
-957
-900
-855
-867
-860
-771
-666
-633
-627
-556
-451
-407
-425
-411
-348
-307
-304
-298
-265
-233
-217
-177
-104
-39
-6
16
57
83
69
50
68
104
100
61
46
70
110
128
135
142
147
145
144
153
173
194
220
245
271
307
357
418
452
454
453
476
511
528
522
505
509
537
561
558
549
556
554
522
484
474
476
447
390
349
344
338
312
280
260
237
193
157
134
105
42
-30
-65
-74
-99
-159
-213
-222
-206
-209
-244
-283
-298
-291
-291
-302
-318
-325
-327
-321
-318
-317
-318
-325
-328
-331
-334
-343
-362
-384
-407
-431
-455
-471
-484
-493
-495
-501
-503
-499
-488
-478
-473
-475
-472
-461
-444
-433
-426
-407
-356
-286
-229
-189
-140
-67
4
54
93
142
206
270
332
389
440
488
530
561
587
614
643
660
664
665
674
689
702
713
712
708
709
704
688
662
634
607
582
541
478
420
385
351
293
222
169
125
75
17
-24
-56
-103
-159
-195
-209
-224
-258
-295
-320
-337
-357
-377
-394
-414
-431
-443
-445
-454
-464
-466
-458
-450
-451
-445
-429
-405
-391
-394
-399
-396
-380
-365
-357
-358
-357
-339
-319
-307
-304
-305
-305
-302
-292
-281
-268
-257
-238
-204
-166
-125
-86
-44
-4
28
64
104
135
161
195
234
274
313
344
365
385
414
443
461
462
466
488
513
517
499
493
501
493
467
439
410
377
333
298
262
220
175
132
91
51
22
-8
-41
-75
-104
-134
-160
-174
-194
-220
-242
-250
-247
-248
-256
-256
-247
-238
-236
-235
-230
-222
-213
-200
-182
-161
-141
-123
-103
-87
-79
-75
-63
-46
-38
-35
-26
-9
5
13
22
28
34
39
39
42
54
68
71
63
59
71
86
85
71
67
79
91
88
74
66
70
71
67
58
50
44
43
36
20
9
10
10
0
-13
-25
-30
-40
-48
-48
-51
-57
-65
-64
-58
-58
-59
-54
-47
-46
-42
-35
-26
-21
-18
-12
-2
3
7
16
24
26
27
30
31
32
36
37
35
32
29
25
21
15
5
0
-6
-13
-23
-31
-38
-41
-36
-35
-39
-41
-32
-25
-26
-19
-8
0
7
11
20
35
47
47
56
72
77
76
77
89
93
93
98
100
95
94
97
97
89
75
59
51
47
31
5
-18
-29
-40
-61
-85
-96
-105
-118
-134
-146
-147
-148
-148
-153
-155
-155
-151
-143
-139
-139
-131
-113
-100
-88
-69
-43
-26
-16
-5
11
27
35
46
58
64
63
64
69
68
63
61
56
51
45
29
15
11
12
11
5
2
4
8
11
14
24
28
33
42
49
53
59
64
72
82
87
92
91
83
75
67
62
58
52
43
33
30
33
33
26
22
24
24
22
19
16
13
9
8
11
8
-2
-14
-17
-14
-27
-35
-37
-38
-46
-52
-48
-50
-56
-59
-56
-54
-58
-65
-71
-74
-74
-77
-78
-81
-89
-91
-82
-74
-80
-84
-75
-57
-48
-51
-51
-38
-23
-11
-5
0
7
16
27
36
43
53
69
88
104
119
129
139
145
153
161
164
162
162
160
155
146
135
120
100
87
75
58
36
20
4
-6
-21
-37
-44
-52
-61
-68
-71
-74
-81
-89
-96
-99
-94
-95
-101
-105
-103
-99
-102
-102
-99
-96
-97
-94
-84
-76
-69
-63
-58
-49
-38
-26
-19
-19
-19
-17
-13
-14
-20
-24
-27
-32
-34
-36
-43
-51
-49
-43
-38
-39
-32
-20
-12
-7
-2
7
14
19
29
38
41
43
50
59
68
70
70
72
79
85
91
99
106
106
106
108
108
107
112
111
102
102
108
103
88
82
81
75
58
34
9
0
-1
-4
-23
-41
-43
-39
-44
-59
-67
-63
-61
-69
-83
-85
-80
-76
-78
-72
-56
-42
-36
-41
-42
-37
-24
-12
-12
-23
-21
-2
8
0
-15
-19
-18
-12
-9
-18
-34
-43
-28
-10
-16
-36
-44
-32
-25
-35
-36
-23
-19
-24
-17
-2
-5
-22
-23
-1
14
4
-7
5
27
19
3
16
40
38
16
-4
9
37
31
4
7
45
30
-14
-13
29
32
-7
1
45
47
19
27
36
-3
-15
51
95
41
-18
3
52
40
7
26
53
12
-36
-1
54
15
-60
-23
47
6
-57
-1
55
-12
-65
-13
23
-33
-46
13
16
-59
-71
15
28
-45
-63
2
35
5
-14
-7
-5
-2
22
39
29
13
19
26
-1
-31
-8
26
2
-39
-17
26
2
-49
-27
29
18
-38
-43
6
7
-59
-84
-33
7
-24
-66
-72
-54
-21
-8
-56
-104
-49
20
-20
-103
-50
55
42
-11
7
46
51
63
81
55
46
96
109
51
33
99
133
65
6
53
102
54
3
42
64
-10
-49
35
86
1
-65
-18
15
-40
-67
-9
6
-41
-52
-11
19
-5
-49
-69
-40
5
16
-17
-32
-11
-2
-6
4
-2
-41
-42
10
8
-66
-64
39
67
-32
-101
-56
-1
-5
-28
-39
-49
-54
-35
-16
-45
-78
-45
22
14
-70
-81
19
71
2
-43
6
56
38
5
9
18
15
32
64
47
-3
-3
54
69
11
-11
39
64
24
12
49
51
0
-17
33
64
20
-47
-54
-4
13
-12
-18
-3
-10
-12
16
17
-25
-31
24
48
-3
-45
-18
23
21
-9
-16
2
17
11
4
8
17
16
9
1
7
30
41
13
-16
3
33
13
-15
7
30
-4
-41
-21
4
-20
-39
-5
20
-22
-61
-23
24
4
-42
-25
20
7
-37
-38
1
7
-23
-30
7
27
-7
-36
-10
27
13
-15
-6
14
2
-20
-17
-2
6
5
1
2
10
16
6
-6
2
17
7
-2
12
16
-8
-12
21
29
-19
-41
-7
10
-14
-25
-3
4
-14
-20
-3
7
-4
-17
-4
9
-5
-19
4
25
1
-10
32
39
-4
-21
18
37
7
-2
22
33
6
-3
13
16
-3
-5
20
23
-10
-24
12
34
4
-23
-13
6
8
6
-9
-20
-4
8
-9
-23
-12
-3
-5
-6
-12
-19
-17
-9
-8
-9
-10
-13
-12
-8
-9
-5
13
18
-3
-11
17
46
31
5
5
20
29
30
25
16
5
12
22
16
2
2
10
1
-12
-5
3
-19
-39
-12
11
-16
-46
-25
-2
-21
-42
-31
-18
-39
-51
-22
3
-10
-30
-23
-9
-14
-11
16
26
-1
-13
23
48
23
-4
7
30
29
17
19
23
17
1
-4
2
11
10
2
-4
-1
2
3
11
19
1
-16
-1
22
8
-18
-2
22
13
-3
11
30
15
2
19
28
17
10
26
24
4
-1
23
25
2
-5
1
-1
-4
-2
-12
-30
-25
-8
-13
-33
-33
-11
-7
-31
-39
-17
-3
-24
-44
-28
-4
-17
-36
-26
-8
-9
-21
-19
-1
-6
-20
-8
6
2
-12
-12
0
-2
-5
3
7
-5
-9
6
10
1
3
15
12
-4
0
17
19
6
5
14
15
8
7
14
6
-9
1
22
18
-2
0
18
20
3
-5
7
19
15
6
7
17
14
5
12
14
6
1
10
20
11
-1
2
11
14
9
1
7
11
7
-3
-2
3
-3
-9
1
7
-7
-24
-26
-13
-10
-22
-28
-25
-23
-34
-40
-31
-30
-38
-35
-27
-25
-24
-20
-13
-11
-9
0
7
4
4
9
16
22
23
27
37
37
29
39
53
47
33
37
44
38
31
24
19
14
15
7
-6
-15
-15
-20
-29
-34
-36
-34
-36
-36
-38
-39
-37
-36
-31
-24
-19
-9
-2
3
-1
2
17
25
20
17
23
26
22
24
28
25
19
17
18
23
17
6
5
6
1
-10
-7
0
-3
-16
-12
5
3
-20
-27
-8
-2
-11
-9
3
4
-1
5
9
0
0
7
5
-2
-2
-2
5
14
8
-3
-7
2
1
-2
0
-5
-15
-17
-9
-6
-11
-17
-21
-20
-18
-16
-13
-14
-16
-17
-15
-11
-10
-9
-4
0
3
3
2
6
12
11
8
12
19
22
17
13
19
20
14
13
17
19
17
13
4
0
7
11
9
3
0
2
0
-1
-2
-1
0
3
-3
-10
-5
2
2
-4
-3
-2
0
-3
-4
-5
-6
-2
0
-2
-5
-6
-3
-3
-3
-7
-6
-3
0
-1
-2
-1
-2
-2
-2
0
0
-4
-10
-9
-6
-3
-6
-4
-4
-5
-1
-1
-6
-9
-5
0
4
4
0
0
3
8
6
0
0
4
6
3
3
2
1
-4
-8
-3
1
-3
-5
-1
-3
-7
-4
-4
-7
-9
-7
-9
-9
-2
-1
-4
-2
5
8
8
10
9
11
12
15
20
21
22
22
20
18
15
11
10
7
1
-2
1
-2
-8
-5
-6
-16
-19
-11
-7
-16
-21
-13
-10
-17
-18
-11
-3
-9
-12
-10
-3
-6
-12
-7
4
6
0
0
6
8
6
8
12
15
13
7
7
18
28
18
6
7
15
16
13
7
7
10
8
1
-1
3
-3
-7
-3
2
-3
-8
-8
-10
-12
-8
0
-5
-9
-6
-8
-15
-16
-15
-10
-4
-8
-19
-19
-5
4
-3
-9
-6
0
0
-5
-1
3
1
1
8
11
6
7
11
15
17
16
11
10
14
12
8
9
7
-4
-13
0
12
-1
-18
-14
-3
0
-5
-14
-11
-2
0
-8
-7
-1
-5
-5
-2
-1
-7
-11
0
10
2
-11
-7
8
3
-13
-7
12
14
-1
-5
5
11
2
-3
2
8
9
7
5
-1
-4
4
16
11
2
7
15
10
1
0
3
2
-10
-9
2
3
-10
-17
-7
-1
-3
-8
-12
-2
-2
-17
-21
-10
5
10
1
-11
-2
14
9
-6
-2
10
7
2
2
8
14
13
6
6
11
7
4
3
0
-1
6
6
-13
-13
0
-2
-18
-19
-12
-11
-8
-11
-19
-10
5
-6
-25
-10
6
-5
-11
9
7
-14
0
26
11
-16
3
32
16
-5
7
23
20
16
17
13
14
15
8
4
14
12
4
6
11
4
-4
0
1
-5
-8
0
2
-5
-9
-5
-4
-6
-1
1
-3
-10
-9
-3
0
-7
-19
-15
-2
0
-12
-18
-9
-6
-8
-5
1
-5
-7
2
5
-7
-7
9
7
-8
-4
9
2
-10
-3
6
3
3
4
1
-2
4
8
1
6
16
4
-11
2
19
12
-3
-6
-3
-2
2
3
-4
-13
-6
2
-7
-18
-12
0
-2
-8
-9
0
6
2
-10
-12
2
14
9
0
6
14
6
-2
2
10
5
0
8
10
-2
-5
2
7
4
0
-1
-3
-1
4
8
3
-3
-1
6
4
0
3
7
6
1
-1
0
6
9
2
-6
-2
5
2
-7
-10
-10
-7
-3
-1
-7
-12
-7
-4
-8
-12
-8
-3
-4
-11
-11
-4
1
-3
-8
-6
4
11
8
2
4
6
5
5
7
7
3
2
2
5
11
10
3
-3
-3
4
4
-9
-14
-6
1
-5
-14
-14
-7
-6
-12
-22
-20
-4
4
-7
-19
-12
3
3
-5
-1
9
11
7
9
10
11
14
16
14
18
18
12
6
12
18
10
1
6
16
11
0
3
10
7
-5
-3
9
9
-3
-11
-8
-3
0
-7
-21
-20
-5
-3
-19
-27
-15
-5
-9
-14
-6
3
-3
-13
-11
3
9
5
2
4
9
11
4
-5
-2
10
15
4
-6
4
16
10
-7
-11
0
5
-1
-4
0
-1
-6
-5
-4
-3
-7
-4
0
0
-4
-3
5
8
4
3
5
8
6
5
2
1
4
8
9
8
4
-1
1
7
6
-3
-7
-9
-8
-2
5
-2
-17
-14
-1
-3
-11
-11
-4
-3
-3
-1
-3
-7
-4
2
2
0
2
9
7
0
0
6
5
-2
-2
6
11
8
4
3
4
4
1
-2
0
8
8
2
-2
-1
2
3
3
1
-3
1
3
0
-6
-4
1
3
-1
-3
-2
0
-2
-6
-8
-1
3
-2
-6
-2
0
-2
-3
-2
-5
-7
-4
1
-2
-1
0
3
4
1
-5
-5
5
9
7
2
-3
-3
3
9
4
0
0
7
4
-5
-4
3
6
-1
-3
0
1
-2
-3
0
-1
-2
2
6
2
-8
-8
-1
0
-2
-4
-1
0
-2
-6
-2
4
6
1
-4
1
8
4
-2
-1
7
6
-2
-3
3
6
1
-3
-3
0
0
1
1
0
-5
-4
0
2
1
2
3
-1
-1
5
9
6
4
4
3
6
7
0
-8
-4
2
-2
-8
-7
-9
-14
-12
-6
-8
-17
-19
-11
-5
-15
-19
-14
-2
-1
-4
-1
2
1
-1
6
18
19
16
22
30
32
28
26
30
32
31
26
22
24
28
22
10
6
10
6
-2
-6
-11
-19
-22
-22
-27
-31
-33
-38
-46
-46
-44
-40
-38
-39
-37
-35
-34
-29
-21
-13
-9
-6
2
12
20
24
25
27
39
44
40
32
40
56
59
44
33
34
38
30
21
18
15
7
-6
-18
-22
-27
-34
-43
-51
-60
-67
-68
-65
-66
-70
-67
-58
-48
-42
-35
-26
-11
5
14
22
36
59
69
65
71
92
105
98
87
83
85
81
70
56
47
42
27
-1
-22
-28
-32
-52
-73
-82
-86
-94
-102
-109
-112
-108
-103
-98
-91
-78
-66
-60
-48
-25
1
16
22
37
59
77
85
89
101
111
117
113
109
105
98
81
68
62
54
38
16
-2
-20
-37
-52
-62
-68
-82
-95
-102
-102
-102
-102
-94
-85
-78
-73
-62
-45
-28
-10
4
20
33
44
58
77
92
96
102
108
112
113
114
115
110
103
94
81
66
53
44
35
24
8
-11
-28
-41
-53
-67
-81
-93
-105
-119
-129
-128
-121
-129
-144
-144
-128
-116
-116
-113
-95
-80
-76
-70
-49
-29
-17
-6
14
33
42
53
66
78
81
89
104
116
118
114
119
123
120
113
110
109
105
94
74
58
52
45
22
3
-3
-8
-23
-43
-51
-56
-66
-72
-72
-74
-88
-98
-91
-79
-82
-92
-83
-64
-55
-58
-57
-43
-24
-14
-8
4
23
42
47
44
45
59
75
82
76
69
68
68
63
52
46
41
39
30
14
5
0
-10
-26
-38
-40
-36
-35
-41
-55
-63
-53
-37
-32
-40
-49
-41
-24
-18
-21
-13
5
15
12
5
12
30
44
40
26
22
31
39
35
26
24
29
21
3
-7
-7
-6
-9
-14
-20
-24
-23
-17
-18
-30
-36
-27
-16
-16
-24
-23
-9
3
2
-6
-10
3
17
22
15
13
15
20
24
23
22
23
26
29
24
17
9
8
15
18
10
-2
-2
4
5
-7
-15
-13
-6
-7
-15
-18
-11
-3
-8
-19
-15
-2
1
-9
-13
-4
5
5
1
0
2
4
2
-3
-4
-1
0
-2
-2
1
6
5
-1
-5
-4
0
-1
-4
-6
-3
-1
-2
0
2
-2
-14
-19
-9
0
-5
-13
-8
2
3
-8
-15
-12
-4
-3
-8
-9
-5
0
1
-4
-7
-3
2
5
3
4
10
14
11
12
19
22
18
10
8
16
23
21
14
15
19
13
0
-2
6
10
0
-16
-17
-6
0
-4
-11
-10
-5
-4
-8
-12
-7
5
9
2
-5
-2
9
16
9
2
4
11
11
5
5
13
12
0
-11
-8
-2
-4
-12
-13
-7
-5
-8
-12
-12
-10
-10
-13
-17
-15
-10
-8
-8
-11
-10
-8
-5
-10
-17
-17
-6
5
5
-2
-2
7
11
10
8
16
29
34
29
24
26
25
22
19
18
15
13
7
-1
-7
-7
-3
-5
-14
-19
-14
-12
-17
-22
-21
-17
-14
-14
-15
-16
-19
-18
-17
-16
-13
-11
-6
1
4
3
0
1
6
10
11
9
7
10
16
18
11
8
10
13
11
5
3
6
9
9
8
7
7
6
5
5
6
7
5
3
-1
-1
0
1
-1
-7
-11
-9
-4
-2
-4
-7
-8
-6
-3
-3
-5
-4
-3
0
0
0
-3
-3
-2
-3
-5
-6
-5
-2
-1
-3
-8
-12
-13
-11
-9
-11
-14
-13
-8
-5
-6
-6
-1
5
9
6
2
2
5
9
8
3
4
5
3
-1
-1
3
5
4
3
5
12
14
13
12
15
21
23
21
17
16
14
11
5
1
0
-1
-4
-11
-13
-12
-10
-12
-13
-10
-8
-7
-6
-2
1
0
-1
-1
0
0
0
2
2
0
-1
-2
-1
0
0
0
-1
-1
0
3
3
4
3
3
2
2
5
6
3
-3
-4
-2
-5
-9
-13
-11
-10
-14
-16
-14
-14
-14
-16
-15
-11
-6
-6
-5
-4
-2
-1
2
4
3
2
4
6
5
2
-1
1
5
5
2
0
0
2
3
2
2
4
7
10
11
12
16
17
17
13
11
11
9
6
2
0
0
-4
-9
-13
-13
-11
-11
-12
-13
-15
-15
-11
-9
-7
-8
-5
0
0
-1
1
4
6
4
7
10
12
10
7
5
5
4
4
6
9
6
2
2
2
3
1
1
0
1
0
0
1
1
0
0
1
1
0
0
0
-2
-4
-3
0
-2
-4
-5
-3
-1
-2
-2
-2
-2
-1
0
1
3
2
1
-1
-1
-2
-1
-1
-2
-3
-3
-3
-3
-3
-5
-7
-8
-8
-7
-8
-10
-10
-10
-8
-7
-7
-7
-3
-3
-2
-1
4
9
12
13
13
15
18
21
22
20
18
16
14
15
15
15
10
9
6
4
4
2
-1
-4
-5
-5
-6
-11
-13
-15
-17
-19
-19
-20
-19
-20
-21
-22
-23
-23
-19
-15
-12
-9
-7
-4
-1
3
8
11
14
18
24
24
23
24
24
23
22
22
22
18
16
12
8
5
5
1
-2
-5
-8
-12
-14
-16
-18
-17
-16
-17
-20
-21
-21
-19
-17
-14
-10
-8
-6
-6
-2
3
7
7
8
16
25
26
25
23
22
26
25
22
18
16
16
12
7
3
-2
-10
-16
-17
-18
-21
-23
-23
-26
-32
-32
-28
-22
-17
-16
-15
-11
-4
3
9
12
10
14
22
23
18
10
4
-4
-14
-19
-18
-23
-35
-50
-60
-66
-69
-70
-69
-70
-72
-70
-62
-57
-51
-37
-11
3
6
13
35
66
91
104
106
111
125
145
161
173
180
182
183
183
180
184
186
172
142
111
93
83
63
25
-24
-69
-100
-128
-167
-213
-252
-271
-275
-277
-286
-292
-289
-265
-231
-200
-174
-144
-106
-66
-25
22
75
124
154
174
192
211
229
244
253
246
219
180
146
125
107
82
37
-18
-59
-89
-115
-142
-172
-191
-195
-189
-174
-156
-144
-139
-119
-81
-36
14
70
120
144
155
172
209
245
258
256
258
247
212
169
139
119
89
41
-22
-77
-115
-149
-196
-247
-282
-307
-341
-379
-403
-403
-386
-371
-370
-365
-342
-305
-259
-201
-133
-71
-22
26
83
144
207
266
316
364
401
428
450
453
434
417
416
424
411
359
284
213
164
132
96
46
-17
-83
-145
-198
-240
-266
-274
-285
-308
-333
-331
-293
-252
-218
-185
-141
-94
-56
-28
1
51
103
142
160
166
178
194
204
197
176
162
152
131
99
73
61
46
5
-55
-96
-98
-91
-102
-134
-165
-183
-191
-182
-162
-143
-129
-122
-120
-110
-76
-19
28
46
46
53
64
79
98
111
117
122
114
86
63
54
43
23
10
0
-23
-47
-59
-61
-63
-73
-90
-99
-101
-98
-99
-104
-100
-83
-67
-54
-44
-38
-28
-11
13
42
62
67
70
87
112
128
134
134
132
123
117
117
111
95
81
65
45
30
21
12
-2
-24
-43
-49
-45
-49
-58
-64
-69
-72
-70
-65
-58
-54
-53
-48
-46
-46
-42
-34
-25
-20
-24
-28
-17
-9
-12
-5
6
9
7
12
18
22
28
27
25
34
42
33
24
27
25
20
17
21
28
23
11
5
5
2
1
0
-5
-6
-5
-7
-9
-9
-15
-19
-14
-3
-5
-17
-11
1
-8
-14
1
6
-5
-9
5
10
2
1
7
6
1
-2
0
9
8
-1
-2
0
-3
-5
-3
-5
-14
-20
-17
-9
-9
-16
-15
-5
-1
-10
-10
5
9
4
5
10
12
18
25
22
12
10
18
23
16
14
17
14
11
9
6
3
9
4
-11
-10
1
-5
-17
-10
-8
-19
-21
-12
-15
-19
-10
-2
-7
-11
-6
-3
-4
-3
5
9
10
7
2
3
9
9
1
0
5
6
-4
-8
-6
-1
-2
-10
-17
-13
-3
-2
-11
-16
-17
-11
-8
-9
-13
-9
-1
-2
-11
-12
0
2
-1
0
3
1
-1
3
7
8
9
8
8
10
9
10
11
8
6
8
12
12
8
3
4
4
4
3
2
5
5
1
0
3
4
2
3
7
7
5
5
8
9
7
4
5
7
7
6
5
5
2
3
4
1
-1
0
-1
-9
-10
-7
-9
-12
-10
-9
-12
-13
-12
-14
-16
-15
-12
-12
-10
-9
-11
-11
-7
-5
-5
-4
-1
-1
-3
0
0
1
0
2
0
-4
-2
0
0
0
3
1
-1
1
4
8
5
2
5
10
10
7
7
8
9
8
9
10
9
6
4
7
7
4
4
4
3
3
1
0
0
0
0
0
-1
-2
-3
-4
-6
-7
-6
-5
-4
-5
-6
-7
-7
-7
-6
-5
-5
-5
-4
-3
-2
0
2
2
2
4
5
5
8
10
10
9
11
11
11
10
7
6
8
6
1
1
2
1
-1
-3
-4
-7
-6
-5
-6
-7
-10
-9
-11
-10
-9
-9
-10
-10
-9
-8
-7
-7
-5
-3
-2
-2
-1
2
3
3
4
6
6
6
6
8
7
6
6
5
4
4
4
4
1
-2
-1
0
1
-2
-6
-7
-7
-7
-10
-10
-8
-9
-8
-7
-7
-7
-7
-4
-3
-4
-2
0
1
5
6
8
8
7
9
11
11
10
10
11
11
7
5
7
8
4
3
3
3
1
-1
-1
-2
-3
-2
-1
-3
-4
-6
-5
-5
-6
-6
-4
-3
-3
-4
-1
0
-1
-3
-4
-1
-1
0
0
-2
-1
-4
-3
-2
-3
-2
-1
-1
-1
-2
1
0
2
2
2
3
4
2
2
2
3
4
5
4
2
4
4
2
-1
0
1
0
0
0
-1
-2
1
0
-1
-1
0
0
1
0
0
1
3
3
2
2
3
4
4
5
4
4
3
4
3
2
1
1
0
0
-1
0
0
-2
-3
-3
-3
-3
-4
-3
-5
-5
-5
-5
-6
-6
-5
-7
-6
-6
-5
-3
-4
-3
0
0
-2
0
2
3
4
1
1
2
5
5
4
2
3
2
2
2
1
0
0
0
1
0
0
-1
-1
0
-1
-2
-2
-2
-1
-1
-1
0
-2
-2
-1
-1
-1
-2
-1
0
-1
0
-1
0
0
0
0
1
2
0
0
0
0
0
1
2
0
-1
0
0
1
0
0
0
1
1
2
1
2
0
0
2
4
2
1
3
4
2
1
3
2
1
0
2
1
2
3
2
3
3
3
1
2
2
2
1
1
0
0
0
0
0
0
1
0
0
-1
-1
-1
-1
-2
-2
-2
-3
-3
-3
-3
-2
-3
-2
-1
-1
-1
-3
-2
0
0
0
0
0
0
-1
0
-1
-1
-1
-2
-3
-3
-2
-1
-2
-1
-1
-3
-1
0
1
0
1
2
2
3
