SAMPLES:	10588
BITSPERSAMPLE:	16
CHANNELS:	1
SAMPLERATE:	16000
NORMALIZED:	FALSE
-4
-2
-3
-3
-3
-2
-1
-2
0
-1
0
0
1
2
2
-1
1
1
-1
1
0
0
0
0
-2
-3
-4
-2
-3
-3
-4
-2
-2
-3
0
-3
-2
0
-1
-1
-1
1
0
1
1
0
-2
0
1
0
0
0
-1
0
0
0
0
1
-1
0
0
0
0
0
0
0
0
-1
-1
2
2
1
-1
-1
-1
-1
-2
-2
-2
-1
-2
-4
-1
0
1
1
0
0
1
1
1
1
3
3
5
4
5
4
1
2
2
2
0
-2
0
0
-1
-3
-4
-2
-5
-4
-1
-3
-2
-5
-2
0
-3
-2
-3
-1
-1
-2
1
1
0
-2
0
2
2
0
-1
0
1
2
1
0
0
0
1
1
-1
1
1
4
2
0
0
1
2
0
-2
1
0
0
0
-1
-1
-2
0
0
0
0
1
2
0
-1
1
0
3
1
1
1
-1
0
0
0
0
0
0
0
-1
0
1
0
2
1
1
0
1
2
1
-1
0
2
1
1
0
0
0
-1
-1
0
0
-2
-2
0
0
1
-1
1
0
1
1
2
2
3
1
0
1
0
1
3
2
1
1
-1
0
-1
1
0
0
0
0
0
0
0
0
-1
1
0
1
1
3
1
0
0
0
0
1
2
0
1
0
0
0
-1
-1
-1
0
0
0
-1
2
1
-1
-1
0
0
-1
-1
1
1
0
-1
-2
0
0
0
-1
-1
0
0
0
0
0
-1
0
-1
0
0
0
0
-1
0
0
1
0
0
-1
-1
-1
-1
-1
-2
-1
0
0
0
-1
-1
-1
-1
1
0
0
0
0
0
0
0
2
0
1
0
1
1
0
1
-1
-2
-2
-2
-1
0
1
-1
0
0
0
-2
-2
-2
0
-1
-1
0
1
0
0
1
2
3
3
2
-1
1
0
0
0
0
0
0
0
-1
-2
-2
-1
-1
-1
-2
-1
0
0
0
-1
0
0
1
-1
0
3
2
0
0
-1
1
1
0
0
-1
-2
-2
-3
-3
-3
-2
-2
-3
-1
-1
0
-1
-2
0
1
1
1
1
2
2
2
2
2
0
1
0
0
-1
-1
-3
-4
-4
-4
-3
-4
-4
-3
-2
-3
-2
0
0
0
0
3
3
3
2
4
6
3
2
2
2
0
1
0
-1
-1
-1
0
0
-3
-4
-1
-1
-2
-1
1
1
1
-1
2
3
1
1
2
4
2
2
2
3
2
2
2
1
0
1
2
2
0
-1
0
1
1
-1
-1
0
0
1
2
2
2
3
3
1
-1
0
0
1
1
1
1
0
0
1
0
0
0
0
0
1
1
0
0
-1
1
1
1
0
1
3
1
1
1
2
2
0
0
0
1
2
0
-1
0
1
0
0
1
1
2
1
0
1
-1
0
0
0
1
0
0
0
0
0
-2
-1
0
1
0
0
-1
0
0
0
0
1
0
0
1
2
3
2
2
3
0
0
0
0
-1
-2
0
0
-1
-2
-2
-1
-1
-2
-2
0
0
0
0
0
0
1
1
0
0
0
1
-1
1
1
1
0
0
0
0
-2
-2
-1
-2
-3
-3
-3
-2
-2
-2
-2
-1
0
0
0
0
1
0
2
3
4
3
3
2
2
3
2
2
2
2
2
1
1
0
-1
0
0
-2
-4
-4
-4
-4
-3
-4
-4
-2
0
-1
-1
-1
0
1
1
1
3
3
3
1
0
0
1
2
2
-1
0
0
0
-1
-1
-2
-2
-1
-1
-1
-1
-2
-1
-1
0
0
0
0
0
-1
-1
0
0
1
0
1
0
-2
-1
0
0
-1
-2
-2
-2
-2
-3
-2
-1
-1
-1
0
0
0
0
0
1
2
0
0
2
2
1
0
1
1
0
0
-2
-2
-1
-3
-3
-2
-3
-2
-3
-2
-2
-2
-3
-3
-2
0
0
1
1
2
1
1
1
0
-1
0
0
0
0
-2
-2
-1
-4
-4
-4
-3
-4
-3
-2
-1
0
-1
0
0
2
3
2
2
3
4
3
1
2
2
1
0
-1
0
-1
0
-1
-1
-1
-1
-1
-1
1
0
0
2
2
1
1
4
3
3
3
3
1
1
2
2
0
1
0
1
-1
-2
-2
-1
0
-1
-2
-2
-1
0
-1
-1
0
1
1
-1
0
0
1
1
2
2
2
2
0
0
0
0
0
0
0
0
0
0
-1
-1
-1
-1
1
1
0
0
0
-1
0
0
0
-1
-1
-1
-1
-2
-1
1
0
-1
-1
0
0
-1
-1
-1
0
0
-1
-1
0
1
0
0
0
0
1
0
0
1
0
0
1
1
0
1
-1
0
0
0
0
0
-1
1
-1
0
1
0
0
0
0
1
0
0
0
0
1
0
-1
0
-1
0
2
1
0
-1
0
1
0
0
0
0
-1
0
0
-1
-1
-1
0
0
-1
-1
-1
-1
-3
-2
0
0
0
-1
-1
0
0
0
0
0
0
0
0
1
-1
0
-1
0
0
0
0
1
0
0
0
-1
0
-2
-2
-1
-1
-1
-2
-1
-1
-1
-2
-2
-2
-1
0
0
-1
-1
0
0
0
0
1
1
2
0
0
0
1
1
0
0
0
0
-1
-1
0
-1
-1
-1
-1
-1
-1
-1
-1
0
0
0
0
0
0
1
0
1
0
1
1
-1
0
0
0
0
-1
-1
-2
-2
-1
-1
-1
-1
1
1
0
0
1
1
0
0
-1
2
3
2
2
1
1
0
0
0
0
0
0
-1
0
-1
0
-1
-2
-2
-1
0
0
0
1
2
2
1
0
1
1
2
3
3
2
0
0
1
0
-1
0
0
0
0
0
0
0
0
0
0
0
0
1
3
2
1
2
2
3
1
2
1
2
0
0
0
0
0
1
2
-1
-2
-3
0
0
0
0
-1
0
-1
0
0
-1
0
0
1
2
2
2
1
1
2
2
0
1
3
2
2
0
0
0
0
-1
-1
0
0
0
1
0
-1
-2
0
1
0
0
-1
0
1
1
1
0
0
1
0
0
1
1
1
0
-1
2
2
0
1
0
-1
-1
-1
1
0
0
0
1
0
0
0
0
0
1
2
1
0
1
1
1
0
0
-1
0
2
0
-2
0
0
0
-2
-1
0
0
-2
0
-1
1
0
0
0
0
1
1
1
1
0
-1
0
0
-2
-1
0
0
-1
-1
0
1
0
-1
-2
1
2
1
1
1
2
1
-1
-1
-1
0
1
-1
-1
-2
-1
-2
-2
-2
-2
-1
0
-1
-3
-2
-1
1
0
1
2
2
3
2
2
2
2
1
1
2
3
1
1
1
2
-1
-3
-1
-2
-2
-1
1
0
-2
-1
0
-1
-2
0
4
1
0
5
7
3
-1
2
3
4
3
1
0
1
2
0
-1
-1
0
-2
-1
0
-1
-2
-2
0
0
-1
0
2
1
-1
1
1
3
6
5
2
0
0
1
0
-2
-4
-3
-3
-3
-5
-6
-6
-4
-5
-5
-2
-1
0
0
2
4
6
6
8
9
7
8
8
8
5
6
7
5
4
2
0
-1
0
1
0
-1
-3
-3
-5
-6
-6
-6
-6
-4
-3
-4
-5
-3
-1
-2
-2
-1
0
0
1
4
3
2
3
4
3
4
5
5
4
2
2
1
-1
-4
-5
-4
-6
-7
-6
-6
-6
-4
-4
-6
-6
-2
0
1
4
5
6
8
9
11
11
11
11
8
8
7
4
2
0
-1
-2
-6
-7
-8
-9
-10
-9
-9
-6
-5
-4
-2
2
4
6
9
10
11
12
13
14
14
13
12
10
8
5
2
1
-3
-5
-6
-9
-10
-10
-10
-10
-6
-5
-5
-5
-5
-2
0
1
-1
1
-1
-4
-9
-12
-15
-21
-27
-30
-29
-29
-28
-23
-12
-3
0
3
17
33
45
56
70
85
90
90
90
88
76
49
22
6
-10
-39
-72
-91
-101
-125
-161
-183
-182
-174
-181
-189
-182
-157
-139
-131
-109
-71
-34
-13
-6
8
28
45
65
88
105
91
49
18
10
12
12
17
17
2
-25
-51
-78
-138
-231
-326
-397
-464
-546
-630
-674
-662
-620
-563
-479
-311
-59
247
570
884
1222
1578
1924
2225
2481
2709
2848
2865
2811
2703
2522
2211
1825
1433
987
438
-206
-819
-1402
-2022
-2669
-3220
-3589
-3857
-4103
-4282
-4273
-4073
-3747
-3309
-2700
-1925
-1060
-137
819
1736
2513
3157
3708
4123
4346
4391
4275
3961
3371
2520
1528
440
-713
-1877
-3019
-4128
-5206
-6172
-6913
-7387
-7605
-7616
-7389
-6852
-5996
-4931
-3776
-2559
-1249
142
1564
2961
4228
5335
6261
7005
7542
7863
8045
8133
8155
8101
7969
7744
7428
6988
6407
5758
5103
4394
3483
2371
1226
94
-1126
-2444
-3665
-4691
-5700
-6761
-7663
-8243
-8648
-9019
-9142
-8782
-8123
-7493
-6823
-5788
-4403
-3067
-1930
-708
728
2080
3084
3895
4751
5506
5902
6039
6178
6233
5912
5219
4476
3788
2940
1836
671
-436
-1562
-2713
-3755
-4584
-5272
-5911
-6426
-6691
-6690
-6509
-6239
-5820
-5163
-4308
-3403
-2522
-1584
-502
609
1578
2417
3240
4056
4695
5059
5258
5407
5471
5362
5105
4800
4466
4088
3691
3364
3153
3029
2940
2908
3002
3185
3299
3204
3026
2927
2781
2303
1505
711
-26
-1010
-2319
-3567
-4500
-5380
-6424
-7287
-7603
-7591
-7662
-7692
-7227
-6277
-5295
-4395
-3224
-1601
93
1521
2836
4281
5698
6737
7406
7934
8304
8244
7629
6641
5439
3977
2170
122
-1932
-3807
-5488
-6980
-8184
-8980
-9368
-9484
-9299
-8702
-7759
-6691
-5583
-4278
-2739
-1196
120
1261
2370
3387
4102
4513
4840
5166
5271
5024
4675
4483
4294
3789
3046
2430
2015
1522
820
228
36
137
276
483
1078
2113
3246
4124
4837
5628
6316
6436
5837
4896
3925
2706
922
-1192
-3089
-4655
-6253
-7915
-9137
-9593
-9673
-9754
-9488
-8419
-6817
-5368
-4098
-2476
-457
1380
2760
4090
5628
7019
7878
8407
8992
9501
9452
8704
7608
6410
4947
2982
653
-1672
-3815
-5868
-7857
-9504
-10552
-11106
-11449
-11534
-11015
-9887
-8584
-7368
-5954
-4113
-2180
-597
761
2274
3797
4809
5248
5641
6228
6575
6345
5869
5624
5507
5077
4290
3471
2749
1947
972
20
-745
-1385
-1944
-2254
-2114
-1553
-693
369
1571
2802
3987
5086
5877
6074
5633
4905
4108
2987
1301
-628
-2275
-3641
-5071
-6505
-7437
-7696
-7685
-7628
-7144
-5943
-4451
-3255
-2169
-654
1139
2539
3437
4449
5712
6666
7036
7261
7689
7855
7259
6157
5074
3947
2282
70
-2125
-3971
-5712
-7572
-9225
-10214
-10616
-10842
-10961
-10554
-9427
-8001
-6711
-5398
-3671
-1686
24
1378
2724
4121
5162
5645
5920
6280
6478
6185
5579
5113
4811
4288
3400
2432
1636
898
48
-800
-1429
-1822
-2075
-2128
-1779
-973
103
1315
2656
4060
5353
6405
7158
7421
6993
6046
4966
3719
1927
-370
-2469
-4025
-5527
-7278
-8660
-9035
-8838
-8778
-8539
-7370
-5556
-4052
-2932
-1412
621
2328
3361
4351
5716
6918
7430
7647
8097
8468
8154
7231
6255
5272
3834
1811
-416
-2517
-4533
-6593
-8578
-10177
-11227
-11828
-12192
-12234
-11585
-10254
-8756
-7412
-5882
-3829
-1664
25
1412
3002
4658
5737
6200
6731
7520
7944
7620
7059
6809
6583
5831
4600
3409
2426
1292
-132
-1460
-2371
-3036
-3732
-4208
-4004
-3185
-2174
-1068
386
2152
3794
5091
6221
7140
7432
6909
5981
5004
3645
1617
-635
-2478
-4032
-5747
-7275
-7921
-7853
-7823
-7784
-6892
-5115
-3474
-2379
-1074
901
2825
4037
5019
6370
7705
8405
8637
8960
9280
9037
8097
6810
5417
3711
1507
-1048
-3640
-6116
-8521
-10758
-12533
-13590
-14058
-14176
-13806
-12615
-10733
-8745
-6905
-4899
-2531
-304
1295
2501
3762
4954
5541
5567
5631
5956
6077
5646
5094
4929
4914
4444
3528
2757
2297
1630
426
-819
-1495
-1823
-2416
-3122
-3101
-2208
-1185
-352
886
2813
4673
5893
6919
8155
8912
8419
7201
6121
4864
2582
-304
-2587
-4256
-6286
-8532
-9629
-9400
-9206
-9452
-8828
-6729
-4544
-3362
-2173
124
2634
3956
4542
5821
7659
8627
8402
8214
8770
9123
8264
6671
5426
4462
2820
260
-2327
-4322
-6227
-8516
-10746
-12143
-12644
-12841
-12935
-12475
-11025
-8985
-7169
-5637
-3702
-1237
833
1982
2903
4231
5375
5586
5377
5602
6003
5681
4746
4187
4218
3953
2862
1646
1033
707
-95
-1260
-1966
-2024
-2087
-2452
-2469
-1601
-368
490
1267
2681
4491
5766
6388
7126
7978
7994
7002
5977
5276
3867
1300
-1167
-2560
-3793
-5895
-7901
-8375
-7934
-8125
-8602
-7687
-5497
-3927
-3394
-2191
338
2501
3173
3680
5299
6910
7061
6535
6863
7616
7237
5790
4744
4469
3777
1999
-20
-1417
-2566
-4233
-6228
-7766
-8661
-9430
-10276
-10702
-10326
-9427
-8521
-7624
-6320
-4549
-2739
-1288
-62
1268
2564
3416
3786
4151
4705
4979
4632
4100
3994
4128
3844
3124
2535
2276
1971
1400
837
509
247
-102
-378
-295
110
527
911
1516
2535
3621
4296
4714
5346
6013
5842
4724
3705
3230
2188
-194
-2661
-3780
-4385
-6042
-8045
-8507
-7713
-7643
-8372
-7888
-5796
-4185
-4065
-3633
-1465
894
1652
1795
3213
5401
6452
6458
7099
8562
9284
8692
8017
7976
7651
6166
4034
2183
564
-1432
-3875
-6156
-7782
-8943
-10047
-11022
-11300
-10648
-9685
-9006
-8233
-6685
-4730
-3352
-2601
-1560
-24
1140
1529
1892
2824
3759
4075
4176
4717
5461
5673
5324
5040
5018
4719
3738
2506
1660
1064
178
-899
-1464
-1310
-972
-754
-196
1098
2621
3618
4195
5072
6179
6429
5356
3999
3341
2534
289
-2580
-4191
-4669
-5986
-8263
-9236
-8217
-7473
-8323
-8637
-6664
-4328
-3971
-4257
-2613
154
1436
1364
2397
4922
6743
7082
7612
9318
10796
10720
9901
9614
9447
8091
5545
3029
1057
-1124
-4033
-6904
-8830
-10039
-11243
-12310
-12424
-11490
-10330
-9393
-8174
-6241
-4158
-2657
-1624
-375
1134
2217
2636
3054
4050
5087
5480
5589
6266
7312
7622
7033
6521
6478
5971
4336
2359
996
-83
-1671
-3541
-4643
-4723
-4529
-4434
-3916
-2417
-424
1239
2467
3770
5266
6150
5857
4893
4159
3411
1572
-1144
-3119
-3764
-4685
-6851
-8532
-7982
-6597
-6846
-7960
-7226
-4808
-3691
-4557
-4493
-2220
-324
-561
-624
1782
4793
5789
6017
8108
11159
12217
11372
11191
11940
11182
8180
5057
3075
940
-2492
-6084
-8336
-9504
-10665
-11851
-12159
-11315
-10021
-8921
-7876
-6390
-4579
-3219
-2554
-1903
-697
498
882
1020
2038
3819
5068
5475
6252
7897
9244
9194
8475
8270
8070
6663
4233
2224
963
-615
-2743
-4254
-4372
-3950
-3817
-3323
-1638
710
2464
3480
4649
6154
7028
6441
4893
3423
2263
571
-2241
-5210
-6864
-7432
-8648
-10644
-11336
-9917
-8636
-9170
-9581
-7675
-5110
-4720
-5539
-4429
-1567
-42
-190
952
4365
7295
8192
9282
12211
14976
15226
14082
13745
13652
11774
8092
4536
1821
-1151
-4815
-8048
-9970
-11176
-12354
-13077
-12720
-11550
-10315
-9310
-8289
-6966
-5426
-4171
-3508
-2979
-1965
-738
101
862
2296
4170
5505
6383
7726
9478
10408
10031
9476
9398
8843
6937
4557
2969
1815
123
-1761
-2613
-2383
-2070
-1946
-1220
407
2048
2981
3478
4148
4784
4528
3094
1271
-49
-1203
-3254
-6015
-7823
-8040
-8278
-9707
-10718
-9538
-7599
-7315
-7834
-6507
-3840
-2770
-3400
-2763
-119
1708
1528
2013
4856
7768
8456
8573
10535
13015
13230
11566
10605
10511
8958
5402
1953
-188
-2328
-5524
-8550
-10028
-10485
-11130
-11837
-11616
-10378
-8995
-8078
-7354
-6292
-4920
-3837
-3387
-3027
-2072
-898
-253
201
1503
3465
4780
5333
6373
8217
9471
9295
8743
8797
8735
7469
5438
3902
2937
1637
-119
-1323
-1433
-1178
-1288
-1344
-489
1011
1993
2074
2099
2746
3263
2534
901
-233
-557
-1420
-3463
-5190
-5285
-4953
-5961
-7346
-6886
-5113
-4713
-5918
-5885
-3721
-2222
-3050
-3693
-1762
741
1093
758
2714
6042
7497
7348
8616
11331
12378
10948
9777
10030
9339
6211
2605
520
-1161
-4220
-7766
-9815
-10491
-11367
-12630
-12964
-11939
-10641
-9913
-9235
-7872
-6146
-4939
-4412
-3781
-2559
-1281
-619
-220
917
2771
4206
4869
5809
7627
9147
9315
8980
9260
9524
8446
6409
4926
4090
2717
605
-930
-1152
-1040
-1396
-1573
-730
725
1728
2124
2509
3195
3712
3331
2145
1002
390
-462
-2296
-4214
-4886
-4783
-5598
-7151
-7387
-6000
-5241
-6176
-6649
-4995
-3204
-3460
-4197
-2776
-206
641
318
1759
4920
6839
6897
7706
10094
11571
10796
9661
9644
9195
6781
3633
1518
-104
-2732
-5925
-8004
-8725
-9406
-10551
-11074
-10280
-8999
-8242
-7742
-6715
-5278
-4197
-3776
-3433
-2648
-1696
-1127
-920
-279
1139
2534
3213
3791
5237
6906
7410
7053
7261
7946
7522
5763
4360
4045
3419
1567
-128
-224
379
102
-609
-140
1437
2424
2200
2076
2874
3546
2875
1349
422
242
-480
-2345
-4126
-4496
-4174
-4844
-6300
-6555
-5206
-4359
-5213
-5878
-4519
-2697
-2823
-3845
-2936
-497
524
-84
653
3464
5476
5421
5709
7845
9604
9102
7979
8058
8154
6386
3572
1715
542
-1616
-4703
-6867
-7481
-8063
-9509
-10582
-10023
-8760
-8297
-8274
-7350
-5622
-4501
-4197
-3557
-2126
-870
-462
-135
1011
2634
3614
3873
4495
5969
7260
7321
6957
7341
7917
7267
5626
4636
4404
3477
1565
201
179
285
-346
-786
-66
1155
1771
1960
2511
3350
3666
3114
2165
1342
578
-692
-2705
-4651
-5582
-5998
-7123
-8643
-8797
-7427
-6686
-7311
-7122
-4847
-2731
-2848
-3251
-1416
1143
1556
799
1998
4736
5873
5301
6024
8566
10013
9163
8477
9383
9738
7800
5167
3725
2514
-112
-3349
-5428
-6594
-8164
-9987
-10796
-10466
-10054
-9928
-9422
-8210
-6822
-5778
-4968
-4005
-2835
-1796
-1179
-715
207
1473
2339
2657
3378
4897
6135
6424
6537
7302
7930
7426
6417
5958
5750
4688
3024
2116
2238
2172
1360
942
1793
3026
3288
2937
3301
4199
4081
2468
853
195
-775
-3265
-6138
-7514
-7884
-9162
-11023
-11316
-9830
-8770
-8936
-8216
-5522
-2991
-2400
-2116
-28
2546
3180
2636
3538
5745
6648
5918
6023
7838
9126
8422
7431
7889
8491
7179
4647
3032
2316
514
-2666
-5273
-6242
-6908
-8596
-10301
-10400
-9245
-8562
-8661
-8068
-6248
-4549
-3984
-3608
-2286
-814
-481
-791
-204
1201
1821
1487
1747
3159
4391
4520
4590
5479
6340
6213
5530
5254
5230
4681
3623
2782
2610
2716
2509
2249
2644
3624
4231
4005
3940
4584
4674
3202
1112
119
-474
-2656
-5779
-7541
-7615
-8347
-10337
-10978
-9255
-7570
-7689
-7476
-4809
-1722
-860
-1029
586
3287
4162
3411
3715
5543
6505
5736
5399
6672
7854
7351
6301
6373
6827
5944
3916
2240
1220
-352
-2897
-5255
-6686
-7678
-9043
-10453
-10883
-10266
-9428
-9014
-8409
-6810
-4763
-3370
-2668
-1498
235
1217
1126
1255
2329
3087
2647
2280
3130
4198
4121
3646
4189
5100
4869
3778
3349
3630
3180
1773
816
1008
1388
1149
1002
1783
3043
3810
4033
4496
5207
5284
4201
2632
1528
472
-1525
-4220
-6167
-6917
-7810
-9345
-10009
-8922
-7506
-7179
-6718
-4510
-1751
-476
-221
1131
3470
4586
4270
4552
6119
7145
6595
6271
7351
8360
7788
6539
6329
6440
5238
2931
928
-460
-2352
-5018
-7403
-8877
-9930
-11095
-12023
-11942
-10890
-9595
-8447
-7004
-4772
-2312
-535
670
2104
3657
4339
4035
3856
4168
4001
2976
2077
2072
2191
1644
1061
1178
1580
1366
712
548
845
797
172
-178
392
1268
1715
2038
3087
4671
5676
5921
6265
6921
6716
5129
3321
2088
570
-2174
-5106
-6808
-7779
-9264
-10827
-10865
-9528
-8536
-8176
-6845
-4002
-1425
-287
708
2836
5081
5992
6175
7056
8301
8568
8051
8037
8561
8345
7037
5850
5341
4533
2669
368
-1349
-2748
-4683
-6966
-8635
-9355
-9908
-10699
-10925
-9938
-8285
-6955
-5827
-3948
-1432
589
1644
2605
4049
5015
4683
3871
3764
3852
2905
1351
659
897
702
-221
-677
-220
119
-365
-931
-776
-440
-679
-1165
-1019
-138
678
1243
2123
3625
5140
5936
6365
6945
7245
6370
4533
2833
1315
-973
-4065
-6666
-8175
-9562
-11198
-11918
-11123
-9966
-9333
-8101
-5419
-2541
-811
519
2787
5291
6592
7027
7922
9178
9547
9017
8808
9133
8869
7629
6447
5822
4893
3115
1155
-344
-1897
-3976
-6057
-7510
-8520
-9546
-10339
-10442
-9826
-8830
-7593
-6070
-4281
-2321
-387
1312
2671
3872
4858
5279
5118
4855
4735
4217
3104
2148
1813
1536
707
-109
-158
-28
-555
-1401
-1615
-1332
-1662
-2492
-2633
-1773
-920
-597
226
2109
4095
5249
6099
7474
8634
8411
7037
5635
4391
2221
-1142
-4430
-6734
-8641
-11036
-13074
-13363
-12427
-11766
-11309
-9467
-6164
-3351
-1709
233
3256
5867
6870
7531
9117
10601
10591
9880
10100
10775
10243
8604
7401
6900
5714
3278
812
-860
-2591
-5212
-7925
-9500
-10233
-11177
-12229
-12259
-10951
-9325
-8053
-6593
-4280
-1688
162
1419
2893
4609
5480
5242
5018
5361
5400
4301
2989
2597
2579
1797
547
117
340
-3
-1035
-1579
-1267
-1247
-1980
-2465
-1890
-886
-318
232
1607
3584
5218
6259
7332
8584
9165
8424
6946
5638
4097
1352
-2236
-5123
-6978
-9081
-11659
-13144
-12735
-11888
-11681
-10815
-8174
-5102
-3293
-1847
858
3899
5437
5900
7212
9146
9807
9242
9207
10061
10074
8722
7476
6970
6006
3781
1353
-484
-2350
-4867
-7491
-9313
-10569
-11707
-12549
-12691
-11906
-10570
-8948
-7160
-5130
-2649
-225
1575
2902
4305
5679
6139
5737
5565
5724
5221
3871
2898
2830
2540
1426
591
759
904
180
-630
-592
-394
-1009
-1826
-1769
-1076
-734
-590
422
2314
3970
4993
6197
7916
9129
8916
7811
6883
5865
3615
269
-2742
-4757
-6906
-9810
-11898
-12078
-11489
-11660
-11706
-9771
-6715
-4703
-3700
-1672
1663
3967
4474
5348
7709
9618
9438
8901
10008
11324
10705
8971
8259
8183
6552
3496
999
-632
-2984
-6514
-9544
-11214
-12493
-14095
-15290
-15141
-13931
-12449
-10843
-8686
-5865
-2900
-417
1545
3540
5594
7018
7380
7300
7552
7659
6915
5717
4959
4577
3722
2465
1678
1391
860
-220
-1073
-1194
-1357
-1942
-2452
-2154
-1275
-630
80
1383
3272
4938
5899
6909
8138
8743
7889
6232
5054
3749
1124
-2363
-4986
-6566
-8736
-11354
-12570
-11954
-11420
-11854
-11189
-8344
-5361
-3934
-2593
526
3969
5536
6257
8229
10740
11468
10747
10897
11887
11621
9714
8078
7307
5831
2996
143
-1776
-3804
-6701
-9523
-11281
-12332
-13471
-14348
-14257
-13267
-11789
-10069
-7979
-5390
-2557
66
2196
4112
6109
7637
8126
7966
7937
7893
6941
5344
4231
3617
2493
788
-294
-488
-956
-2085
-2803
-2520
-2239
-2669
-2929
-2106
-874
-241
288
1682
3691
5055
5638
6545
7747
8043
6983
5711
4998
3629
837
-2217
-4108
-5424
-7685
-10116
-11004
-10445
-10185
-10525
-9511
-6860
-4449
-3168
-1574
1569
4586
5921
6735
8520
10502
10850
10164
10290
10822
10064
8067
6643
6070
4590
1827
-701
-2290
-4036
-6702
-9244
-10695
-11632
-12885
-13977
-13957
-12932
-11698
-10389
-8434
-5678
-2759
-194
2196
4774
7297
8915
9508
9714
9951
9718
8349
6474
5028
3906
2279
197
-1222
-1760
-2466
-3731
-4547
-4330
-3967
-4301
-4484
-3577
-2228
-1316
-505
1167
3284
4746
5722
6952
8232
8451
7587
6707
5866
4171
1476
-1126
-3034
-4993
-7329
-9181
-9874
-9916
-10123
-10005
-8700
-6609
-4761
-3364
-1436
1266
3620
5046
6305
8126
9701
10072
9946
10283
10677
10005
8427
7182
6346
4899
2546
250
-1424
-3197
-5553
-7798
-9296
-10397
-11620
-12669
-12892
-12398
-11625
-10614
-9065
-6870
-4419
-2052
281
2721
5127
6943
7872
8399
8862
8792
7675
5947
4533
3327
1594
-516
-1996
-2642
-3336
-4296
-4712
-4191
-3557
-3279
-2721
-1455
109
1263
2335
3847
5489
6684
7345
8028
8571
8281
7104
5728
4497
2704
61
-2598
-4509
-6221
-8428
-10167
-10510
-10170
-10369
-10427
-8714
-6034
-4281
-3290
-1111
2320
4663
5475
6773
9339
11070
10733
10281
11126
11627
10008
7654
6588
5900
3609
316
-1887
-3076
-4953
-7654
-9616
-10281
-10820
-11811
-12372
-11791
-10522
-9434
-8380
-6684
-4256
-1738
192
1836
3809
5903
7274
7631
7817
8254
8094
6783
5163
4098
2995
971
-1307
-2607
-3329
-4519
-5824
-6090
-5472
-5073
-4763
-3506
-1347
448
1649
3363
5863
7890
8615
9020
9854
10200
9043
7165
5780
4294
1643
-1586
-3887
-5381
-7369
-9721
-10983
-10853
-10757
-11111
-10574
-8555
-6490
-5345
-3855
-972
2079
3790
5087
7439
9996
11121
11140
11689
12562
12035
10094
8288
7063
5097
1884
-1202
-3374
-5424
-8028
-10356
-11543
-12136
-12816
-13221
-12620
-11276
-9935
-8598
-6796
-4479
-2210
-305
1535
3531
5318
6541
7413
8246
8950
9148
8812
8308
7731
6900
5619
3966
2265
603
-1079
-2820
-4427
-5543
-6137
-6359
-6184
-5343
-3733
-1747
300
2444
4782
7030
8680
9709
10221
10018
8888
7115
5187
2889
-128
-3333
-5886
-7850
-9909
-11796
-12593
-12376
-12097
-11854
-10655
-8388
-6266
-4790
-2891
27
2842
4626
6256
8665
10986
11973
12216
12995
13750
13005
10956
9109
7633
5216
1630
-1737
-4239
-6776
-9810
-12249
-13313
-13846
-14559
-14804
-13746
-11914
-10313
-8803
-6714
-4093
-1677
244
2105
4120
5905
7126
7945
8792
9612
9932
9656
9186
8839
8249
6959
5219
3597
2067
183
-1951
-3682
-4714
-5496
-6186
-6217
-5226
-3635
-2070
-362
1828
4171
5972
7056
7880
8372
7944
6408
4480
2685
543
-2287
-5186
-7334
-8919
-10482
-11718
-11937
-11327
-10662
-9866
-8218
-5803
-3599
-1928
52
2701
5140
6722
8086
9917
11548
12136
12140
12383
12457
11417
9471
7560
5725
3219
84
-2889
-5433
-7965
-10491
-12346
-13362
-13990
-14397
-14148
-13017
-11496
-9970
-8231
-6031
-3678
-1572
419
2529
4564
6144
7380
8568
9645
10302
10456
10367
10126
9568
8539
7126
5547
3810
1874
-202
-2160
-3766
-5027
-5975
-6446
-6195
-5305
-4101
-2647
-773
1351
3232
4634
5816
6832
7145
6486
5266
3994
2450
127
-2570
-4839
-6693
-8753
-10850
-11994
-12048
-11965
-12050
-11262
-9064
-6568
-4720
-2748
297
3630
5932
7539
9679
12003
13129
13079
13150
13501
12834
10858
8794
7264
5321
2307
-824
-3144
-5144
-7637
-10147
-11677
-12364
-12983
-13549
-13357
-12218
-10756
-9353
-7748
-5575
-3045
-750
1165
3079
5193
7061
8210
8889
9641
10318
10292
9513
8676
8042
7002
5211
3313
1912
559
-1250
-2992
-3847
-4103
-4534
-4854
-4211
-2753
-1459
-429
1067
2995
4437
5085
5685
6411
6361
5173
3712
2619
1164
-1268
-3864
-5702
-7262
-9334
-11251
-11896
-11717
-11933
-12178
-10987
-8495
-6390
-5007
-2851
524
3516
5249
6976
9493
11502
11948
11942
12606
12928
11661
9622
8215
7001
4727
1705
-786
-2701
-4995
-7651
-9659
-10822
-11866
-12942
-13356
-12824
-11863
-10809
-9402
-7432
-5103
-2720
-394
1879
4075
6137
7923
9263
10202
10886
11222
11015
10326
9441
8374
6869
4973
3099
1452
-266
-2120
-3636
-4459
-4939
-5397
-5374
-4488
-3182
-2032
-747
1052
2859
4042
4833
5704
6227
5744
4588
3529
2437
553
-1902
-3915
-5352
-6991
-8888
-10057
-10155
-10079
-10271
-9840
-8174
-6145
-4679
-3220
-894
1793
3723
5021
6656
8545
9618
9700
9838
10311
10081
8665
7048
5953
4584
2204
-458
-2428
-4146
-6476
-8930
-10444
-11159
-12005
-12942
-13005
-11977
-10680
-9573
-8058
-5662
-2979
-737
1277
3614
6045
7859
8989
10000
11016
11495
11168
10438
9706
8776
7326
5487
3636
1932
231
-1487
-2928
-3915
-4569
-4901
-4713
-3922
-2755
-1378
271
2137
3873
5246
6360
7222
7404
6623
5366
4122
2463
-112
-2890
-4855
-6348
-8298
-10282
-10993
-10527
-10230
-10310
-9429
-7140
-4922
-3712
-2352
225
2916
4272
5017
6619
8568
9260
8855
8965
9722
9496
7781
6038
5116
3864
1249
-1769
-3859
-5481
-7833
-10542
-12176
-12643
-13223
-14159
-14188
-12795
-11097
-9867
-8290
-5622
-2620
-292
1653
4032
6606
8389
9307
10235
11376
11930
11475
10706
10210
9533
8094
6244
4634
3158
1325
-688
-2207
-3167
-4081
-4906
-4968
-4121
-3015
-1910
-274
1972
3957
5227
6410
7789
8363
7386
5765
4535
3041
258
-3092
-5490
-7093
-9180
-11485
-12444
-11928
-11497
-11559
-10627
-8106
-5556
-4031
-2380
447
3360
4997
6076
7960
10088
10927
10713
10980
11764
11516
9838
8099
6934
5229
2279
-897
-3335
-5604
-8525
-11473
-13314
-14236
-15195
-16152
-16101
-14826
-13220
-11734
-9806
-7077
-4075
-1415
977
3483
5952
7899
9212
10277
11297
11895
11768
11217
10698
10132
9096
7605
6076
4683
3149
1395
-173
-1300
-2245
-3264
-3915
-3682
-2889
-2161
-1341
120
1960
3315
4142
5110
6014
5864
4574
3277
2277
512
-2270
-4835
-6389
-7816
-9789
-11225
-11188
-10551
-10434
-10082
-8279
-5749
-3950
-2610
-435
2361
4343
5442
6915
8869
10068
10117
10164
10800
10965
9874
8247
6967
5624
3371
529
-1993
-4200
-6704
-9447
-11566
-12736
-13524
-14349
-14724
-13987
-12443
-10781
-9097
-6924
-4204
-1561
700
2809
4988
6900
8044
8658
9299
9908
9872
9079
8263
7822
7201
5904
4391
3363
2527
1213
-241
-1041
-1351
-1976
-2737
-2626
-1684
-853
-302
693
2281
3656
4461
5107
5706
5686
4720
3356
2015
287
-2196
-4904
-7022
-8733
-10611
-12161
-12585
-12183
-11858
-11307
-9489
-6778
-4461
-2615
-193
2889
5427
7081
8746
10711
12121
12452
12545
12979
12987
11848
10093
8615
7064
4657
1669
-1085
-3559
-6314
-9154
-11385
-12868
-14043
-15046
-15325
-14639
-13326
-11734
-9881
-7555
-4888
-2235
253
2631
4871
6706
7952
8820
9554
10009
9907
9302
8581
7899
7012
5800
4480
3200
1802
269
-1048
-1994
-2894
-3900
-4544
-4418
-3806
-3144
-2293
-942
693
2139
3337
4549
5566
5763
5054
4090
3122
1462
-1087
-3650
-5670
-7645
-9858
-11396
-11719
-11585
-11521
-10791
-8711
-6103
-3954
-1878
862
3880
6180
7838
9664
11573
12688
12847
12960
13315
13016
11653
9953
8490
6714
4070
1164
-1400
-3940
-6841
-9683
-11713
-13089
-14339
-15281
-15342
-14414
-13048
-11465
-9369
-6715
-3967
-1508
919
3464
5670
7099
7996
8836
9419
9384
8875
8293
7695
6792
5640
4524
3500
2381
982
-435
-1554
-2436
-3336
-4250
-4681
-4457
-3952
-3357
-2402
-827
896
2223
3378
4716
5784
5808
4991
4133
3131
1213
-1468
-3940
-5882
-7907
-10087
-11433
-11594
-11323
-11084
-10122
-7832
-5115
-2944
-910
1868
4925
7084
8459
10091
11947
12899
12805
12755
13100
12787
11272
9487
8148
6575
3975
923
-1617
-3888
-6671
-9650
-11811
-13095
-14280
-15403
-15592
-14557
-13026
-11477
-9466
-6661
-3601
-939
1446
3932
6222
7741
8480
8938
9255
9037
8159
7037
6054
5046
3698
2237
1067
152
-878
-2060
-2958
-3329
-3475
-3706
-3717
-3047
-1866
-713
455
2084
3952
5359
6229
7081
7808
7600
6346
4820
3298
1146
-1778
-4586
-6795
-8942
-11197
-12635
-12778
-12467
-12236
-11251
-8861
-6038
-3816
-1612
1413
4610
6789
8284
10133
12036
12888
12733
12727
12979
12394
10753
9072
7784
5994
3224
362
-1887
-4129
-7036
-9936
-11819
-12992
-14274
-15416
-15459
-14394
-13023
-11521
-9364
-6420
-3422
-823
1680
4341
6712
8174
8897
9399
9701
9350
8280
7001
5823
4528
2911
1304
102
-887
-2025
-3145
-3742
-3819
-3831
-3845
-3484
-2523
-1289
-55
1383
3157
4909
6217
7237
8263
8905
8559
7383
6069
4565
2236
-746
-3480
-5716
-8135
-10723
-12397
-12777
-12775
-12926
-12309
-10206
-7549
-5399
-3215
-96
3292
5684
7434
9692
12050
13188
13182
13355
13853
13390
11648
9757
8334
6468
3482
303
-2159
-4444
-7381
-10365
-12278
-13350
-14472
-15481
-15453
-14319
-12896
-11434
-9358
-6518
-3608
-1140
1201
3756
6089
7618
8453
9062
9471
9304
8465
7315
6164
4914
3374
1717
319
-780
-1842
-2903
-3613
-3764
-3608
-3399
-2960
-1959
-581
733
1991
3514
5194
6452
7132
7600
7898
7539
6351
4833
3205
1115
-1495
-3993
-5977
-7905
-9972
-11470
-11887
-11749
-11653
-11079
-9392
-7113
-5064
-3074
-388
2681
5119
6866
8718
10762
12077
12332
12227
12175
11634
10129
8159
6330
4397
1866
-990
-3446
-5460
-7545
-9679
-11252
-12047
-12511
-12840
-12604
-11536
-10053
-8615
-6968
-4677
-2024
290
2129
4033
6124
7764
8543
8896
9269
9314
8522
7192
6030
4980
3430
1467
-139
-1139
-2123
-3335
-4148
-4126
-3738
-3505
-3039
-1791
-106
1287
2438
3884
5523
6686
7210
7461
7462
6873
5666
4188
2428
245
-2125
-4297
-6332
-8434
-10199
-11222
-11745
-12185
-12131
-11030
-9332
-7766
-6054
-3464
-422
2063
4061
6456
9098
10853
11525
12063
12786
12737
11432
9729
8255
6433
3727
783
-1634
-3856
-6417
-8925
-10682
-11752
-12629
-13254
-13203
-12435
-11253
-9747
-7814
-5509
-3046
-540
1943
4277
6367
8156
9501
10250
10470
10324
9754
8637
7126
5500
3764
1879
64
-1454
-2716
-3837
-4622
-4855
-4637
-4174
-3433
-2241
-730
806
2307
3923
5517
6663
7325
7739
7833
7255
6019
4538
2826
624
-1892
-4212
-6266
-8367
-10292
-11490
-11969
-12253
-12236
-11252
-9406
-7510
-5755
-3395
-314
2513
4626
6697
9117
11054
11881
12241
12750
12817
11693
9925
8370
6724
4235
1179
-1463
-3669
-6134
-8845
-10981
-12189
-13055
-13917
-14273
-13601
-12254
-10775
-9143
-6953
-4189
-1416
1061
3370
5744
7955
9541
10440
10936
11194
10919
9915
8502
7077
5544
3609
1488
-298
-1649
-2921
-4202
-5091
-5322
-5095
-4690
-4024
-2879
-1341
288
1833
3380
4963
6315
7100
7289
7099
6605
5577
3858
1710
-483
-2636
-4908
-7207
-9080
-10241
-10938
-11455
-11472
-10547
-8935
-7296
-5652
-3464
-745
1779
3754
5672
7854
9733
10715
11168
11726
12122
11614
10307
8954
7618
5689
3082
460
-1896
-4405
-7165
-9573
-11257
-12561
-13765
-14471
-14206
-13189
-11960
-10523
-8459
-5774
-3021
-579
1789
4346
6770
8550
9653
10472
11095
11179
10546
9514
8416
7113
5370
3433
1715
184
-1487
-3193
-4377
-4915
-5289
-5661
-5460
-4342
-2840
-1534
-185
1692
3809
5418
6321
6913
7339
7232
6280
4633
2663
570
-1649
-4024
-6430
-8557
-10046
-10853
-11268
-11427
-10992
-9664
-7813
-5991
-4091
-1666
1050
3339
5200
7288
9557
11089
11621
12049
12819
12977
11726
9875
8476
7022
4366
878
-2088
-4417
-7143
-10332
-12786
-14086
-15073
-16039
-16136
-14994
-13395
-11800
-9644
-6629
-3484
-793
1819
4689
7307
9128
10393
11461
12056
11897
11293
10557
9462
7775
5915
4372
2912
1081
-897
-2344
-3147
-3876
-4730
-5163
-4710
-3729
-2793
-1798
-311
1566
3236
4442
5462
6325
6591
6124
5257
4108
2346
-2
-2265
-4153
-6121
-8361
-10113
-10704
-10676
-10833
-10803
-9602
-7363
-5281
-3703
-1753
998
3674
5517
7023
8835
10543
11398
11600
11822
11920
11205
9683
8048
6481
4357
1436
-1547
-4031
-6435
-9237
-11916
-13658
-14624
-15451
-15971
-15486
-14061
-12383
-10520
-7991
-4899
-1945
638
3298
6091
8336
9680
10565
11423
11851
11334
10202
9142
8167
6705
4744
2992
1758
522
-1092
-2536
-3184
-3331
-3636
-3949
-3553
-2354
-1017
90
1340
2967
4549
5629
6284
6692
6591
5846
4724
3325
1419
-896
-3035
-4849
-6759
-8670
-9834
-10118
-10221
-10297
-9566
-7777
-5825
-4255
-2456
15
2480
4246
5688
7360
8879
9594
9766
10053
10280
9764
8525
7231
5975
4178
1709
-854
-3199
-5671
-8405
-10880
-12655
-13907
-14920
-15449
-15035
-13753
-12080
-10162
-7708
-4727
-1732
947
3460
5949
8093
9507
10290
10772
10976
10627
9743
8642
7431
6020
4457
2945
1457
-103
-1610
-2849
-3768
-4438
-4778
-4669
-4132
-3210
-1859
-86
1874
3687
5233
6623
7801
8382
8114
7217
6016
4378
2102
-450
-2771
-4905
-7138
-9146
-10305
-10691
-10864
-10799
-9869
-8065
-6160
-4468
-2390
288
2732
4426
6006
7971
9570
10104
10254
10791
11137
10388
8936
7773
6689
4700
1843
-848
-3060
-5555
-8614
-11325
-12970
-14052
-15178
-15861
-15313
-13796
-12140
-10378
-7901
-4800
-1872
565
2983
5584
7771
9068
9797
10471
10909
10651
9791
8863
7949
6607
4810
3078
1631
20
-1954
-3729
-4775
-5331
-5867
-6162
-5608
-4157
-2411
-708
1263
3636
5844
7358
8331
9048
9208
8411
6888
5050
2922
439
-2160
-4592
-6859
-8849
-10191
-10833
-11143
-11194
-10472
-8873
-7071
-5442
-3504
-945
1591
3527
5278
7329
9206
10248
10753
11374
11888
11565
10453
9202
7883
5946
3269
453
-2145
-4854
-7827
-10541
-12474
-13793
-14853
-15432
-15096
-13925
-12354
-10549
-8297
-5610
-2905
-404
2008
4402
6466
7952
9066
10007
10602
10617
10206
9661
8934
7754
6151
4442
2766
992
-961
-2857
-4370
-5413
-6069
-6350
-6036
-4987
-3404
-1602
317
2467
4636
6374
7438
7907
7911
7332
6053
4127
1824
-537
-2838
-5183
-7485
-9266
-10231
-10696
-11053
-10905
-9737
-7936
-6266
-4667
-2448
243
2551
4296
6153
8257
9814
10541
11060
11745
11995
11319
10181
9041
7588
5366
2697
154
-2394
-5296
-8305
-10717
-12436
-13925
-15180
-15690
-15159
-14039
-12703
-10964
-8534
-5655
-2935
-401
2254
4960
7185
8721
9974
11131
11798
11687
11130
10555
9763
8347
6472
4678
3020
1104
-1047
-2940
-4299
-5373
-6264
-6649
-6268
-5279
-3970
-2340
-353
1844
3964
5758
7045
7714
7823
7388
6263
4375
1972
-479
-2899
-5466
-7975
-9898
-11022
-11753
-12181
-11850
-10544
-8734
-6921
-4821
-2168
704
3256
5469
7683
9749
11256
12119
12712
13142
12985
12040
10642
9178
7390
4875
1912
-896
-3542
-6506
-9618
-12091
-13709
-15073
-16328
-16785
-16046
-14660
-13209
-11342
-8626
-5461
-2579
20
2859
5785
8047
9452
10591
11737
12300
11953
11206
10551
9718
8217
6338
4676
3216
1486
-510
-2201
-3373
-4328
-5179
-5587
-5318
-4606
-3600
-2201
-445
1419
3153
4710
5916
6591
6708
6255
5181
3492
1466
-696
-3033
-5468
-7644
-9209
-10254
-11041
-11432
-11012
-9783
-8255
-6659
-4644
-2094
487
2706
4792
7025
8991
10268
11042
11731
12217
11995
11093
9931
8655
6968
4721
2221
-277
-2839
-5593
-8338
-10661
-12488
-14062
-15406
-16077
-15746
-14743
-13471
-11794
-9377
-6405
-3469
-710
2143
5063
7513
9212
10531
11727
12483
12432
11891
11302
10518
9237
7600
6024
4471
2652
671
-1075
-2457
-3722
-4893
-5642
-5729
-5245
-4386
-3230
-1720
107
2043
3761
5024
5823
6161
5950
5031
3486
1601
-468
-2750
-5162
-7273
-8731
-9706
-10518
-10907
-10416
-9167
-7738
-6274
-4331
-1914
417
2393
4404
6590
8364
9410
10172
11008
11473
11040
10082
9139
7995
6156
3765
1449
-819
-3490
-6456
-9081
-11111
-12972
-14789
-15977
-16094
-15411
-14405
-12969
-10665
-7643
-4523
-1618
1341
4474
7267
9260
10676
11936
12883
13049
12490
11753
11016
9899
8241
6443
4853
3279
1394
-592
-2195
-3384
-4502
-5547
-6036
-5779
-5077
-4138
-2799
-967
1022
2849
4471
5804
6606
6722
6245
5220
3589
1456
-864
-3212
-5612
-7839
-9482
-10440
-11027
-11286
-10822
-9510
-7832
-6175
-4292
-1911
562
2616
4459
6484
8392
9607
10251
10926
11524
11396
10476
9362
8265
6644
4301
1771
-588
-3123
-6076
-8917
-11114
-12830
-14422
-15628
-15893
-15191
-13974
-12451
-10342
-7533
-4506
-1720
924
3676
6257
8178
9490
10621
11565
11906
11592
11053
10517
9662
8285
6674
5159
3631
1831
-112
-1804
-3126
-4317
-5390
-6006
-5886
-5213
-4337
-3186
-1557
424
2316
3782
4904
5749
6123
5786
4752
3349
1755
-157
-2398
-4581
-6253
-7437
-8436
-9196
-9311
-8679
-7656
-6507
-5094
-3296
-1385
348
2018
3821
5572
6872
7741
8529
9295
9664
9401
8776
8004
6904
5262
3260
1222
-954
-3498
-6195
-8530
-10337
-11959
-13421
-14275
-14246
-13567
-12577
-11067
-8907
-6392
-3906
-1453
1207
3783
5907
7625
9130
10394
11147
11441
11484
11252
10655
9683
8456
7042
5440
3695
1875
47
-1669
-3154
-4316
-5115
-5542
-5501
-4924
-3890
-2559
-1050
635
2368
3845
4849
5386
5534
5198
4228
2694
890
-1041
-3100
-5193
-7010
-8304
-9200
-9764
-9823
-9232
-8147
-6823
-5245
-3358
-1362
541
2322
4099
5767
7085
8037
8750
9290
9476
9230
8618
7721
6528
4944
3025
896
-1323
-3631
-6030
-8317
-10232
-11701
-12839
-13613
-13740
-13121
-12008
-10628
-8829
-6452
-3890
-1536
752
3216
5597
7360
8620
9835
10924
11448
11341
11056
10751
10049
8801
7291
5847
4351
2556
584
-1166
-2515
-3648
-4664
-5325
-5296
-4706
-3877
-2838
-1403
375
2085
3477
4554
5371
5765
5571
4775
3502
1956
179
-1812
-3915
-5799
-7199
-8190
-8951
-9369
-9114
-8237
-7084
-5842
-4298
-2425
-589
1005
2570
4239
5650
6549
7154
7751
8130
7985
7466
6758
5758
4319
2636
928
-998
-3234
-5423
-7243
-8875
-10471
-11675
-12172
-12203
-12035
-11366
-9943
-8096
-6249
-4299
-1957
580
2846
4760
6524
8156
9447
10316
10837
11056
10951
10515
9768
8702
7460
6064
4443
2632
852
-650
-1991
-3289
-4326
-4764
-4631
-4249
-3670
-2651
-1151
423
1774
2974
4121
5023
5325
5056
4454
3560
2277
599
-1204
-2918
-4490
-5879
-7014
-7791
-8132
-8026
-7522
-6694
-5595
-4216
-2685
-1117
423
1866
3236
4404
5295
5908
6272
6423
6239
5760
5036
4087
2917
1543
51
-1593
-3273
-4864
-6329
-7678
-8874
-9737
-10254
-10397
-10148
-9518
-8507
-7149
-5446
-3482
-1331
912
3072
5036
6820
8419
9624
10320
10614
10637
10277
9406
8263
7020
5590
3817
1941
368
-1002
-2444
-3775
-4531
-4712
-4735
-4600
-3856
-2568
-1295
-258
967
2512
3762
4297
4447
4662
4622
3851
2568
1329
163
-1336
-3064
-4447
-5339
-6132
-6915
-7258
-6897
-6188
-5435
-4451
-3046
-1468
-9
1406
2862
4178
5141
5814
6317
6570
6476
6089
5493
4658
3561
2331
1059
-323
-1861
-3434
-4882
-6168
-7335
-8357
-9144
-9596
-9682
-9453
-8894
-7906
-6492
-4840
-3050
-1009
1287
3557
5532
7239
8756
9950
10651
10890
10736
10134
9057
7657
6083
4365
2468
474
-1385
-2958
-4268
-5387
-6150
-6333
-6038
-5525
-4774
-3531
-1937
-478
768
2088
3443
4327
4594
4646
4612
4121
2995
1681
504
-785
-2342
-3825
-4865
-5598
-6287
-6731
-6577
-5913
-5102
-4185
-2940
-1390
161
1606
3045
4428
5520
6240
6749
7110
7140
6726
6030
5210
4189
2903
1482
50
-1450
-3054
-4588
-5911
-7052
-8059
-8842
-9275
-9344
-9099
-8504
-7514
-6212
-4681
-2950
-1020
988
2945
4765
6352
7616
8566
9244
9536
9345
8733
7894
6845
5509
3967
2397
884
-632
-2075
-3232
-4062
-4658
-5038
-5066
-4690
-4046
-3229
-2281
-1205
-91
945
1835
2503
2920
3074
2975
2594
1925
1062
116
-910
-1998
-2995
-3783
-4387
-4874
-5118
-4990
-4567
-3974
-3232
-2289
-1178
1
1191
2364
3449
4342
5034
5592
5988
6104
5890
5448
4840
4045
3049
1886
630
-689
-2066
-3442
-4679
-5691
-6549
-7312
-7814
-7873
-7549
-7030
-6304
-5194
-3764
-2227
-663
999
2713
4245
5504
6572
7439
7971
8099
7906
7488
6825
5885
4697
3401
2100
804
-498
-1730
-2737
-3491
-4035
-4355
-4379
-4098
-3578
-2892
-2053
-1096
-123
780
1563
2187
2541
2581
2393
2040
1426
492
-565
-1545
-2494
-3470
-4322
-4865
-5142
-5276
-5180
-4717
-3956
-3075
-2112
-944
410
1770
3007
4161
5232
6085
6639
6959
7069
6845
6226
5319
4250
3020
1586
-33
-1732
-3378
-4905
-6290
-7516
-8491
-9115
-9410
-9361
-8899
-8003
-6801
-5397
-3764
-1888
109
2027
3793
5399
6783
7871
8644
9105
9164
8798
8155
7335
6273
4930
3463
2007
538
-912
-2167
-3149
-3940
-4552
-4842
-4747
-4367
-3802
-3027
-2067
-1030
-28
910
1775
2439
2796
2828
2627
2238
1597
709
-311
-1318
-2288
-3201
-3952
-4458
-4743
-4846
-4715
-4271
-3561
-2692
-1724
-632
598
1850
3010
4062
5021
5780
6225
6412
6435
6197
5566
4644
3614
2451
1031
-509
-1963
-3357
-4772
-6089
-7072
-7736
-8234
-8512
-8367
-7776
-6972
-6027
-4796
-3274
-1698
-228
1236
2748
4082
5080
5840
6489
6909
6928
6642
6255
5751
4979
3976
2955
1984
960
-83
-971
-1651
-2197
-2635
-2860
-2806
-2570
-2221
-1744
-1134
-444
215
834
1381
1796
2050
2133
2053
1790
1381
890
328
-308
-952
-1514
-2010
-2456
-2822
-3011
-3027
-2956
-2781
-2420
-1867
-1244
-605
97
873
1628
2292
2855
3320
3642
3778
3743
3523
3111
2515
1758
862
-137
-1171
-2192
-3191
-4121
-4897
-5473
-5860
-6039
-5952
-5610
-5069
-4344
-3421
-2342
-1197
-37
1124
2240
3261
4142
4846
5367
5687
5804
5715
5427
4957
4309
3521
2632
1688
741
-173
-1029
-1779
-2375
-2800
-3040
-3075
-2907
-2570
-2105
-1520
-850
-149
532
1151
1666
2037
2269
2360
2284
2040
1649
1151
584
-38
-681
-1298
-1857
-2339
-2726
-2978
-3070
-3005
-2795
-2446
-1966
-1371
-691
28
743
1432
2061
2580
2957
3172
3210
3050
2678
2122
1410
568
-377
-1383
-2382
-3315
-4148
-4856
-5383
-5672
-5715
-5535
-5116
-4433
-3527
-2476
-1314
-51
1274
2570
3755
4794
5664
6356
6821
7021
6942
6601
6046
5290
4346
3253
2093
915
-263
-1380
-2358
-3153
-3765
-4179
-4339
-4242
-3937
-3462
-2828
-2066
-1248
-431
352
1057
1637
2060
2338
2474
2449
2252
1926
1530
1068
537
-12
-524
-1001
-1453
-1819
-2043
-2150
-2186
-2134
-1946
-1632
-1286
-944
-568
-151
226
483
661
789
828
725
496
198
-166
-599
-1092
-1591
-2057
-2480
-2841
-3112
-3255
-3272
-3148
-2875
-2459
-1909
-1251
-474
377
1239
2095
2947
3755
4423
4927
5304
5542
5576
5383
5034
4551
3921
3162
2341
1496
636
-194
-960
-1627
-2183
-2617
-2912
-3056
-3043
-2906
-2678
-2350
-1936
-1473
-1001
-549
-118
286
634
903
1093
1211
1287
1289
1206
1065
876
675
442
183
-99
-372
-587
-778
-974
-1131
-1217
-1257
-1297
-1328
-1268
-1157
-1087
-1062
-1003
-885
-798
-767
-763
-735
-723
-785
-908
-1033
-1098
-1194
-1331
-1482
-1541
-1479
-1390
-1295
-1155
-858
-455
1
482
968
1551
2198
2810
3314
3722
4097
4381
4502
4423
4188
3881
3473
2912
2201
1433
712
-12
-826
-1636
-2304
-2838
-3301
-3716
-3975
-4010
-3876
-3626
-3307
-2825
-2154
-1400
-664
72
894
1728
2417
2913
3295
3627
3862
3830
3514
3051
2604
2094
1315
401
-391
-1036
-1736
-2497
-3085
-3385
-3517
-3636
-3693
-3498
-3056
-2532
-2051
-1548
-922
-292
242
654
994
1253
1369
1312
1151
981
738
404
22
-325
-595
-784
-917
-1018
-1015
-849
-561
-267
48
496
1018
1479
1855
2216
2589
2835
2910
2932
2863
2657
2306
1924
1548
1009
357
-273
-791
-1279
-1817
-2308
-2709
-2948
-3076
-3095
-2993
-2791
-2438
-1974
-1368
-703
-53
612
1302
1966
2488
2862
3128
3286
3286
3070
2716
2294
1777
1125
368
-347
-972
-1579
-2182
-2684
-2999
-3195
-3297
-3215
-2964
-2668
-2323
-1830
-1203
-594
-99
327
786
1238
1521
1591
1607
1673
1616
1360
1079
908
704
364
44
-136
-253
-421
-591
-667
-626
-577
-534
-403
-213
-56
60
232
436
559
614
665
736
739
649
559
485
382
197
0
-139
-267
-413
-586
-731
-818
-864
-885
-873
-813
-713
-573
-382
-152
80
312
564
821
1027
1180
1301
1372
1361
1261
1131
959
727
455
178
-61
-293
-508
-669
-763
-814
-861
-839
-726
-586
-458
-325
-148
45
201
338
458
558
623
652
642
592
530
446
323
167
-1
-158
-317
-487
-665
-824
-937
-1019
-1087
-1134
-1132
-1073
-986
-880
-743
-575
-400
-228
-48
140
317
453
556
634
689
699
662
590
484
344
181
20
-151
-328
-479
-599
-696
-766
-770
-712
-625
-501
-308
-72
168
417
683
940
1146
1305
1423
1491
1493
1422
1296
1130
928
685
415
147
-104
-343
-541
-701
-823
-883
-863
-790
-696
-566
-366
-130
70
255
456
652
781
838
864
849
775
625
425
199
-46
-315
-609
-888
-1127
-1326
-1501
-1643
-1701
-1666
-1587
-1465
-1265
-991
-698
-403
-65
283
579
822
1041
1226
1316
1324
1283
1182
994
743
478
195
-117
-419
-693
-936
-1138
-1270
-1324
-1340
-1302
-1190
-997
-746
-484
-185
152
500
828
1127
1406
1639
1811
1906
1923
1881
1781
1605
1370
1095
801
502
195
-102
-372
-594
-769
-888
-949
-962
-922
-824
-688
-538
-388
-236
-74
67
167
217
242
252
221
143
39
-74
-198
-330
-460
-585
-699
-782
-825
-847
-841
-788
-697
-587
-444
-275
-94
76
236
394
533
641
692
712
709
672
598
493
384
261
110
-44
-181
-311
-439
-563
-656
-713
-743
-739
-700
-625
-515
-381
-218
-41
137
311
469
611
720
798
843
848
815
756
684
588
473
353
236
118
6
-77
-146
-210
-256
-259
-233
-205
-170
-112
-29
48
104
156
205
235
233
207
167
92
-10
-116
-227
-356
-492
-610
-707
-783
-835
-861
-844
-792
-714
-609
-468
-295
-119
61
255
450
624
775
910
1017
1077
1098
1088
1038
944
810
647
462
259
39
-181
-394
-590
-767
-911
-1013
-1074
-1089
-1055
-968
-839
-684
-503
-302
-86
118
309
482
626
734
803
842
833
779
694
578
435
269
100
-68
-230
-374
-492
-580
-629
-640
-619
-564
-472
-353
-213
-60
96
240
373
490
571
612
612
574
498
380
238
86
-73
-244
-405
-538
-639
-715
-758
-767
-742
-683
-583
-441
-287
-122
62
262
459
632
784
919
1025
1087
1101
1080
1019
908
752
566
356
122
-115
-344
-559
-751
-912
-1017
-1078
-1096
-1061
-970
-839
-690
-510
-303
-94
104
284
451
588
677
718
723
694
623
504
360
207
41
-139
-317
-466
-583
-679
-740
-753
-722
-658
-550
-410
-254
-94
67
231
381
507
600
665
700
698
655
572
457
315
162
12
-145
-292
-414
-501
-569
-614
-619
-587
-535
-462
-356
-224
-84
62
212
361
492
609
706
769
798
802
778
716
622
508
381
237
81
-71
-218
-351
-467
-557
-621
-655
-660
-632
-579
-508
-411
-297
-171
-44
81
203
310
396
460
500
517
503
460
394
307
206
89
-36
-161
-281
-389
-484
-559
-614
-649
-646
-615
-567
-504
-412
-301
-187
-71
47
167
278
377
464
529
574
602
606
579
522
445
351
238
110
-19
-145
-264
-369
-449
-503
-539
-544
-517
-467
-395
-295
-175
-48
76
201
319
423
509
570
600
602
584
536
452
342
220
86
-60
-204
-333
-456
-561
-634
-669
-671
-643
-583
-490
-372
-238
-92
68
224
363
489
597
675
714
722
697
639
543
416
272
114
-49
-211
-367
-505
-619
-705
-766
-785
-763
-711
-638
-532
-392
-232
-67
92
251
400
526
621
687
726
722
681
610
513
390
249
95
-64
-224
-364
-473
-561
-623
-644
-625
-581
-507
-401
-270
-134
10
162
311
436
529
597
641
647
608
537
444
329
186
34
-112
-255
-393
-511
-591
-641
-664
-655
-603
-519
-420
-306
-171
-17
133
262
380
486
571
620
636
621
571
495
398
288
158
16
-119
-241
-347
-441
-511
-546
-560
-552
-505
-420
-333
-244
-132
-2
124
222
296
364
426
456
444
423
397
343
258
174
97
4
-95
-166
-209
-265
-319
-329
-297
-269
-249
-199
-126
-52
12
82
152
205
246
271
284
280
263
235
188
129
61
-8
-66
-131
-198
-242
-267
-297
-318
-304
-278
-255
-202
-136
-103
-74
-2
76
106
133
186
227
233
234
240
207
157
127
101
44
-21
-45
-68
-121
-157
-163
-158
-172
-181
-165
-153
-127
-83
-36
-3
37
91
126
152
188
201
194
204
212
184
128
94
74
10
-65
-106
-137
-164
-174
-179
-183
-174
-164
-153
-129
-78
-28
4
39
99
143
161
199
224
225
202
185
176
150
109
68
34
-10
-60
-108
-122
-150
-194
-202
-184
-171
-171
-130
-77
-43
-7
37
73
89
118
119
102
117
120
84
53
43
11
-43
-78
-102
-137
-153
-148
-151
-142
-113
-96
-76
-34
8
22
41
96
130
137
146
169
182
165
147
131
96
39
-18
-40
-44
-76
-137
-168
-140
-124
-133
-136
-107
-71
-47
-8
19
30
37
75
107
105
109
118
116
87
82
79
36
-1
-19
-52
-90
-89
-89
-114
-120
-87
-62
-65
-31
46
77
76
105
150
163
142
138
133
98
53
25
-13
-69
-115
-148
-171
-209
-239
-242
-231
-223
-202
-157
-126
-99
-42
21
60
108
167
204
220
247
281
274
264
258
212
157
142
116
29
-48
-71
-100
-158
-212
-242
-260
-257
-233
-223
-210
-161
-97
-51
-11
36
75
107
156
192
195
182
190
212
203
149
111
94
55
-7
-59
-81
-113
-149
-183
-205
-223
-206
-183
-152
-121
-92
-39
3
53
96
133
156
188
203
181
182
181
138
76
23
-5
-53
-111
-141
-175
-195
-220
-218
-208
-206
-192
-173
-117
-84
-36
14
74
138
173
216
254
287
293
280
261
258
221
161
109
66
16
-64
-115
-154
-188
-218
-233
-237
-247
-233
-215
-200
-180
-141
-92
-43
25
94
130
165
210
212
191
192
196
152
112
113
74
-4
-44
-46
-86
-132
-119
-109
-134
-147
-86
-35
-37
-35
8
71
78
75
94
125
122
80
61
45
7
-55
-99
-116
-149
-182
-184
-172
-179
-173
-145
-106
-82
-41
10
35
80
131
182
192
193
211
217
204
178
155
107
61
28
13
6
-33
-77
-99
-111
-130
-137
-126
-103
-79
-51
-13
4
39
82
90
75
61
95
111
95
74
64
55
32
-8
-48
-68
-100
-111
-117
-114
-100
-91
-70
-50
-22
-17
-6
20
47
54
56
85
98
95
90
75
55
37
13
-28
-63
-69
-72
-102
-123
-130
-121
-120
-108
-87
-83
-78
-54
-18
10
20
31
72
110
105
91
112
115
103
90
86
61
11
10
8
-1
-7
-9
-31
-50
-53
-63
-74
-90
-79
-74
-60
-34
-16
1
2
11
16
36
46
33
37
43
60
37
22
41
32
18
7
7
-18
-30
-19
-22
-30
-42
-28
-26
-45
-52
-36
-17
-15
-3
7
27
45
54
69
72
67
70
91
89
67
56
60
45
17
-6
-43
-69
-91
-111
-135
-142
-139
-156
-153
-131
-121
-120
-91
-35
-16
-2
20
59
102
129
150
139
144
154
148
125
106
87
43
18
6
-23
-76
-112
-112
-122
-133
-132
-110
-88
-65
-33
-21
0
17
45
61
76
99
112
107
91
89
73
51
16
2
-21
-63
-72
-78
-86
-97
-103
-83
-65
-53
-34
-22
18
54
70
89
100
119
117
123
119
101
85
58
33
1
-4
-16
-33
-65
-81
-82
-91
-94
-118
-105
-96
-79
-70
-55
-26
-17
-3
-2
15
25
41
60
63
56
54
42
36
21
-9
-27
-41
-36
-58
-69
-50
-46
-64
-84
-56
-29
-22
-17
-8
21
41
67
85
91
92
88
91
83
76
79
78
72
61
52
31
-3
-23
-38
-48
-57
-51
-44
-45
-55
-69
-64
-52
-43
-48
-36
-17
0
14
30
42
37
38
59
68
61
54
38
22
14
17
8
-27
-41
-35
-34
-55
-58
-32
-29
-47
-54
-22
-6
-12
-5
17
47
42
34
37
53
54
32
30
34
24
-8
-18
-16
-34
-64
-68
-48
-48
-58
-70
-50
-27
-16
4
18
36
34
40
76
89
83
60
63
80
64
37
29
37
16
-27
-47
-47
-69
-98
-100
-79
-66
-71
-58
-35
-25
-21
-9
6
13
34
55
57
46
46
61
49
20
3
2
8
-6
-18
-26
-35
-32
-29
-39
-47
-41
-29
-23
-21
-1
1
-2
3
14
34
20
2
11
21
19
13
12
12
3
-3
-8
-6
-9
-23
-27
-17
4
3
-8
-7
10
22
13
6
17
28
22
12
13
41
48
26
6
8
24
6
-15
-11
8
-7
-19
-12
-7
-15
-19
4
12
-9
-32
-21
8
14
-19
-35
-18
-7
-12
-24
-15
-22
-41
-40
-29
-27
-26
-11
6
7
0
8
23
30
32
37
49
43
15
7
9
11
-4
-21
-10
5
-5
-33
-31
-19
-25
-37
-37
-25
-17
-11
0
8
1
5
12
22
27
23
29
30
48
55
52
52
47
49
31
16
2
-11
-7
-6
-23
-35
-27
-27
-44
-64
-58
-48
-53
-55
-46
-30
-26
-28
-22
0
16
17
30
45
59
60
70
74
65
60
57
61
42
31
24
20
2
-23
-29
-29
-29
-49
-50
-46
-35
-28
-32
-28
-25
-13
1
10
12
26
46
51
39
24
21
22
20
3
-12
-17
-17
-25
-31
-32
-36
-38
-36
-31
-25
-23
-17
-11
6
19
20
28
34
47
45
36
35
39
43
30
27
27
21
12
5
11
4
-9
-16
-17
-16
-21
-17
-22
-23
-23
-21
-21
-22
-22
-19
-18
-8
-3
-11
-6
-10
-12
-14
-10
-7
-6
2
-2
-4
-1
6
-4
-8
1
16
19
13
17
19
22
23
30
23
15
15
8
9
10
12
11
1
-8
-6
-11
-17
-22
-28
-30
-30
-23
-10
-5
-8
-9
-5
-8
-7
-3
10
16
13
20
22
29
22
24
30
29
32
16
7
7
2
-11
-26
-29
-35
-42
-48
-49
-45
-42
-32
-28
-30
-24
-13
5
8
15
21
28
33
28
26
25
33
25
20
8
1
-9
-18
-20
-35
-44
-47
-46
-50
-50
-41
-25
-30
-26
-10
0
6
7
22
37
48
53
54
54
53
50
39
32
37
41
35
16
5
8
14
6
-9
-18
-8
-3
-18
-27
-24
-10
-12
-14
-6
-1
-2
-4
4
14
23
25
30
29
21
22
18
6
-18
-29
-23
-24
-44
-66
-64
-70
-85
-89
-82
-76
-76
-62
-47
-47
-32
5
35
35
34
57
72
63
58
77
92
82
59
50
40
24
13
13
-1
-32
-45
-44
-43
-57
-57
-52
-50
-47
-36
-7
7
23
34
50
65
63
70
70
72
69
65
63
51
41
10
-25
-38
-35
-40
-78
-99
-91
-82
-83
-93
-78
-59
-46
-43
-34
-3
16
32
46
63
64
51
54
51
56
48
34
23
16
13
-9
-18
-16
-16
-33
-49
-45
-34
-23
-15
-1
10
21
30
32
41
37
30
30
45
60
44
20
-5
-6
-19
-46
-64
-54
-35
-57
-74
-78
-64
-67
-69
-49
-27
-12
-6
11
21
35
44
43
42
66
95
92
77
79
92
78
58
46
51
46
19
6
-4
-21
-39
-49
-40
-43
-66
-92
-96
-89
-95
-94
-90
-80
-71
-56
-31
-17
2
23
42
54
66
85
92
89
87
87
86
80
72
52
38
34
19
0
-18
-19
-24
-34
-47
-52
-46
-43
-39
-42
-29
-20
-16
-15
-9
-3
-5
8
22
20
6
11
17
-1
-17
-8
-1
-17
-40
-25
1
0
-7
-10
6
2
1
6
23
29
22
33
51
57
44
33
31
20
2
0
0
-2
-23
-37
-43
-47
-56
-70
-67
-76
-74
-69
-52
-54
-63
-47
-18
3
1
7
19
32
45
53
60
59
64
69
71
66
57
45
41
38
31
28
22
10
0
-3
-14
-26
-30
-23
-25
-32
-32
-28
-22
-26
-35
-31
-21
-15
-20
-19
-14
-7
-1
-3
0
0
4
9
8
2
2
6
6
8
7
2
-2
3
7
-4
-13
-10
-7
-19
-25
-21
-18
-19
-19
-10
-15
-16
-18
-9
2
1
7
9
18
21
19
28
43
54
46
36
37
40
32
16
9
12
13
5
-1
-6
-10
-12
-16
-24
-34
-31
-22
-18
-23
-16
-7
-1
0
0
4
4
12
15
20
26
25
20
20
25
16
0
-9
-15
-21
-22
-25
-28
-36
-39
-41
-45
-40
-30
-23
-21
-18
-10
-5
-1
7
14
17
15
17
21
22
17
6
6
14
19
11
3
-3
-2
-1
-1
-3
-3
8
12
6
7
15
24
27
29
36
36
40
42
39
34
27
25
18
17
15
4
-10
-6
-5
-19
-33
-30
-25
-39
-44
-40
-39
-39
-29
-16
-10
-2
4
8
17
30
33
28
30
39
30
20
24
14
-2
-11
-12
-19
-29
-34
-37
-43
-53
-53
-49
-44
-34
-28
-23
-10
-1
2
10
20
27
28
30
36
39
30
23
20
18
16
7
0
-4
-2
-5
-13
-16
-14
-10
-9
-7
-6
-2
5
9
12
15
14
16
16
16
17
19
15
7
2
-1
-9
-15
-14
-13
-14
-16
-19
-19
-14
-9
-8
-10
-8
-4
0
0
2
8
12
18
15
11
5
0
0
-5
-1
-2
-9
-6
-7
-10
-11
-15
-13
-5
-6
-3
-1
9
7
1
7
14
15
10
11
8
4
0
0
2
-4
-10
-8
-6
-8
-14
-17
-15
-11
-8
-6
-5
-3
1
0
0
10
20
18
13
16
16
11
10
8
2
2
-1
-3
-7
-10
-9
-19
-19
-15
-19
-21
-20
-18
-18
-18
-20
-21
-16
-8
-3
0
2
2
8
13
15
18
23
24
25
26
26
23
18
14
11
12
6
1
-2
-8
-7
-16
-18
-20
-23
-16
-11
-9
-9
-9
-6
-2
0
1
1
3
9
14
13
11
9
10
4
4
6
2
3
2
3
1
-1
-3
-8
-3
0
-4
-1
10
18
15
10
8
11
17
21
16
9
12
10
6
0
-1
0
-6
-10
-18
-25
-22
-24
-30
-31
-30
-26
-27
-32
-27
-21
-24
-17
-6
-1
1
4
8
13
12
15
21
21
21
23
28
29
27
21
16
13
14
13
10
4
-1
-5
-7
-7
-11
-16
-16
-13
-15
-16
-16
-11
-1
4
9
7
5
7
10
14
16
14
16
20
17
14
12
12
9
8
6
5
3
-2
-6
-3
-3
-4
-7
-6
-7
-7
-7
-8
-7
-7
-8
-4
-2
-6
-7
-4
-3
-5
-6
-2
1
0
-2
-3
-2
-1
-1
-1
0
3
7
7
5
5
9
9
6
4
2
3
2
5
6
9
9
4
1
3
4
0
-3
-2
1
0
-4
-8
-13
-14
-12
-12
-16
-17
-16
-14
-12
-14
-9
0
1
0
0
3
8
10
11
12
13
14
13
9
