SAMPLES:	10788
BITSPERSAMPLE:	16
CHANNELS:	1
SAMPLERATE:	16000
NORMALIZED:	FALSE
0
0
0
0
0
0
0
0
-1
0
0
0
1
0
1
0
-1
-1
0
-1
0
-1
0
0
-1
0
0
0
0
0
1
0
0
0
0
0
1
0
1
0
0
0
1
0
0
0
0
0
-1
0
0
0
0
0
0
0
2
1
-1
0
1
1
1
0
0
0
0
0
0
1
0
1
0
0
1
0
0
1
0
0
1
0
0
1
0
0
0
0
0
0
0
0
0
0
0
1
0
0
-1
0
0
-1
0
-1
0
0
1
1
0
0
0
-1
0
0
0
0
0
0
1
0
0
-1
0
0
0
0
-1
0
1
0
0
0
0
0
-1
0
0
0
0
0
0
0
1
0
0
0
0
0
-1
0
0
0
0
0
1
0
0
0
0
0
0
0
1
0
-1
0
-1
1
0
0
0
0
-1
0
-1
0
0
0
0
-1
1
0
0
0
1
0
-1
0
1
1
0
-1
0
0
0
0
0
0
0
0
-1
0
0
0
0
1
-1
0
0
-1
0
0
0
0
0
1
1
0
0
0
-1
-1
0
0
0
1
0
0
0
0
0
0
1
0
0
-1
0
0
1
0
0
0
0
0
1
0
0
-1
0
0
0
0
0
0
0
0
1
0
0
0
0
0
0
0
0
1
0
0
0
0
0
0
-1
0
0
0
0
1
0
0
1
0
0
0
1
-1
0
-1
0
0
0
1
0
0
0
0
0
0
1
0
0
0
0
0
0
0
0
0
-1
0
0
0
1
0
0
0
1
0
0
0
0
0
0
0
0
0
0
1
0
1
0
-1
0
0
-1
0
0
0
-1
0
0
0
-1
0
-1
1
-1
1
0
0
0
0
0
1
0
1
0
0
0
0
0
0
0
0
0
0
0
1
0
0
-1
0
0
0
0
0
0
0
0
0
0
-1
0
0
1
0
0
-1
0
0
0
0
0
0
0
0
-1
0
1
0
0
0
0
1
0
0
0
0
0
-1
0
0
-1
0
0
0
0
0
0
0
0
0
0
0
1
1
1
1
0
0
-1
1
0
0
0
0
0
0
0
0
0
0
0
0
1
0
0
1
0
1
0
0
1
0
0
0
0
1
0
0
-1
0
0
1
1
0
0
-1
0
-1
-1
0
0
0
1
1
0
-1
0
1
0
0
0
0
1
0
1
-1
0
1
0
0
0
-1
0
0
0
1
0
-1
0
-1
-1
0
0
1
0
0
0
1
1
0
0
1
1
-1
0
-1
0
0
0
1
0
0
0
0
-1
0
0
-1
0
1
0
0
2
1
0
1
1
-1
0
1
0
0
0
-1
1
0
1
0
1
-1
0
0
0
-1
0
0
-1
0
-1
0
0
-1
-1
-1
-1
-1
-1
-1
-1
-1
0
1
0
0
0
0
1
0
0
0
0
0
0
0
0
0
0
0
0
0
0
0
0
0
0
0
1
2
0
0
1
1
0
1
1
2
1
1
0
0
0
-1
0
0
0
0
0
0
-1
-1
-1
-2
-1
-1
-1
-2
-1
-1
-1
-1
-2
-1
-1
0
0
0
0
0
0
0
0
0
0
0
0
0
-1
0
0
0
-1
0
-1
0
-1
0
0
0
0
1
0
0
0
0
-1
1
0
0
0
0
0
1
0
0
0
0
0
0
1
0
0
0
0
-1
0
-1
0
0
0
0
0
0
0
0
0
0
0
1
0
0
0
0
0
1
0
1
1
0
1
0
0
0
0
0
1
0
1
0
0
0
1
0
0
-1
0
0
1
0
-1
0
0
0
0
-1
-1
1
0
0
1
0
0
1
0
-1
0
-1
0
1
-1
0
0
0
-1
-2
-1
0
-1
0
0
0
0
0
0
0
0
0
0
0
0
0
0
0
0
0
-1
0
-1
0
-1
0
0
0
0
0
-1
0
-1
1
0
0
0
0
0
-1
0
-1
0
-1
0
0
0
1
0
0
-1
0
1
0
0
0
0
0
0
1
0
0
0
0
0
0
-1
0
0
0
0
0
0
0
0
1
0
1
1
0
0
0
0
0
0
0
0
0
0
1
0
1
0
0
0
0
0
0
0
1
0
0
0
1
0
1
1
0
0
0
0
-1
0
0
1
0
0
0
0
0
0
0
0
0
0
0
0
0
-1
0
0
0
0
0
0
0
0
0
-1
0
1
0
0
0
0
0
0
0
-1
1
0
0
0
1
0
1
0
0
0
0
0
0
0
-1
0
1
0
0
0
1
0
0
0
0
-1
1
1
0
0
1
0
0
0
0
0
0
0
0
-1
0
0
0
0
1
0
0
0
0
0
0
-1
-1
1
0
0
1
0
0
-1
0
-1
1
0
1
0
0
0
0
1
-1
0
0
0
0
0
0
0
0
0
0
0
0
0
0
-1
0
0
0
0
1
0
0
0
0
0
0
0
0
-1
0
0
0
-1
0
0
1
0
-1
0
0
0
0
1
1
1
0
0
-1
0
0
-1
0
0
0
0
-1
0
0
0
0
0
0
1
0
0
0
0
0
1
0
0
0
0
0
0
0
-1
1
-1
0
-1
0
0
0
0
-1
0
0
0
0
0
0
0
0
0
1
0
0
0
0
0
0
0
0
0
0
0
0
0
0
-1
0
0
0
1
0
0
0
0
-1
0
-1
0
1
0
0
1
0
0
0
0
0
0
0
0
0
-1
0
-1
0
-1
-1
0
-1
0
0
0
0
-1
0
0
0
0
0
1
0
0
0
0
0
0
0
-1
0
0
0
0
0
0
-1
0
0
0
0
0
0
-1
0
-1
0
0
0
0
1
0
0
0
0
0
0
0
0
0
0
0
0
1
0
0
0
0
1
0
-1
0
1
0
0
0
0
0
0
0
-1
-1
0
0
0
1
0
-1
0
0
-1
0
0
0
-1
0
0
1
0
0
0
0
0
0
1
0
0
0
0
1
0
0
0
1
1
0
0
0
0
0
0
1
0
1
0
0
0
1
0
0
0
-1
1
1
0
-1
-1
0
0
0
0
0
0
0
0
0
0
1
0
1
0
0
0
0
0
-1
0
1
0
0
-1
0
-1
0
0
-1
0
0
0
0
0
0
0
0
0
0
0
0
1
0
0
0
0
0
0
0
-1
1
1
1
1
0
0
0
1
0
0
0
0
-1
0
0
0
0
0
-1
-1
-3
-2
-1
0
-2
-3
-2
-2
-2
-3
-3
-3
-2
-1
-2
-2
-2
-1
-1
0
0
0
0
1
0
0
1
2
3
3
2
1
3
3
3
2
2
2
1
2
2
1
0
0
0
0
0
0
0
-1
-1
0
-1
0
-1
-1
-1
-1
-1
-1
-1
-2
-2
-1
-2
-1
-2
-2
-2
-2
-2
-1
-1
-1
-1
-1
0
-1
-1
0
0
0
0
0
1
0
0
2
2
1
1
1
2
2
2
2
1
1
1
1
2
1
1
0
0
0
1
1
0
0
0
0
0
-1
0
0
0
0
0
0
1
0
0
1
0
0
0
1
0
0
1
0
1
1
0
0
0
0
0
0
0
-1
1
1
1
1
2
1
-1
0
1
0
0
0
0
1
0
0
0
0
1
0
0
0
0
0
0
1
0
-1
0
-1
-1
0
-1
0
0
0
-1
-1
-1
-1
-1
0
-1
0
-1
-1
0
0
0
0
0
0
0
0
0
0
-1
0
1
0
0
1
0
0
0
1
0
0
1
0
0
0
0
-1
0
-1
-1
0
0
0
0
1
0
0
0
0
0
0
0
0
1
1
0
1
-1
0
0
0
0
0
0
0
0
0
0
0
0
0
0
0
0
0
0
0
0
0
0
0
0
0
0
0
0
-1
1
0
1
0
0
1
0
0
0
0
0
0
-1
1
0
0
0
1
1
0
0
0
0
0
0
0
1
0
0
1
-1
-1
0
0
0
0
0
0
0
0
0
0
0
-1
0
0
0
1
0
0
0
0
1
0
-1
-1
0
0
0
-1
0
0
0
0
0
-1
0
0
0
0
-1
0
0
0
0
0
0
0
0
0
0
0
0
0
0
-1
0
0
0
0
0
0
0
0
0
1
0
-1
0
0
0
0
0
0
0
0
0
0
0
0
0
0
0
0
0
0
0
-1
0
0
0
0
0
0
0
0
0
0
0
0
0
1
0
0
0
0
0
0
0
1
0
0
0
1
1
0
0
0
-1
1
1
0
0
0
0
0
0
0
1
0
0
0
1
0
0
0
0
0
-1
0
0
0
0
0
0
0
0
0
0
-1
-1
-1
0
0
0
0
0
0
0
0
0
0
0
0
0
0
1
0
1
0
0
0
0
0
0
1
-1
0
1
-1
0
0
1
0
0
0
0
-1
0
0
0
-1
0
-1
0
0
0
0
0
-1
0
0
0
0
0
0
-1
0
0
0
0
0
0
0
0
-1
-1
0
0
0
0
0
1
0
0
0
0
0
-1
0
0
0
0
0
0
0
0
0
1
0
1
0
0
1
-1
1
0
0
0
-1
-1
0
0
0
-1
0
-1
0
0
0
-2
-1
0
-1
-1
1
0
-1
-1
0
0
0
1
0
1
0
0
0
0
0
0
1
0
-1
-1
1
1
0
0
0
0
0
0
0
0
-1
1
0
0
0
0
0
0
0
1
0
0
1
1
0
0
0
1
0
0
0
2
1
0
-1
1
1
0
0
-1
-1
0
0
-1
1
0
1
0
0
0
0
0
0
1
0
0
0
-1
0
0
0
0
0
1
-2
-1
0
0
0
0
-1
0
0
0
0
0
0
0
0
0
0
-1
0
0
0
0
0
-1
0
0
0
0
0
0
0
0
1
0
0
-1
1
0
0
-1
-1
0
0
0
1
-1
0
0
0
-1
1
0
0
0
1
-1
0
0
0
0
0
0
0
0
0
0
0
-1
0
0
0
0
0
0
0
0
0
0
1
-1
0
0
-1
1
0
0
0
0
0
0
0
0
0
0
0
0
0
0
-1
0
0
0
0
0
0
0
-1
0
0
0
-1
0
0
-1
-1
0
0
0
0
0
1
1
-1
0
-1
0
0
0
0
0
0
0
0
1
0
0
0
0
-1
1
0
0
1
0
0
0
0
0
1
1
0
0
0
0
0
-1
0
-1
1
0
1
0
0
1
0
0
1
0
0
0
1
-1
-1
1
0
0
0
-1
0
0
1
0
0
0
0
0
0
-1
0
0
0
-1
0
0
1
1
-1
0
0
0
0
0
0
0
0
0
-1
1
0
-1
1
0
0
0
-1
0
-2
0
0
0
0
-1
1
0
0
-1
0
0
0
0
0
-1
0
-1
1
0
0
1
0
0
0
0
0
0
0
0
-1
0
0
0
1
0
1
0
0
0
0
-1
0
0
1
1
0
0
0
-1
-1
0
0
0
-1
0
0
1
0
1
0
0
1
0
0
1
0
0
0
0
0
0
0
0
0
0
0
-1
1
0
0
0
0
0
0
0
0
0
0
-1
0
-1
0
0
0
0
0
-1
0
0
0
1
0
0
0
0
0
0
0
0
0
-1
1
1
-1
0
0
0
0
-1
0
0
0
0
0
0
0
0
0
0
0
1
0
0
0
0
1
0
0
1
1
0
-1
0
-1
0
0
0
1
0
-1
0
0
0
0
1
0
1
0
1
0
0
0
0
1
0
0
-1
0
0
1
0
0
0
0
0
0
0
0
0
0
0
0
0
1
1
1
0
0
-1
0
0
0
-1
-1
0
0
0
0
0
0
0
0
0
0
0
0
0
0
0
0
0
0
0
0
0
1
0
0
1
-1
0
0
0
0
1
0
1
0
0
0
0
0
0
0
1
0
-1
0
0
0
0
0
-1
0
0
-1
0
-1
-1
0
1
0
0
0
0
0
-1
1
1
1
0
1
1
2
1
0
0
0
1
0
1
0
1
0
0
0
0
0
0
-1
0
-2
-2
1
-1
-2
-1
-1
-1
-1
-2
1
0
-1
-1
-1
-2
-1
0
2
0
1
-1
0
1
3
1
0
0
4
3
3
3
4
3
2
4
5
5
5
2
0
3
1
4
-2
-1
1
0
2
-2
-4
-5
-2
-1
-1
-1
-2
-6
-4
-3
2
-1
-4
-3
-3
-2
1
-1
-2
-2
0
0
2
1
3
0
-3
1
-5
1
1
4
-1
-3
-7
2
3
3
-3
-5
-5
2
3
10
1
2
-2
1
4
6
5
0
4
5
5
4
-2
0
3
1
0
-3
-3
-1
-1
-9
-4
-7
-3
-5
-7
-8
-10
-13
-4
-6
-5
-6
-5
-3
-5
-6
1
-1
5
0
3
5
5
9
7
5
1
6
7
12
8
0
0
2
6
12
2
2
-2
-2
1
6
5
3
-4
-5
1
6
7
-1
-2
-6
-1
6
10
1
-6
-5
0
8
5
0
-5
-9
-4
4
5
-2
-12
-18
-12
-17
-9
-2
-8
-27
-51
-35
-8
-7
-16
-34
-25
-18
-29
-20
-7
8
22
11
-3
-22
13
64
92
77
66
61
47
20
34
102
137
141
105
78
28
-23
-27
57
135
130
10
-110
-168
-134
-46
26
55
-24
-153
-224
-176
-28
98
176
143
22
-59
63
295
487
463
382
305
230
245
340
507
537
301
80
-110
-89
39
129
126
-156
-422
-487
-306
-125
-196
-363
-453
-422
-315
-223
-82
-62
-202
-338
-306
-160
-193
-333
-436
-512
-611
-664
-601
-636
-944
-1167
-1061
-747
-730
-959
-1058
-917
-783
-864
-728
-287
144
131
-136
-71
300
626
655
561
729
979
1125
907
550
404
646
1029
1216
960
716
585
802
1069
1413
1786
1961
1846
1655
1805
2269
2476
2225
2001
1955
1935
1621
1164
745
225
-154
-305
-507
-995
-1879
-2497
-2749
-2684
-2473
-2480
-2649
-2843
-2927
-2714
-2264
-1489
-820
-646
-762
-645
-195
229
559
909
1127
805
223
21
361
588
259
-367
-965
-1315
-1504
-1544
-1444
-1546
-2032
-2658
-2807
-2249
-1664
-1585
-1802
-1697
-1174
-721
-356
41
589
1094
1566
2167
2694
3017
3176
3583
4370
4855
4721
4147
4154
4664
5027
4994
4698
3722
1619
323
1518
3990
3647
-238
-3539
-3812
-2464
-2201
-2439
-2050
-3190
-6422
-8642
-6604
-2647
-1832
-4068
-5403
-4407
-3117
-2718
-1666
422
1571
1108
854
1898
3120
3273
3290
4317
5174
4524
2720
1804
2343
2808
2261
1019
47
-1011
-2455
-3629
-3475
-2574
-2652
-4233
-5833
-6143
-5341
-4531
-3869
-3427
-3372
-3777
-3733
-2465
-599
715
1008
962
1263
1686
2413
3405
4549
5302
4831
4041
3522
3790
4586
4993
5069
4503
3544
2472
1766
1989
2728
2898
2254
1437
929
-138
-1952
-2444
-445
1987
1154
-2469
-5091
-4948
-3694
-2797
-1525
-354
-1860
-5570
-7083
-3947
254
1029
-720
-1544
-919
-534
-111
1919
4410
4838
3200
2364
3455
4627
4545
4043
4446
4863
3984
1952
507
364
665
306
-715
-1691
-2867
-4853
-6890
-6945
-4935
-3659
-5208
-7961
-8686
-7305
-5639
-4299
-3077
-2554
-3740
-4839
-3207
501
3056
2713
1330
1044
2032
3175
4221
4989
5023
4058
2707
2449
3103
3719
3371
2430
1667
827
181
-34
593
1143
1006
310
-445
-901
-889
268
2305
3653
2560
-1187
-3796
-2044
2939
5629
2730
-1907
-3762
-3233
-2685
-1890
685
1598
-2553
-7761
-7335
-1872
1117
-910
-2783
-1489
-338
-1289
-1164
2300
5550
4888
2761
2901
4823
5646
4980
5282
6675
6939
5041
2417
1428
2032
2607
2264
875
-1112
-3718
-6019
-5890
-4034
-3330
-5511
-8547
-8965
-7867
-7027
-6386
-4999
-3716
-4536
-5630
-4207
-1269
724
820
1334
2664
3043
2623
2852
4828
6628
6118
4168
2539
2638
3403
3607
3235
2338
1073
-570
-1815
-1510
-468
26
-675
-1602
-1656
-1734
-2012
-1809
-202
2141
3628
3414
997
-2680
-3626
705
7125
8115
2310
-3588
-4618
-2735
-1188
742
3274
1623
-5205
-10381
-7544
-669
1883
-527
-2362
-2126
-2644
-3704
-1438
3980
6947
4959
1822
1619
3388
4432
4981
6224
7078
5579
2414
276
414
1613
2558
2362
651
-2636
-5909
-6715
-4848
-2301
-2004
-4595
-7958
-9582
-8157
-5253
-2956
-2493
-3715
-5294
-5570
-3653
-617
1235
1213
815
995
1591
1914
2777
4578
5894
5483
3784
2603
2850
3388
3628
3528
3210
2361
643
-726
-779
191
920
711
302
-67
-936
-2144
-2051
501
3600
4991
4159
2467
-95
-3406
-3372
2340
9376
8786
-178
-7438
-6839
-2169
132
625
1669
-817
-8259
-12926
-7728
1501
3141
-2754
-5989
-3473
-1047
-1437
-1
4891
7217
4076
1151
3042
6722
7359
5909
6201
7598
6844
3715
826
713
2498
3640
2497
-819
-4269
-6137
-6005
-4187
-2633
-3343
-6802
-10372
-10851
-8303
-5199
-4166
-5454
-7613
-8759
-7217
-3714
-593
149
-1140
-2164
-1549
422
2674
4327
5058
4907
4233
3903
4319
5031
5380
4867
3948
3143
2172
1258
684
882
1362
813
-279
-893
-896
-576
-724
-99
1338
2252
1975
1239
2485
5499
5955
1738
-2842
-1157
6291
9432
3773
-3634
-5030
-2042
-1536
-2129
650
2120
-3945
-12364
-11298
-1143
4065
-568
-5123
-3199
-215
-1623
-1943
3548
8220
5916
987
1201
5551
7195
5349
4741
6138
5922
2465
-419
339
2194
1482
-1198
-2790
-2873
-3980
-6371
-6577
-4405
-3320
-5542
-8721
-8814
-7049
-5783
-4831
-4303
-4274
-5672
-6318
-3643
-345
1334
390
-814
-268
638
1863
3068
4379
5459
4443
2410
1223
2306
4568
4616
2546
453
-374
-525
-923
-410
1053
922
-1201
-3216
-2745
-503
880
1779
2168
1696
718
447
2857
6389
9006
8323
2682
-3455
-3310
5608
13597
10287
-10
-6299
-4957
-2181
-764
3323
5527
-1139
-12069
-13583
-2742
5094
1231
-5128
-5070
-2010
-2517
-2820
2297
6700
3934
-1668
-1691
3755
6681
4915
3467
4083
4096
1476
-792
453
3057
3351
1525
-485
-1893
-3829
-5745
-4454
-1548
-917
-4046
-7709
-8133
-7199
-6621
-5464
-3829
-3310
-5791
-7545
-5529
-1796
191
-442
-1162
-544
535
1648
2522
3345
4051
4339
3708
2869
2633
3251
3209
2179
1908
2330
1547
-946
-2499
-1370
507
530
-399
-761
-947
-1192
-923
949
2353
2371
2096
2321
3314
3983
5403
5338
1560
-2234
-653
6744
10186
4826
-2191
-4392
-2379
-1442
-207
2825
2208
-4156
-9459
-5927
1627
3294
-1208
-4205
-2834
-1138
-772
815
3654
3703
647
-667
1887
5047
4772
2476
1371
1095
767
456
1618
2946
1870
-686
-2252
-1890
-1099
-1858
-2918
-3564
-3887
-4396
-5511
-6049
-5872
-5038
-4713
-5563
-6329
-6356
-5619
-4757
-3577
-1225
166
-864
-2819
-2653
325
3160
4087
4374
4560
3545
1694
1402
3778
6180
5594
3389
1640
858
174
199
1732
2705
1266
-1550
-2320
-819
1132
1906
1912
1199
-463
-874
404
3465
5810
6482
4608
-1424
-6237
-3823
6453
13611
8793
-1737
-7399
-5373
-1722
820
4772
5306
-1052
-9828
-10189
-1361
4610
2030
-2922
-3907
-2259
-1750
-763
2621
4773
2870
105
578
3892
5402
3857
2408
2232
2903
2291
1022
790
769
324
-598
-1851
-2760
-4317
-6265
-6518
-5744
-4669
-4642
-6607
-8238
-9121
-8087
-5652
-4351
-3865
-4695
-4875
-3798
-2194
63
828
418
117
1053
3511
4340
4112
4147
4478
4187
2690
2748
4225
4635
3277
1568
1233
1158
697
892
1577
1434
-124
-1454
-1114
202
1245
1969
2269
1635
289
-414
804
3844
5742
6588
4342
-737
-4218
-2519
6046
12147
8311
-165
-5491
-3594
-242
1456
4525
4938
-485
-8188
-9183
-723
5271
1813
-3767
-4889
-2282
-1054
-1276
1642
4079
2052
-1056
-922
2765
4725
2540
790
1170
2176
1852
888
905
851
-853
-2442
-2564
-1789
-2686
-5651
-6742
-5073
-3194
-3881
-6527
-7785
-7289
-6467
-5728
-4842
-4031
-4755
-6103
-5267
-1931
1007
249
-2002
-2100
-7
1955
2186
3166
4961
4774
2608
829
2049
4115
3608
2064
1852
2900
2692
353
-981
124
1473
650
-954
-737
911
1389
-239
-1160
-205
1464
2563
2730
3360
3825
4589
3274
-297
-2110
1671
9960
12000
4973
-2544
-3251
1256
3224
3557
5455
4211
-2584
-8572
-5093
4117
6172
-411
-6188
-5610
-2080
-419
732
2798
2210
-1195
-2834
378
5634
6150
2284
-397
122
2374
3210
3178
3243
1761
-1077
-2861
-2354
-1260
-2605
-5132
-5762
-4881
-4461
-5613
-6854
-7222
-7553
-7616
-7038
-5506
-4864
-6049
-6618
-4953
-1599
484
-127
-1177
-1054
-67
863
1789
3607
4836
3737
1405
488
2027
3428
2746
1271
153
-297
-852
-1474
-836
-169
-459
-1540
-2279
-1829
-1034
-701
-550
9
590
1345
2019
3287
5038
7078
5687
698
-3060
606
10707
14765
8400
-256
-2735
753
2766
4405
8393
7926
87
-8121
-5800
4508
8123
2122
-3635
-3285
-383
-203
-121
3143
4482
1044
-2198
-108
5483
6528
1777
-1101
124
2624
2050
-147
492
1515
-87
-2678
-3831
-3473
-4877
-7471
-6545
-3660
-2728
-6033
-9342
-8859
-6251
-4364
-4111
-4544
-4884
-5583
-5128
-2896
239
2267
1138
-829
-757
1250
2892
2019
890
1467
2194
1695
270
119
1006
775
-377
-1388
-1738
-2571
-4055
-3933
-1645
402
-62
-2310
-3724
-2794
-653
684
1246
1501
1958
2875
4086
7027
9266
5171
-2174
-4668
4275
15713
14802
4313
-3792
-3489
313
1595
5287
9307
5302
-5196
-10893
-3749
6035
5911
-134
-3170
-1899
-1464
-2278
533
5779
5943
1393
-2107
145
4797
5341
3567
2898
2957
1773
-1026
-1393
1735
3664
2226
-1144
-3716
-4882
-6277
-6555
-4643
-2266
-2559
-5594
-8612
-8284
-5807
-3753
-3208
-3839
-4190
-4149
-3581
-2016
-52
1335
1262
355
419
1261
1748
1440
1008
1778
2247
1484
211
74
1017
1219
53
-1355
-1765
-1854
-1837
-1781
-1520
-1330
-1473
-1268
-1526
-1458
-805
-12
454
-11
202
2425
4791
7972
7279
986
-5476
-4772
6684
15259
11243
1192
-5197
-4005
-1595
1237
7155
8620
442
-10468
-11060
-413
6769
3409
-2092
-2996
-1910
-2793
-2942
2058
6432
4332
-399
-1239
2666
5025
3364
2632
4017
4052
1271
-1636
-469
2253
2514
980
-834
-2730
-5463
-7383
-5663
-2137
-1148
-3928
-7367
-8498
-6824
-4410
-2131
-868
-2264
-4694
-5591
-2926
1325
2887
1688
-193
-299
1175
2216
2512
2024
1522
1352
1438
2080
2481
2000
762
-187
140
813
772
-625
-1358
-1261
-564
287
800
754
-596
-2131
-1436
1723
4670
4889
3492
3313
5988
6043
1532
-2959
-648
8717
12644
7521
-44
-3553
-2605
-2612
149
6516
7190
-1571
-11923
-11182
-810
4694
1767
-2437
-3052
-2198
-3044
-2036
3071
6075
3442
-1203
-1738
2657
5193
4030
2929
3146
3119
251
-2861
-2301
35
1130
140
-1682
-3624
-6972
-9407
-7844
-3914
-1771
-4248
-7828
-8916
-7893
-5988
-4247
-2370
-2105
-3899
-5313
-4159
-461
1982
1430
181
-341
876
1804
2172
3040
3502
3144
1753
1160
2247
3065
2463
1395
1288
1601
822
-819
-768
704
1689
863
-233
-14
443
-84
-610
980
4172
5806
5233
4718
6329
5088
-122
-4085
575
10454
12242
5056
-1744
-2534
-601
-2175
-1091
4330
5147
-1825
-9787
-7926
-44
2376
-831
-2540
-1220
-830
-2919
-2538
2549
5557
3544
-83
-777
2054
3250
2239
2622
4131
4256
82
-4390
-4047
-535
1447
424
-1708
-3227
-6328
-9003
-7791
-3343
-711
-3777
-8090
-9000
-6443
-3546
-2405
-2272
-3157
-4546
-4770
-2863
472
2772
2441
1047
113
829
1959
2700
3821
4939
4947
2887
666
774
2185
3096
2563
1603
1097
86
-586
-257
694
1275
616
-453
-935
-907
-401
1152
3052
3838
3716
3714
5994
5644
396
-4546
-2190
7557
11109
4351
-3343
-5019
-2126
-1922
-1434
3015
3263
-3834
-11118
-8518
554
3264
-1134
-3747
-2152
-588
-1810
-1441
2923
5802
4439
2453
2980
5579
5552
3404
3256
4478
5743
4181
855
-1496
-2732
-2008
-185
729
-956
-5241
-8984
-8893
-5748
-2414
-2871
-6361
-9573
-9811
-7193
-4261
-2249
-2270
-4328
-6061
-5429
-1857
877
1122
320
327
1397
1937
2474
4185
5244
4862
3183
2282
2679
2767
2107
1737
2270
2511
1214
-680
-1443
-626
422
913
519
-630
-2200
-2898
-1024
2933
5422
5256
3114
3293
3965
689
-3341
-3022
5459
11076
5770
-2861
-6559
-3636
-1960
-2081
1686
4072
-971
-9645
-10679
-1963
4597
2688
-1217
-1364
-182
-817
-546
4705
9912
8799
3825
1474
4593
8465
8112
6333
5343
4913
3076
-187
-1057
-281
-66
-1455
-2814
-3271
-4637
-7210
-8279
-6630
-4787
-5255
-7299
-8511
-7832
-6751
-5608
-4585
-4108
-4088
-4364
-3848
-2391
-689
410
466
454
903
2297
3280
3765
3698
3008
2719
2488
2537
2417
1902
1230
186
-557
-319
164
29
-739
-1212
-1283
-1649
-1352
-627
5
67
556
2301
3848
4578
5608
5464
861
-4982
-4686
4567
12093
8428
-781
-5901
-5070
-3742
-2384
3017
6230
773
-8923
-10994
-2867
3835
2743
-163
-27
1077
-227
-1364
2345
7188
7811
5349
3360
4319
5608
4808
4564
5551
6146
4410
-447
-3598
-2841
-220
1278
-366
-3419
-6273
-8708
-8718
-6093
-3228
-3575
-6986
-9420
-8621
-6227
-4214
-3105
-3151
-4417
-5363
-3777
-44
2200
1383
-359
-169
1521
2845
2965
3286
3768
3554
2715
2316
2732
2870
1686
700
814
679
-282
-1057
-66
1612
1266
-469
-1656
-1417
-566
-44
1196
3261
4286
3526
2515
4087
5379
2550
-1565
-1343
5617
9112
4483
-1345
-2951
-1528
-2333
-3239
1139
3321
-1569
-8526
-8839
-2002
1716
-814
-2867
-1661
469
-78
-923
1670
4590
5028
3808
3580
5759
6540
4294
2959
4355
6526
5747
1156
-2155
-2249
-1103
-447
-1050
-2302
-5099
-8802
-10115
-7795
-5104
-5219
-7701
-9808
-9676
-8438
-6156
-4203
-3832
-5110
-6315
-4518
-600
2049
2100
742
781
1808
2718
3929
5419
6686
5561
3320
2800
4240
5889
5221
3109
1345
231
243
865
1777
1972
818
-335
-1237
-955
-379
87
733
1751
3345
3996
3392
3665
3942
1960
-1062
-506
5941
9300
4307
-2621
-3990
-780
-382
-2117
-444
990
-2375
-8123
-8059
-1874
1003
-2060
-4221
-2302
578
225
-1284
706
3250
3687
3206
3417
5494
5900
3997
2737
2970
4571
4567
1655
-957
-2023
-1599
-1343
-2368
-3338
-4754
-6941
-8310
-8141
-6904
-6322
-7314
-8328
-8308
-7671
-6299
-5262
-4651
-4488
-4236
-2925
-1102
525
1446
1789
2069
2291
3344
4698
5753
5944
4832
3987
3457
3397
4383
5164
4784
2396
-258
-494
1329
3133
2711
726
-512
-35
1119
1862
1259
1037
1808
2707
4176
5946
7401
4312
-2008
-4875
1372
10740
10658
2654
-4481
-5246
-2770
-2261
551
3336
255
-7664
-11882
-6285
1097
1154
-3523
-5595
-3271
-1074
-712
439
2735
2713
1239
1226
4011
6895
5877
3343
2211
2895
4063
3270
1087
-591
-898
-394
-748
-2661
-4830
-6023
-6461
-6402
-6169
-6482
-7227
-8821
-9229
-7652
-5368
-3937
-5018
-6848
-7198
-5496
-1948
1036
2075
1222
-105
46
1720
4122
5722
6367
5509
3343
1669
1665
3652
5246
5377
4441
2490
141
-1136
-68
3263
4668
2588
-282
-1562
-473
875
1354
2741
3645
3650
3726
4754
4161
-151
-4064
-457
8940
11893
4717
-3776
-6011
-3245
-1997
-242
3416
2094
-5571
-12403
-9041
71
2956
-1159
-4744
-4207
-2387
-1807
396
5139
6976
4374
1356
2131
6008
8029
7395
6396
5419
3880
1971
908
1394
1516
775
-164
-1784
-4392
-7937
-9024
-6428
-3553
-4766
-9135
-12095
-10933
-7759
-6320
-5429
-4928
-5960
-7792
-8326
-4481
619
2346
1382
226
855
1359
1153
2628
5195
7367
5739
2290
636
845
2701
4222
5407
5209
1940
-2146
-3235
-226
4007
5054
2769
251
-1437
-1543
-698
1676
5076
6420
5569
4554
2742
-651
-4088
-2048
7651
13592
8497
-2215
-8633
-6910
-2914
405
4915
4176
-4071
-13524
-13659
-2977
4771
2914
-2784
-5463
-4216
-2423
165
5274
8398
6190
2227
1370
4823
7866
7515
6750
6565
5797
3558
461
-665
182
1343
2019
574
-3039
-7572
-10472
-8721
-4439
-2174
-4437
-9461
-12424
-11494
-8537
-5361
-3633
-3978
-6156
-7869
-6287
-2053
1242
1861
1216
1359
1664
1109
1332
3147
5676
6113
4298
2512
1521
1427
2222
3941
5198
3724
52
-2588
-1778
1130
3215
3241
1744
265
-724
-1408
-655
1672
5115
7181
6813
3565
-1994
-6126
-4076
5572
13355
10737
606
-7823
-8603
-5172
-254
5745
6772
-1098
-12210
-14963
-6005
3306
4183
7
-2939
-3310
-3329
-2083
3048
8259
8454
4960
2139
3582
6313
7143
7163
7060
6518
4744
2125
122
-659
-622
674
1089
-1351
-6220
-10495
-10122
-6671
-3458
-3712
-7553
-11891
-13251
-10271
-5432
-2263
-2702
-4930
-6501
-5969
-2616
1615
3713
3165
1714
1931
2806
2600
2718
3925
5711
5533
3856
2087
612
313
1247
3199
3680
1183
-2063
-3142
-1491
646
2171
2373
1276
-727
-2519
-1220
2198
5484
6994
6891
4241
-1704
-6119
-3031
7453
13742
8704
-1238
-7020
-6596
-4783
-1854
4027
5951
-1368
-12232
-14532
-6291
1496
2156
-145
-1286
-2146
-3924
-3053
2801
8615
9006
5484
2756
3588
5618
6689
7637
7866
6793
4225
1207
-200
-630
-491
177
125
-2248
-6792
-10340
-10089
-6683
-4097
-4361
-7531
-11630
-12996
-10632
-5449
-1526
-1380
-3903
-6513
-6259
-2905
2079
5077
4315
2124
633
1441
3194
4388
5277
4947
3948
2700
1680
1284
1491
2652
3475
2611
196
-2142
-1481
793
2575
3172
2099
859
-572
-654
1602
4637
6907
7738
7401
3146
-3034
-5587
781
11464
13556
5418
-4680
-9046
-7125
-3502
2120
5883
1594
-8693
-15538
-11188
-2048
2149
1000
-1246
-2709
-3525
-3443
319
5771
7661
6327
4239
3488
4085
4497
5661
7750
7898
5777
2530
160
-867
-1935
-1727
204
743
-3299
-10310
-13330
-9728
-4938
-3578
-6336
-9631
-12039
-13001
-10018
-4487
-716
-1717
-5797
-6900
-4281
-615
1973
2800
3446
3309
2629
1700
1737
3474
4818
4982
3847
2523
1781
90
-288
1459
3462
3162
-142
-2593
-2279
-382
1443
2787
3120
1741
-362
-666
1643
5072
7509
9232
8566
3115
-3377
-4218
4461
13927
13102
3671
-5805
-8409
-5648
-1266
4661
6667
51
-10577
-15045
-7908
1533
3760
733
-2358
-3142
-3274
-2057
2612
7141
7106
4044
2411
3917
5649
5305
5531
7135
7674
5393
2018
617
951
584
-334
-121
-22
-3002
-8362
-11069
-8372
-4133
-3552
-6762
-10277
-11441
-10974
-8681
-5019
-2328
-2414
-5557
-7546
-5769
-1566
2321
3266
2427
1014
-145
-262
1222
3935
5360
4194
1542
-436
-917
-924
601
2760
3409
891
-3122
-4588
-2551
376
2540
3716
2813
192
-2878
-2417
2246
7443
10219
9568
4824
-2218
-6202
-1633
9590
15117
9469
-1347
-8611
-8776
-5155
1073
7469
5850
-4261
-14226
-13683
-3815
3242
3737
1434
-889
-2911
-4485
-1830
5240
9854
8470
4456
2493
3862
5312
6018
7871
9336
8086
3924
368
349
1706
1958
1690
1077
-757
-4941
-9037
-8750
-5261
-2731
-3547
-6961
-9709
-10694
-9709
-6229
-2652
-1489
-3355
-5820
-5499
-3088
-504
1239
2429
2825
1842
363
-150
1186
2770
3218
2954
2112
660
-1872
-3590
-1888
1580
3089
435
-3662
-5518
-4394
-1553
1841
4304
3460
-93
-3353
-2489
2483
7985
11284
10528
4183
-3342
-6145
598
11247
14067
7443
-2161
-7717
-7513
-4583
1439
6506
3216
-6607
-13794
-10884
-2231
1805
435
-1083
-1535
-2044
-3115
-1448
3603
6984
6742
4839
4145
4754
4687
5164
7341
9143
8043
3842
253
-394
333
1054
1541
1049
-1743
-6997
-10683
-9257
-4943
-2729
-4559
-8204
-10250
-10247
-8533
-5401
-2573
-1751
-3467
-5041
-4108
-1533
615
1267
2118
3339
3693
2189
412
1095
3101
4429
4421
3470
2381
-380
-2569
-1141
2809
5236
2285
-2438
-4377
-2786
644
4120
6326
4930
263
-3124
-1177
5358
11000
12914
8885
384
-6342
-5166
5599
14170
11748
1800
-7162
-9135
-7102
-2643
3801
5345
-1645
-11788
-14573
-7468
-491
468
-1073
-1481
-1747
-3916
-4533
73
5823
7226
5176
3403
4002
4258
3393
4802
7768
8757
5432
292
-1943
-1455
-687
-68
233
-1224
-5557
-10981
-12143
-8118
-4429
-4160
-7706
-10663
-10991
-9985
-6742
-3412
-1794
-3069
-5608
-4749
-1664
1309
2152
1924
2943
3364
3056
2264
2642
4259
4798
4331
3629
3306
2537
531
66
1984
3922
3574
309
-2045
-2047
-260
2797
5400
5837
3088
-540
-1264
2344
7749
11337
11353
5511
-2572
-6185
-696
10074
13485
7156
-2416
-8193
-7878
-4980
656
5348
2533
-6222
-13141
-11223
-3989
-83
-210
-1143
-2181
-3588
-4745
-2350
2976
6070
5650
4236
4011
4511
4033
4128
6536
8536
7710
3993
823
-125
-398
-671
21
845
-511
-5528
-10315
-10564
-6888
-3869
-4375
-7000
-9421
-10339
-9602
-6294
-2311
-870
-2775
-5366
-4568
-1370
1451
2614
3032
3287
2519
1387
1443
2791
3751
3213
2441
2437
2136
159
-2333
-2345
130
2435
1823
-909
-3608
-4548
-2772
1592
5996
5829
1398
-3039
-2637
2673
8166
11394
10051
2686
-5263
-7176
1429
11871
12312
3740
-5475
-8646
-7120
-3944
1647
5027
516
-8939
-13745
-8918
-1597
198
-1279
-1621
-1222
-2184
-2969
155
5335
7362
6293
5415
6160
6693
5822
6107
8442
9775
7818
3995
1651
1553
1381
1029
1369
1104
-1762
-6842
-9409
-7404
-4388
-3612
-5727
-7991
-9065
-9348
-7537
-4606
-2351
-2385
-4202
-4314
-2240
320
1648
1561
2295
3116
3417
2553
1825
2242
2240
2032
1943
2545
1922
-1426
-4029
-3235
66
1619
-218
-2568
-4088
-4142
-2594
1081
4598
4023
-102
-3274
-1955
3208
7964
10225
6697
-1232
-7448
-5233
5161
11762
8210
-1020
-7666
-8309
-6280
-1830
3681
4008
-3283
-11659
-11600
-4364
819
124
-1172
-260
435
-757
-944
2623
6552
7540
7186
7337
7586
5980
4012
5735
9369
10181
6408
1685
81
743
879
823
1122
-101
-4296
-8947
-9223
-5516
-3020
-4239
-7510
-9146
-8747
-7452
-5058
-3061
-2089
-2916
-3888
-2588
-45
2598
3459
3355
3908
4250
4079
3131
2904
3832
4005
3202
2195
1750
542
-2089
-3256
-2047
-222
-577
-2635
-3840
-4240
-4084
-2512
734
3043
1639
-1573
-2783
-319
3660
7103
8504
4234
-3346
-7830
-2296
8163
11266
4708
-4444
-8550
-7586
-4845
694
4844
1606
-8020
-14171
-9478
-583
2320
-518
-2433
-1579
-844
-922
1302
5653
7209
5799
4877
6293
7625
6007
4581
6216
8780
8480
4611
1237
374
549
498
978
1573
-396
-5496
-9476
-8331
-4348
-2879
-5154
-8203
-9021
-8528
-7038
-4564
-2307
-1815
-3595
-4193
-1922
1110
3130
3408
4076
4966
4674
3636
2859
3444
4045
3832
3436
2997
1991
-744
-3482
-3412
-1235
523
-371
-2912
-4567
-5019
-3635
-103
3027
3527
265
-2808
-1893
2448
7612
10622
8056
539
-6490
-5043
5274
12871
10279
914
-6668
-8311
-6504
-2104
3795
4483
-2668
-11899
-13540
-6580
-600
-238
-1546
-1423
-1246
-2773
-2760
1732
6424
7351
5762
5002
5810
5547
4410
5695
8481
9422
6056
1351
-433
160
839
995
1118
-49
-4243
-9348
-10359
-6995
-3411
-3786
-6705
-9161
-10010
-9365
-6898
-3036
-660
-1446
-3779
-4069
-1359
1773
3670
4526
4967
4915
3414
2231
2922
4416
5017
3707
2283
1628
281
-1895
-3013
-1845
-55
-248
-2313
-3938
-4492
-3722
-1646
1675
3858
2326
-805
-2110
715
5940
10100
11312
6378
-1805
-6158
-933
10050
14378
8445
-1705
-7934
-8069
-4791
1418
6324
3529
-6352
-14311
-11774
-3553
1009
19
-1458
-1376
-2214
-3600
-2014
3323
7076
6755
4828
4324
4912
4317
3803
5639
8084
7706
3460
-839
-1687
-246
968
1275
535
-1941
-6624
-10332
-9239
-5127
-2598
-4186
-7500
-9182
-9212
-7901
-5128
-1795
-22
-1081
-3143
-3014
-802
1705
3162
3976
4632
3878
1887
479
1559
3778
4677
3568
1742
192
-1386
-2522
-2111
-422
451
-688
-2561
-3567
-3338
-2379
-180
2710
3959
2517
-149
-656
2141
6817
10892
10737
4852
-2368
-4013
3122
11114
11588
4502
-3554
-7511
-7430
-3874
2104
4569
-1056
-10699
-14534
-8981
-1826
-9
-1776
-2841
-2816
-3563
-3604
62
4832
6488
5132
4057
4858
5006
3636
4155
7349
9458
6831
1279
-1512
-473
1393
1670
1223
199
-3045
-7877
-10123
-7187
-2754
-2394
-6023
-9375
-9235
-7204
-5023
-2747
-697
71
-1423
-2380
-821
2212
4196
4243
4457
5020
4525
2655
1688
3122
4878
4585
2741
1316
449
-1171
-2563
-2319
-695
16
-1284
-2838
-4089
-4466
-3857
-1266
2344
3157
845
-2351
-2496
1340
5894
9347
8444
2564
-3533
-4139
3461
11221
10414
2653
-5032
-7396
-5645
-2157
2552
3839
-1877
-10287
-12811
-6967
-435
47
-2235
-2731
-1910
-2139
-2538
227
4412
5687
4573
4026
4844
4899
3305
3597
6676
8511
6104
1250
-1306
-465
720
1249
1448
282
-3584
-8482
-9724
-5927
-2147
-2675
-6038
-8814
-8493
-6829
-4655
-1879
-276
-322
-1848
-2340
-373
2156
4013
4424
4423
4308
3306
2529
2551
3462
3991
3332
2710
2109
940
-840
-1764
-506
1237
1335
-296
-2399
-3340
-3047
-1041
1924
3237
2029
-695
-2167
-503
3390
7915
9293
4093
-3414
-6102
489
9444
10651
4045
-3835
-7488
-7100
-4327
1093
4316
-20
-9170
-13533
-8424
-1255
-12
-2682
-3360
-2034
-1753
-2323
45
4300
5589
4116
3699
5811
7186
5192
3470
5221
8033
7985
4360
1271
569
486
-24
-218
52
-1384
-5754
-9274
-8694
-5580
-4008
-5619
-7658
-8528
-8474
-7581
-5295
-2313
-783
-1467
-2540
-2253
-531
1237
2741
4018
4522
4000
2420
1489
1910
2939
3653
3384
2492
1241
-740
-1966
-1573
-23
1386
909
-812
-2693
-3952
-2821
252
2946
3281
977
-937
-638
2124
6736
10024
7973
1223
-4016
-1130
7155
11420
8297
1380
-4044
-6087
-5235
-236
4906
3393
-4568
-11431
-9979
-3568
-453
-1524
-2694
-2196
-1715
-2488
-1551
2088
4738
4838
3936
4666
6342
5420
3438
3948
6850
8588
5795
1514
-333
-260
-77
-338
-554
-1568
-5120
-9195
-10036
-7613
-5018
-5166
-7588
-9338
-9588
-8434
-6104
-3604
-1703
-1489
-2247
-2075
-731
1068
2493
3622
4561
4502
3375
2239
2358
3285
3692
3290
2631
1904
351
-1529
-2029
-807
606
492
-805
-2089
-3074
-3251
-1629
1337
2973
1924
-230
-699
1371
4765
8278
9403
5414
-804
-3008
2789
10671
11742
5584
-1866
-5279
-4622
-1772
2852
4747
194
-7803
-11730
-7411
-1126
268
-2014
-3759
-3080
-1970
-1550
199
2855
4134
3998
3861
5035
5914
4682
3555
4512
6540
6956
4153
989
-425
-458
-246
-535
-1286
-3008
-6223
-8508
-8166
-5860
-4496
-5968
-8404
-9410
-8320
-6181
-4173
-2829
-2282
-2681
-2896
-1841
326
2154
2781
3013
3470
3641
3010
2370
2581
3196
3171
2762
2496
2072
634
-1171
-1553
-520
643
524
-471
-1544
-2333
-2213
-751
1450
2395
1611
317
464
2343
5005
7162
6979
3287
-1212
-2003
3149
9129
9275
3144
-3799
-6452
-4882
-1659
1415
1740
-2523
-9033
-11966
-8310
-2575
-909
-3380
-5294
-4502
-2819
-1804
-343
2381
4139
4034
3743
4762
6114
5686
4839
5820
7530
7359
4689
2232
1689
1729
1296
831
169
-1798
-5157
-6933
-5339
-2723
-2894
-5787
-8314
-8174
-6035
-3814
-2153
-1662
-2604
-3724
-3247
-507
2503
3331
2631
2027
2612
3546
3593
3295
2849
2456
2319
2434
2723
2106
-49
-1949
-2115
-580
955
594
-909
-2557
-3256
-2046
193
2376
2506
823
-498
-197
2370
5558
7604
6095
770
-3474
-2041
4706
9288
6452
-498
-5820
-6652
-4824
-1812
1353
682
-5010
-11280
-11498
-5848
-1434
-2180
-4704
-5035
-3636
-2703
-1689
925
3596
3948
3192
3871
5743
6297
4798
4597
6580
7966
6248
2750
1104
1486
1611
1050
456
-573
-3299
-6644
-7060
-4225
-1951
-3221
-6395
-7912
-6602
-4318
-2435
-1149
-954
-1705
-2390
-1230
1865
4040
4040
2733
2421
3755
4466
3970
2908
2449
2487
2170
1991
1942
937
-1164
-2826
-2271
-466
139
-1169
-2973
-3805
-3280
-1624
766
2346
1666
-230
-1167
507
3739
6445
7737
5805
1179
-2268
-664
5638
9424
6404
-126
-4858
-5354
-3767
-1154
1516
646
-4800
-10558
-10506
-5133
-1344
-2253
-4252
-4170
-3261
-3268
-2555
700
3923
4201
3184
3552
5032
5265
4376
5155
7342
7842
5447
2526
1373
1521
1229
989
1021
-271
-3596
-7127
-7424
-4783
-2812
-3737
-6349
-8117
-7935
-6395
-4234
-2151
-1389
-2078
-2908
-2683
-734
1459
2829
3255
2886
2762
2360
1951
2004
2310
2902
2821
2197
1293
-278
-1653
-2084
-1109
360
322
-1225
-3053
-3772
-2724
-219
2592
3538
1654
-882
-1323
1629
5705
8261
8460
4887
-56
-2160
1468
8461
10257
5157
-1650
-4853
-3913
-2435
-332
1859
339
-5320
-10297
-8833
-3197
-602
-2097
-3344
-2476
-1694
-2514
-2032
1586
4784
5081
3917
3974
4979
4550
3831
5118
7315
7181
4014
1115
677
1007
443
-224
-315
-1355
-4717
-7925
-7762
-5239
-3865
-5085
-6913
-7434
-7232
-6518
-4717
-2238
-830
-1723
-2914
-2233
61
2146
2790
2953
3155
3001
2362
1615
1835
2545
2883
2541
1585
592
-743
-1845
-1910
-928
228
-31
-1471
-2730
-2937
-1480
765
2697
2857
1294
-44
416
2921
5760
7824
7450
3476
-1049
-1861
3140
8577
7959
2339
-3138
-5145
-4755
-3160
264
2237
-1115
-8016
-11232
-7190
-1726
-488
-2085
-2384
-1621
-2316
-3078
-468
4207
6075
4531
3219
4233
5283
4503
4200
6065
7483
5847
2351
657
1212
1241
364
-12
-80
-2140
-6241
-8407
-6416
-3260
-2895
-5219
-7086
-7277
-6564
-5049
-2771
-670
-585
-2100
-2602
-1103
1255
2609
2898
3057
3103
2683
1961
1618
2254
2875
2711
1797
940
271
-781
-1616
-1366
-116
808
6
-1539
-2592
-2256
-484
1671
3178
2825
1079
-507
26
2960
6666
7968
4287
-1423
-3865
79
5876
6841
2650
-2828
-6131
-6725
-4876
-701
1658
-1590
-8181
-11320
-7928
-2826
-1199
-2296
-2745
-2214
-2259
-2435
-429
3018
4805
4417
4206
5528
6369
4921
3643
5146
7831
7998
4713
1688
1157
1542
1213
653
576
-465
-3990
-7245
-7065
-4178
-2380
-3683
-6056
-6782
-6039
-4654
-2859
-923
390
71
-955
-777
751
2740
3796
3957
4168
4034
3170
1962
1679
2432
2893
2109
912
130
-838
-1987
-2601
-1621
-201
-159
-1458
-2948
-3354
-2264
-233
2105
2858
1681
-351
-1161
1137
4958
7730
5581
-40
-3494
-1355
4101
6384
3597
-1067
-5040
-6811
-5969
-2087
1454
-251
-6280
-10557
-8621
-3721
-1318
-1874
-2365
-1994
-1989
-2266
-763
2512
4558
4335
3893
4973
6200
5248
3411
3746
6221
7589
5644
2283
429
310
386
390
420
-377
-3043
-6265
-6870
-4942
-2983
-3149
-4891
-5734
-5416
-4307
-2581
-1000
208
315
-93
493
1663
2748
2836
2847
3882
4730
4307
2458
920
964
1498
1773
1602
929
-348
-2438
-3486
-2487
-564
455
-518
-1923
-2781
-2500
-895
1031
2604
2552
980
-81
799
4034
6091
3942
-13
-1644
1140
4056
3480
1206
-1111
-3421
-5565
-5118
-1047
1270
-2202
-7638
-8824
-5252
-2114
-1934
-2121
-1588
-1665
-2339
-1516
1603
4163
4048
3214
3747
5490
6293
5404
4510
4664
5335
5419
4343
2866
1471
160
-643
-948
-1115
-2046
-4086
-5761
-6203
-5636
-4932
-5033
-5496
-5900
-5737
-4586
-3105
-1736
-925
-714
-334
516
1812
2799
3004
3150
3596
3936
3668
2836
2443
2232
1714
1201
1051
1120
431
-1054
-2020
-1851
-1065
-478
-494
-549
-802
-1014
-791
94
1609
2681
2664
2055
1808
2782
3524
2602
943
552
2042
2894
1630
-392
-1838
-3048
-4277
-3992
-1694
-656
-3073
-6530
-7072
-4585
-2427
-1726
-1331
-963
-1388
-1800
-450
2467
4322
4095
3437
3926
5160
5741
5426
5026
4798
4521
3980
3354
2644
1367
-232
-1301
-1405
-1460
-2654
-4623
-5982
-5982
-5319
-4883
-4854
-5149
-5512
-5431
-4317
-2372
-1023
-793
-887
-347
1093
2371
3056
3177
3021
3165
3289
3241
3003
2538
1996
1201
641
722
667
66
-1054
-1796
-1774
-1475
-1140
-709
-427
-454
-710
-659
118
1317
2224
2592
2451
2402
2364
1915
1369
1214
1922
2465
1821
525
-940
-2202
-3287
-3645
-2425
-1269
-1890
-4088
-5668
-5200
-3742
-2538
-1420
-443
-375
-1230
-1395
413
3029
4297
3983
3684
4140
4786
4863
4821
5061
4959
3993
2785
2214
2002
1032
-486
-1366
-1464
-1847
-3349
-4959
-5494
-5118
-4642
-4445
-4404
-4474
-4725
-4529
-3283
-1513
-260
-50
-220
285
1470
2679
3408
3498
3320
2959
2711
2790
2969
2869
1936
737
104
154
227
-442
-1316
-1743
-1826
-1902
-1936
-1468
-873
-763
-1014
-924
-245
437
817
1260
1903
2153
1472
609
532
1281
1864
1566
818
16
-910
-1764
-2053
-1564
-1211
-1647
-2424
-2736
-2647
-2628
-2487
-1772
-788
-311
-308
-213
404
1217
1896
2447
2748
2877
2970
3112
3230
3174
3001
2678
2083
1454
1038
808
305
-481
-1128
-1451
-1752
-2240
-2692
-2884
-2826
-2741
-2534
-2239
-2000
-1850
-1676
-1213
-465
302
801
922
1036
1422
1877
2145
2208
2200
2026
1663
1398
1383
1289
854
260
-238
-531
-729
-874
-1008
-1245
-1507
-1587
-1446
-1248
-1131
-973
-729
-448
-241
-51
197
487
654
604
445
448
670
764
545
163
-131
-388
-707
-869
-692
-617
-1014
-1593
-1675
-1225
-873
-910
-901
-589
-180
118
405
816
1122
1281
1534
1999
2382
2370
2086
1932
1950
1910
1691
1402
1109
684
109
-383
-700
-994
-1348
-1643
-1803
-1974
-2303
-2575
-2434
-2031
-1719
-1600
-1442
-1082
-713
-412
40
650
1118
1233
1252
1546
1972
2172
2023
1785
1628
1457
1274
1148
989
644
62
-470
-728
-707
-682
-872
-1233
-1441
-1426
-1250
-1151
-1060
-849
-628
-525
-431
-199
103
229
159
291
526
621
495
327
283
256
91
-45
-97
-82
-159
-442
-690
-742
-623
-448
-278
-130
-71
-150
-147
87
516
874
984
921
917
1091
1286
1303
1138
981
919
844
672
427
171
-79
-359
-587
-655
-671
-889
-1265
-1488
-1361
-1167
-1134
-1140
-1052
-911
-795
-598
-243
91
195
170
249
559
855
995
998
937
853
727
677
723
706
547
270
36
-74
-189
-326
-419
-440
-440
-535
-688
-716
-614
-500
-437
-374
-223
-136
-157
-109
53
218
219
177
288
421
379
201
123
228
287
178
87
123
144
2
-158
-104
-4
-60
-147
-58
121
114
-57
-103
1
150
241
282
282
187
108
109
191
246
224
145
29
-58
-118
-121
-138
-237
-329
-363
-356
-387
-478
-489
-420
-371
-352
-319
-233
-186
-178
-78
114
248
260
241
307
423
487
521
550
554
484
382
341
358
368
297
147
-20
-127
-150
-138
-174
-253
-332
-410
-425
-413
-359
-309
-308
-333
-319
-227
-102
-42
-50
-48
-25
-8
11
114
222
186
56
-10
73
166
138
75
60
80
67
45
50
31
-14
-18
93
196
168
44
-18
36
142
191
206
203
167
115
77
82
66
31
-1
0
-6
-40
-126
-230
-293
-291
-242
-203
-234
-345
-402
-333
-190
-119
-151
-211
-202
-107
24
152
188
173
129
141
237
385
463
396
265
212
271
353
371
296
178
65
28
72
100
57
-58
-150
-185
-199
-196
-211
-230
-244
-276
-303
-308
-279
-266
-278
-252
-200
-161
-161
-151
-101
-57
-35
-20
44
123
129
83
68
102
157
179
178
148
102
68
78
105
107
65
8
-26
-32
2
27
20
-22
-59
-50
-22
0
-3
-8
5
20
32
30
38
57
69
76
78
84
92
96
108
131
146
130
96
88
117
148
141
112
79
47
41
51
65
47
4
-46
-78
-72
-63
-75
-124
-159
-165
-149
-149
-160
-178
-199
-212
-206
-165
-125
-112
-138
-146
-116
-65
-42
-39
-33
-13
11
29
57
70
62
47
51
75
84
70
58
58
48
18
2
5
11
7
-7
-22
-41
-51
-41
-21
-17
-27
-29
-19
-10
4
24
38
41
39
57
71
74
75
88
92
84
82
99
108
99
90
83
80
69
67
78
85
82
66
48
40
34
41
48
50
34
10
0
3
1
-17
-36
-49
-57
-67
-74
-95
-130
-152
-144
-127
-136
-172
-183
-174
-176
-179
-156
-107
-103
-125
-131
-84
-24
2
1
7
33
50
64
92
127
131
103
92
115
118
89
60
59
72
61
32
12
-4
-26
-45
-40
-31
-40
-52
-45
-39
-48
-56
-40
-12
4
22
34
30
16
8
36
64
78
67
45
26
9
16
30
36
24
-2
-22
-30
-23
-3
11
3
-15
-16
8
31
36
32
29
28
37
50
64
57
35
21
22
28
16
-1
-10
-14
-23
-33
-36
-38
-49
-61
-59
-43
-31
-36
-38
-40
-33
-29
-10
12
14
7
-4
3
14
19
24
26
23
16
11
17
21
16
13
8
8
2
1
7
10
3
-3
0
3
2
-2
1
6
6
-6
-7
2
4
1
0
-1
-7
-20
-19
-13
-12
-10
-14
-21
-25
-22
-12
-12
-18
-20
-15
-7
-5
-5
-3
-6
-10
-9
-3
3
-2
-8
-6
-2
0
-3
-2
-2
-7
-6
-1
4
1
-5
-6
1
7
11
2
-9
-14
-14
-4
0
-2
-6
-10
-9
-8
-7
-1
1
4
6
7
14
24
32
35
33
31
33
44
47
39
32
32
36
35
29
21
16
11
8
5
5
3
-4
-9
-11
-6
-6
-8
-7
-9
-3
3
2
1
-4
-6
-4
2
7
5
-2
-11
-20
-19
-9
-3
-7
-20
-24
-24
-26
-25
-20
-11
-14
-20
-16
-7
-9
-18
-19
-12
-6
-9
-16
-18
-21
-19
-16
-20
-25
-36
-38
-30
-21
-17
-20
-28
-27
-21
-7
2
7
10
11
19
31
43
50
52
54
57
62
64
61
59
57
54
44
36
33
28
21
9
-3
-12
-19
-22
-28
-40
-47
-50
-43
-43
-44
-45
-45
-41
-38
-28
-22
-18
-16
-15
-5
6
15
16
14
15
19
24
28
28
24
20
20
27
28
18
11
9
10
11
11
11
9
3
-3
-9
-8
-6
-4
-4
-7
-11
-13
-14
-13
-11
-8
-5
-4
-5
-7
-6
-2
0
1
2
3
1
0
1
0
2
3
1
1
0
0
2
1
2
3
4
6
7
7
8
8
7
6
7
4
2
0
-3
-5
-6
-5
-5
-12
-16
-19
-20
-19
-18
-16
-14
-15
-18
-17
-10
-7
-6
-7
-5
0
1
2
2
2
5
7
10
10
10
6
6
5
7
7
5
5
6
4
4
5
3
2
0
0
3
7
8
6
7
7
8
6
6
8
9
8
6
4
6
7
3
0
2
2
-1
-2
-4
-5
-5
-4
-2
-5
-11
-12
-10
-7
-6
-4
-3
-4
-4
-1
2
4
3
4
5
8
10
9
9
9
10
8
9
9
6
3
2
3
2
0
1
1
-2
-3
-4
-3
0
-3
-4
-4
-3
0
-2
-2
-3
-4
-5
-3
-2
-4
-4
-7
-10
-12
-11
-9
-10
-11
-11
-11
-10
-12
-9
-9
-10
-8
-5
-5
-5
-4
-3
1
0
1
1
0
-1
0
-1
1
0
-2
1
2
5
6
1
0
1
4
9
9
8
8
10
11
12
11
10
12
14
15
16
13
12
10
13
8
5
4
3
2
3
0
0
-5
-7
-6
-7
-5
-7
-6
-9
-9
-8
-5
-5
-6
-5
-4
-2
-3
-5
-6
-3
0
1
2
0
-2
-2
-2
0
0
0
1
1
1
-1
-1
-1
0
0
0
0
-4
-2
0
0
-2
-2
-2
-1
-1
-3
-2
0
-2
-2
-1
0
-1
-2
-2
-1
0
-1
-3
-3
-2
-2
-3
-1
0
3
2
0
0
2
2
2
2
2
5
5
7
6
3
2
4
6
6
3
4
4
6
3
0
1
3
2
0
0
-1
-2
-3
-2
-4
-4
-4
-6
-5
-5
-3
-3
-2
-2
-3
0
0
0
-1
0
1
3
2
2
2
1
0
0
0
0
2
3
2
3
3
1
1
5
6
2
0
0
1
1
1
4
1
-1
-3
-2
-1
-1
-2
-4
-6
-7
-7
-7
-8
-9
-12
-12
-10
-8
-6
-10
-9
-8
-3
0
0
-1
-2
0
4
7
9
12
10
9
9
10
10
9
9
5
3
3
4
3
-1
-4
-6
-8
-6
-5
-7
-10
-8
-6
-7
-7
-7
-2
-1
1
1
3
2
1
3
8
7
8
6
6
6
2
5
6
7
5
4
5
5
4
5
7
7
7
4
3
5
3
3
3
2
1
0
-1
0
-4
-8
-5
0
-1
-9
-14
-7
0
-1
-6
-11
-10
-6
-6
-2
1
-2
-5
-4
0
1
0
-2
0
-3
-4
2
8
5
-2
-2
6
8
7
7
2
0
-1
4
9
6
2
-1
-2
-5
-10
-7
-1
0
-4
-8
-8
-4
-9
-10
-9
-8
-2
-5
-2
-3
-2
-1
-3
0
-1
2
4
2
3
5
5
6
1
3
5
2
5
7
6
3
2
5
8
7
3
2
1
1
4
3
1
-2
-1
-1
-1
-3
-7
-7
-5
-4
-7
-9
-4
-2
-5
-6
0
4
2
0
4
6
7
12
16
13
5
4
9
7
1
-1
-1
1
-2
-8
-10
-6
-8
-12
-9
-8
-9
-15
-13
-6
-3
-4
-3
1
0
0
1
5
7
7
4
6
7
9
8
6
7
7
5
3
5
0
0
-5
-4
-5
-11
-9
-7
-6
-6
-5
-6
-5
-5
-1
-1
1
2
2
1
0
-1
0
1
3
3
-1
-2
-3
2
0
1
-2
-2
1
1
5
1
1
3
8
8
5
4
6
9
8
7
8
7
3
8
10
3
-1
1
3
0
-5
-4
-2
-4
-4
-1
-1
-5
-9
-9
-5
-5
-11
-7
-2
0
-2
-7
-7
-8
-6
-5
-1
-3
-5
-1
0
-1
0
1
0
-1
-2
2
3
1
1
3
2
2
4
3
0
0
2
5
3
0
3
3
1
0
0
1
3
2
-1
-2
-1
2
0
0
-1
-1
-1
-3
-4
-3
-2
1
-1
-4
-5
-2
1
0
-1
-1
-1
0
0
0
-1
-2
-1
0
0
0
-1
0
0
1
-1
-1
0
0
2
1
0
2
3
1
3
4
5
5
2
4
5
4
6
5
5
3
3
4
5
2
4
3
5
7
4
5
5
5
3
4
4
2
0
0
-1
-1
-2
0
-4
-7
-8
-7
-4
-6
-7
-9
-8
-9
-9
-6
-5
-6
-6
-5
-3
-3
-1
0
-2
-3
-2
0
0
-2
-4
-4
-3
0
0
-1
-1
-1
0
2
5
4
3
2
3
6
7
7
8
4
2
2
3
2
-2
-2
0
-1
-3
-6
-8
-7
-8
-7
-5
-4
-6
-9
-6
-1
1
-1
-2
2
7
6
4
7
9
10
10
12
14
13
12
10
9
6
3
3
4
5
2
-1
-4
-6
-8
-10
-9
-6
-6
-9
-9
-7
-6
-4
-4
-2
-2
-4
-6
-4
-1
0
-1
-1
-1
-2
-1
-2
-3
-4
-5
-5
-2
1
2
0
-1
-1
0
2
6
4
0
0
5
7
3
1
2
6
5
2
0
3
5
3
1
0
0
-2
-1
-1
-1
0
-1
1
2
1
-1
0
1
2
0
0
1
0
1
2
2
1
0
1
2
0
-3
-3
-1
0
0
0
-1
-3
-1
1
1
2
2
4
5
7
7
5
4
3
4
5
5
3
2
-1
-2
-4
-4
-4
-4
-6
-7
-8
-7
-8
-10
-9
-8
-1
-4
-8
-6
-3
2
0
0
-2
1
4
4
3
2
0
1
4
4
2
2
3
4
2
1
0
0
0
0
1
0
-2
-2
-4
-1
-2
-4
-4
-3
-3
-4
-4
-4
0
0
0
0
1
2
2
4
7
10
7
6
6
8
7
4
7
8
8
4
4
3
1
-1
0
3
-1
-2
-2
-3
-4
-4
-3
-2
-3
-7
-7
-6
-3
0
0
-1
-3
-3
-1
0
-2
-1
0
0
-1
0
2
3
2
0
-2
-1
0
2
1
1
-1
-2
0
-1
-2
-2
0
0
-2
-1
0
1
2
2
4
2
5
3
3
4
5
5
4
4
3
2
2
1
0
1
-1
-3
1
0
0
0
2
3
0
1
2
3
1
0
0
3
0
-2
-3
-2
-2
-7
-7
-5
-2
-5
-7
-7
-7
-6
-6
-8
-9
-9
-8
-6
-3
-1
-2
-4
-2
0
1
1
2
1
1
1
5
8
7
6
1
4
6
5
2
2
2
0
1
1
-1
0
-2
0
-1
-2
-3
-3
0
1
0
-1
-2
0
0
2
1
0
0
0
1
0
0
1
5
4
0
-3
-1
1
1
0
1
-1
1
2
2
-1
-1
0
0
0
-1
0
1
2
1
0
-2
-1
0
0
-2
-1
0
0
0
-2
-1
1
1
1
0
1
4
1
1
0
0
1
0
-1
0
0
0
-4
-1
0
0
0
-2
-1
-1
-2
-2
-2
0
0
-1
0
-1
-2
-3
-2
-3
-2
-3
-2
-2
-3
-1
-1
0
0
0
0
1
1
0
2
4
1
0
1
2
4
3
5
1
0
0
2
1
0
-2
-1
-1
0
-1
-1
0
-2
-2
-2
-1
0
2
5
3
2
0
2
5
5
2
1
3
3
-1
-2
1
1
0
-3
-1
0
-2
-5
-5
-2
0
1
2
-1
-2
-1
0
3
4
4
5
4
3
2
1
2
2
0
-1
1
2
-3
-9
-3
2
0
-6
-8
-4
-3
-3
-4
-3
-2
-2
-3
0
1
1
0
-2
-1
2
4
6
3
2
2
0
1
3
3
3
1
5
5
1
-1
-3
1
2
0
-1
1
2
-5
-7
-1
3
0
-6
-5
1
0
-4
-2
2
0
-5
-5
-2
-1
-4
-2
2
1
-1
-2
-1
0
2
2
1
1
2
6
7
4
3
3
6
8
6
2
0
1
4
6
2
-1
-1
1
2
-3
-5
-5
-2
-3
-4
-3
-8
-10
-5
-2
-7
-11
-7
3
2
-5
-4
4
4
-2
-6
4
9
2
-2
0
6
5
2
-2
0
3
1
0
0
1
-4
-3
5
3
-3
-4
0
3
1
0
5
5
0
-2
3
6
6
-1
0
1
3
4
0
0
-2
0
0
-2
-4
0
2
-3
-5
-6
-3
-2
0
-1
-2
0
0
-2
-4
-8
-6
3
7
1
-7
-9
-2
2
1
-1
-2
1
1
1
-2
-3
1
4
9
2
-1
1
1
4
-3
-4
3
5
2
-3
2
5
0
-4
0
6
4
0
0
2
3
3
5
8
3
1
3
5
2
-2
5
4
2
-1
1
4
-1
-4
-2
0
0
-2
-1
4
0
-5
-5
3
7
-1
-6
-2
6
3
-2
-2
2
4
1
0
-3
-4
0
5
2
-3
-7
-5
-2
0
0
-2
-3
-4
-4
-3
-2
-1
-2
-3
-2
-3
-3
0
0
-1
-2
-1
0
-2
-1
1
2
1
-2
0
1
0
0
-1
2
1
1
-1
1
2
2
1
1
4
3
2
0
3
3
0
-1
0
5
3
0
-2
1
2
1
-1
-1
2
0
-2
-2
-1
1
1
0
2
2
1
1
1
-1
1
3
5
2
0
0
0
2
0
0
0
0
-1
-3
-2
-1
0
-2
-3
-2
0
-1
0
-2
-2
0
1
3
2
-2
-1
0
1
0
-2
1
2
2
-1
-2
-2
-1
-1
-1
-2
-1
0
0
0
-3
-4
-4
-2
1
0
1
0
1
-1
-2
-2
2
1
-1
-2
0
2
1
-1
-1
-2
-1
2
1
-2
-4
-1
1
0
0
0
0
1
0
0
2
4
3
2
4
5
3
2
2
3
3
2
2
1
1
1
0
-1
-2
-2
-3
-2
-1
-5
-4
-1
-2
-4
-7
-5
-3
-4
-5
-8
-7
-2
0
0
-4
-3
-1
3
4
-1
-1
3
8
6
2
1
6
6
3
3
4
2
0
0
2
2
0
0
1
2
-3
-3
-1
1
0
-1
0
1
0
0
0
0
0
1
2
1
0
2
2
-2
-4
-1
1
0
-3
-1
0
-1
-2
0
1
-1
-1
0
0
-2
-2
0
2
2
-1
0
4
2
-3
-2
0
0
-2
-1
2
1
0
-1
0
-1
-1
0
1
1
1
1
0
0
0
1
1
2
1
1
-1
1
1
1
1
0
1
1
0
0
0
0
1
2
-1
-6
-5
0
2
-1
-2
-3
-1
1
0
-1
-6
-5
2
4
2
-2
-1
3
4
-1
-1
1
5
4
1
-1
1
3
2
1
0
0
0
-1
0
0
0
0
0
1
0
-1
0
0
-2
-2
-1
1
1
0
0
-1
-1
0
0
