SAMPLES:	12967
BITSPERSAMPLE:	16
CHANNELS:	1
SAMPLERATE:	16000
NORMALIZED:	FALSE
0
0
-1
0
-1
1
0
0
1
0
0
0
0
0
0
0
0
-1
0
0
0
1
0
1
0
0
0
0
-1
0
0
1
1
0
0
0
-1
-1
0
0
0
-1
0
0
1
0
1
0
0
1
0
0
1
0
0
0
0
0
0
0
0
0
0
0
-1
1
0
0
0
0
0
0
0
0
0
0
-1
0
-1
0
0
0
0
0
-1
0
0
0
1
0
0
0
0
0
0
0
0
0
-1
1
1
-1
0
0
0
0
0
0
0
0
0
0
0
0
0
-1
0
0
0
0
0
0
0
0
-1
0
0
0
0
-1
0
-1
0
0
0
0
0
-1
0
0
-1
0
0
0
1
0
0
0
0
0
0
1
0
0
0
0
0
1
0
0
0
1
1
0
0
0
0
0
0
0
0
1
1
1
0
0
-1
0
0
0
-1
-1
1
1
1
1
1
1
1
0
0
0
0
0
0
0
0
0
0
-1
-1
-1
-1
0
0
0
0
-2
-2
-1
-1
-1
-1
-1
0
-2
-2
-1
0
0
0
0
1
0
-1
0
0
0
1
1
1
1
1
0
1
1
1
1
2
1
1
0
0
0
-1
1
1
0
0
0
0
1
0
0
0
0
0
0
0
0
0
0
0
0
1
0
0
0
0
0
0
1
0
0
0
0
0
0
0
0
0
0
1
0
-1
0
0
0
0
-1
0
0
0
0
0
0
-1
0
0
-1
0
0
0
-1
1
0
0
0
0
0
0
0
0
0
0
0
0
0
-1
0
-1
0
0
0
0
0
0
0
0
0
1
0
0
0
0
0
0
0
0
0
0
0
1
0
0
0
0
0
0
0
0
0
-1
0
0
1
0
0
0
0
0
0
0
1
0
0
0
0
0
0
-1
0
1
0
0
0
0
0
0
0
0
-1
0
0
0
0
0
0
0
0
1
0
-1
0
1
0
0
-1
0
0
0
0
-1
0
0
0
0
1
0
0
0
0
0
0
0
0
-1
0
0
0
0
0
0
0
0
0
1
0
0
0
0
0
1
0
0
1
0
1
-1
0
0
0
0
0
0
0
0
-1
0
-1
-1
0
0
0
0
0
0
0
0
0
0
0
1
0
1
1
1
1
1
1
0
1
1
1
0
0
0
0
0
0
0
0
0
0
0
0
0
0
1
1
0
-1
-1
-1
-1
-1
0
0
0
0
0
0
0
0
0
0
0
0
1
0
0
0
0
0
1
0
0
0
0
0
0
0
-1
-1
0
0
0
0
0
-1
-1
0
0
0
-1
1
0
0
-1
0
0
0
0
0
0
0
0
0
0
0
0
0
0
0
0
1
0
0
-1
0
0
0
0
0
0
1
0
0
-1
-1
0
0
0
0
-1
0
0
0
0
0
1
0
0
1
0
1
0
0
0
0
0
0
-1
0
0
0
0
0
0
1
0
0
0
0
0
0
-1
-1
0
-1
0
0
0
0
0
0
0
0
0
0
0
0
0
0
-1
0
0
0
0
1
0
0
0
0
0
0
0
0
0
0
-1
1
-1
0
0
0
0
0
0
0
0
1
0
0
-1
-1
-1
1
-1
-1
-1
-1
-1
-1
-1
-1
0
0
0
-1
0
0
0
0
1
1
0
1
0
0
0
1
1
1
1
1
1
1
0
0
0
0
1
1
1
1
0
-1
0
0
0
0
0
-1
0
-1
0
1
0
0
1
0
0
-1
0
-1
0
0
0
-1
0
1
-1
0
0
0
0
-1
0
1
0
-1
1
1
0
1
-1
0
0
1
0
0
-1
1
0
0
1
0
0
0
0
1
0
0
0
0
1
0
-1
0
-1
0
1
0
1
-1
0
2
1
1
1
1
1
0
1
1
1
1
1
1
1
0
0
0
-1
0
1
0
1
0
-1
0
0
1
0
0
0
0
0
0
-1
0
-1
-1
-1
-1
0
0
-1
-1
1
0
1
-1
0
0
0
0
-1
0
0
0
0
0
-1
0
0
0
0
0
0
1
0
0
0
0
1
0
0
0
0
0
0
0
0
0
-1
0
1
0
0
0
0
0
0
0
0
0
0
0
0
0
0
0
-1
1
0
0
0
-1
0
0
0
1
0
0
0
-1
0
0
0
0
1
1
0
1
0
0
-1
0
-1
0
0
0
0
0
0
0
0
0
0
0
0
0
1
0
0
0
0
0
0
0
0
0
0
0
0
0
0
0
0
0
0
1
0
0
0
1
0
0
0
0
0
0
0
0
1
1
0
0
1
0
0
0
0
0
1
0
0
-1
1
0
-1
-1
0
0
0
0
0
1
0
1
0
0
0
1
0
-1
0
-1
0
0
-1
0
0
0
-1
0
0
0
0
0
0
0
0
1
-1
0
0
0
0
-1
0
0
0
0
0
1
0
0
0
0
0
0
0
0
1
1
0
0
0
0
0
0
0
0
0
1
0
-1
0
0
0
0
0
0
0
0
0
0
1
0
1
1
1
0
0
0
0
0
0
0
0
0
0
0
0
-1
0
0
0
-1
0
-1
0
0
0
0
0
0
0
-1
1
0
1
0
0
0
0
1
1
0
-1
0
1
-1
0
0
0
0
0
0
0
0
0
0
0
0
0
1
-1
0
0
0
0
0
0
0
-1
0
-1
0
0
0
0
0
-1
0
1
0
0
0
1
0
0
0
0
0
0
0
0
0
0
0
0
0
0
1
0
1
0
-1
-1
-1
0
0
0
0
0
0
0
-1
0
0
1
-1
0
1
0
0
0
0
0
0
0
-1
0
0
0
0
0
0
0
0
0
0
0
0
0
0
0
0
0
0
0
0
0
0
1
0
1
0
0
0
1
0
0
-1
1
0
-1
0
0
-1
0
0
0
0
-1
0
0
0
0
1
0
0
0
1
0
0
1
-1
0
0
0
0
0
0
-1
0
1
0
0
0
1
-1
0
0
0
-1
0
0
0
-1
0
1
0
-1
0
0
-1
-1
0
0
0
0
-1
-1
-1
0
0
0
0
0
0
0
0
0
1
0
-1
0
1
0
1
0
0
0
-1
0
0
0
0
0
0
-1
1
0
0
0
0
1
0
0
0
-1
0
1
0
0
0
0
0
0
0
0
0
0
-1
1
-1
0
1
0
0
0
0
0
0
0
0
0
0
0
0
0
0
0
1
0
0
0
0
-1
1
0
0
0
0
0
0
0
0
0
0
0
0
-1
0
0
0
-1
0
0
1
1
0
0
0
0
-1
0
1
0
-1
0
0
0
0
-1
0
0
0
0
0
-1
-1
0
0
0
0
1
0
0
0
0
-1
0
0
0
0
0
0
0
0
1
0
-1
0
0
-1
0
0
0
0
0
0
0
0
0
0
0
1
0
0
0
0
-1
-1
0
-1
0
0
0
-1
0
0
0
0
1
1
-1
0
0
-1
-1
0
0
-1
0
0
-1
0
0
-1
1
-1
0
0
-1
0
0
0
0
0
0
0
1
0
0
-1
1
1
0
0
0
0
0
0
0
0
0
1
0
0
0
0
0
0
-1
0
0
-1
0
0
1
0
0
1
0
0
0
1
0
0
0
0
0
0
1
-1
0
0
0
1
0
-1
0
0
0
0
0
-1
0
0
0
0
1
0
0
1
0
0
0
1
0
0
0
0
0
1
0
0
0
0
0
0
0
1
0
0
0
0
-1
0
0
-1
-1
0
-1
0
0
0
1
1
0
0
0
-1
1
0
0
0
0
1
0
1
0
0
1
1
0
0
0
0
0
-1
0
0
0
-1
0
0
1
0
0
0
0
1
0
1
0
0
0
0
-1
0
0
0
0
0
-1
0
0
0
1
1
0
0
-1
0
0
1
0
0
-1
1
0
0
0
0
-1
0
0
0
0
0
0
0
0
0
0
0
1
0
0
0
-1
0
1
0
0
1
-1
0
-1
-1
0
0
0
0
0
0
0
0
-1
0
-1
1
0
1
1
0
0
0
0
0
0
0
0
0
0
0
0
0
0
1
0
-1
0
0
0
0
0
0
-1
0
0
-1
0
0
0
0
0
0
0
1
1
0
0
0
0
0
0
0
-1
0
0
0
0
0
0
-1
-1
0
0
0
0
0
1
0
1
-1
0
0
-1
0
0
0
1
0
0
0
0
0
0
0
1
0
1
0
0
0
-1
-1
0
0
0
0
1
0
-1
0
0
0
0
1
0
-1
0
0
0
0
0
1
0
0
0
0
0
0
0
0
0
0
1
0
0
0
0
0
0
0
0
0
0
0
0
0
-1
-1
0
0
0
0
0
0
-1
0
0
-1
0
0
0
0
0
0
0
0
0
0
0
0
0
0
0
0
0
-1
0
0
1
0
0
-1
1
0
0
0
0
0
0
0
0
0
0
-1
1
0
0
-1
0
0
0
1
0
-1
0
0
0
0
0
0
0
1
-1
0
-1
0
-1
-1
0
0
0
1
0
0
0
0
0
1
0
-1
-1
0
0
0
0
0
0
0
-1
0
-1
0
1
0
0
0
0
1
0
0
0
0
0
-1
-1
0
0
0
0
-1
0
1
0
1
0
0
0
0
-1
0
0
0
-1
0
0
0
0
0
0
0
0
-1
0
0
0
1
0
1
0
-1
0
1
0
0
-1
0
0
0
0
0
0
1
0
1
0
0
0
0
0
1
0
1
0
0
0
1
0
0
0
0
0
-1
0
0
0
0
0
0
0
0
0
-1
0
0
0
0
0
0
0
0
0
0
1
0
1
0
0
1
0
0
1
0
0
1
0
0
1
0
0
0
0
0
0
0
0
0
0
0
1
0
0
-1
0
0
-1
0
-1
0
0
1
1
0
0
0
-1
0
0
0
0
0
0
1
0
0
-1
0
0
0
0
-1
0
1
0
0
0
0
0
-1
0
0
0
0
0
0
0
1
0
0
0
0
0
-1
0
0
0
0
0
1
0
0
0
0
0
0
0
1
0
-1
0
-1
1
0
0
0
0
-1
0
-1
0
0
0
0
-1
1
0
0
0
1
0
-1
0
1
1
0
-1
0
0
0
0
0
0
0
0
-1
0
0
0
0
1
-1
0
0
-1
0
0
0
0
0
1
1
0
0
0
-1
-1
0
0
0
1
0
0
0
0
0
0
1
0
0
-1
0
0
1
0
0
0
0
0
1
0
0
-1
0
0
0
1
1
0
1
1
2
2
2
2
2
3
3
4
4
5
4
5
4
5
6
6
5
6
6
6
6
6
5
5
5
4
2
1
1
-1
0
-2
-2
-4
-5
-6
-8
-9
-11
-11
-13
-14
-14
-15
-16
-18
-18
-18
-18
-18
-18
-17
-18
-18
-16
-15
-13
-13
-12
-10
-8
-7
-6
-3
-2
-1
0
0
2
3
4
6
5
7
7
7
8
9
7
9
12
13
11
12
15
16
15
15
19
21
19
20
22
23
23
25
30
33
31
31
33
36
39
41
43
42
38
37
39
39
35
35
33
27
18
14
9
3
-5
-10
-15
-25
-33
-40
-46
-57
-64
-66
-68
-75
-80
-84
-86
-88
-88
-88
-90
-87
-82
-77
-76
-73
-66
-57
-50
-44
-36
-26
-19
-14
-8
-1
9
18
25
28
32
40
45
49
54
60
64
66
67
66
65
66
71
73
71
71
69
68
65
68
71
71
69
66
67
66
64
63
61
57
51
50
49
38
25
19
13
5
-7
-13
-17
-29
-43
-52
-60
-70
-81
-83
-84
-91
-101
-105
-107
-110
-112
-109
-103
-103
-102
-97
-93
-90
-86
-77
-65
-56
-49
-43
-34
-24
-14
-4
3
11
21
30
41
48
55
64
69
68
71
79
88
91
88
85
84
79
79
82
81
74
66
63
60
56
51
48
45
39
34
30
28
23
16
9
4
3
-1
-5
-12
-20
-29
-31
-33
-39
-49
-55
-54
-56
-61
-65
-62
-60
-64
-65
-61
-57
-58
-55
-49
-44
-40
-38
-35
-33
-25
-17
-12
-12
-10
-5
2
8
10
9
11
15
18
15
15
20
24
23
18
18
21
23
23
24
25
23
23
26
29
26
24
25
28
26
24
25
26
23
19
16
17
18
15
10
5
4
3
1
-1
-2
-5
-6
-7
-10
-12
-12
-13
-12
-15
-16
-16
-15
-15
-17
-17
-17
-17
-17
-15
-14
-13
-12
-10
-10
-7
-7
-6
-4
-2
0
0
0
1
3
3
3
3
3
4
5
5
5
4
3
3
2
2
3
3
3
2
2
2
3
1
1
0
2
2
1
1
2
1
0
0
0
-1
1
-1
-1
-1
0
-1
-1
-1
-1
-1
-1
-1
-1
-1
-1
0
0
0
-1
1
1
1
0
1
1
2
1
0
0
2
1
-1
-1
0
0
-1
0
0
1
0
1
-1
-1
1
0
0
-2
-1
1
2
1
0
0
1
2
1
0
0
0
1
1
0
0
-1
-1
-1
-1
-1
-2
-1
1
0
0
0
-1
0
2
1
0
0
0
2
1
0
0
1
1
0
-2
-1
0
0
-1
-1
0
0
0
-2
-3
-1
0
0
-1
-1
0
0
0
0
-1
-1
1
-1
0
0
1
1
0
-1
0
1
1
1
2
1
2
1
0
0
1
1
-1
0
0
1
0
0
0
-1
0
-2
0
1
0
0
0
0
0
-1
1
0
0
0
0
0
0
-1
0
0
0
0
0
0
0
0
1
0
0
0
0
0
0
0
0
0
0
0
0
0
1
0
1
0
0
0
0
0
0
0
1
0
0
0
1
0
1
1
0
0
0
0
-1
0
0
1
0
0
1
1
0
0
0
0
0
0
0
1
0
0
0
1
1
0
0
0
0
0
0
-1
0
1
0
0
0
0
0
0
0
-1
1
0
0
0
1
0
1
0
0
0
0
0
0
0
-1
0
1
0
0
0
1
0
0
0
0
-1
0
0
-1
-1
0
-1
-1
0
0
0
0
0
0
-1
0
0
1
1
2
1
1
1
1
1
1
0
0
2
1
1
2
1
1
-1
1
-1
1
0
1
0
0
0
0
1
-1
0
0
0
0
0
0
0
0
0
0
0
0
0
0
-1
0
0
0
0
1
0
0
0
0
0
0
0
0
-1
0
0
0
-1
0
0
1
0
-1
0
0
0
0
1
1
1
0
0
-1
0
0
-1
0
0
0
0
-1
0
0
0
0
0
0
1
0
0
0
0
0
1
0
0
0
0
0
0
0
-1
1
-1
0
-1
0
0
0
0
-1
0
0
0
0
0
0
0
0
0
1
0
0
0
0
0
0
0
0
0
0
0
0
0
0
-1
0
0
0
1
0
0
0
0
-1
1
0
0
1
0
0
1
0
0
0
0
0
0
0
0
0
0
1
-1
0
-1
0
0
-1
0
0
0
0
-1
0
0
0
0
0
1
0
0
0
0
0
0
0
-1
0
0
0
0
0
0
-1
0
0
0
0
0
0
-1
0
-1
0
0
0
0
1
0
0
0
0
0
0
0
0
0
0
0
0
1
0
0
0
0
1
0
-1
0
0
1
1
1
1
1
1
1
0
0
1
1
1
2
1
1
1
0
-1
0
0
0
-1
0
0
1
0
0
0
0
0
0
1
0
0
0
0
1
0
0
0
1
1
-1
-1
-1
0
0
0
1
0
1
0
0
0
1
0
0
0
-1
1
1
0
-1
0
-1
-1
0
0
0
0
0
0
1
1
1
1
3
2
1
1
1
1
1
3
2
1
0
-1
0
0
-1
-1
-1
3
4
-2
-6
-3
2
3
-3
-5
-1
4
0
-5
-3
1
1
-1
-4
-1
1
-1
-2
-3
-2
-1
-1
0
0
-1
-1
0
-1
0
-1
1
2
2
1
-1
1
6
4
1
2
6
5
4
6
6
1
-1
7
12
2
-4
0
5
0
-5
-1
1
-5
-8
-4
-1
-4
-3
-4
-6
-7
-7
-6
-4
-1
-2
-2
-2
-6
-5
2
5
-5
-9
5
14
4
-10
-4
11
15
3
-7
-3
9
15
4
-5
-5
3
6
3
-3
-4
-1
1
-3
-5
-1
1
-4
-7
-3
0
0
-2
-1
0
1
0
-1
0
3
3
2
2
1
4
7
2
-4
2
14
7
-9
-8
8
16
4
-6
-2
5
6
-2
-4
-1
5
2
-5
-3
2
5
-2
-8
-4
-1
3
-2
-7
-5
1
3
-6
-12
-3
7
1
-8
-6
2
2
-4
-4
3
6
-3
-12
-4
8
8
-3
-7
2
9
6
-2
-4
1
7
2
-9
-5
6
4
-6
-7
-1
0
-2
-2
2
1
-1
1
5
2
-2
2
6
4
2
6
7
2
-1
3
7
5
2
4
3
0
-3
-5
1
6
2
-8
-6
1
0
-7
-7
0
3
0
-5
-4
2
4
-3
-4
2
3
-2
-5
-2
3
0
-5
-4
1
2
-2
-3
-1
1
0
0
-3
-3
2
3
1
-1
1
3
3
2
0
0
1
2
2
1
1
2
3
0
0
0
1
2
0
0
0
0
1
0
0
0
0
0
-1
0
0
0
0
-1
-1
0
0
-1
0
0
0
0
-1
1
0
1
0
0
1
0
0
0
0
0
1
-1
0
0
0
0
0
1
0
0
-1
0
0
0
0
1
0
0
1
-1
-1
0
0
0
0
0
0
0
0
0
0
0
-1
0
0
0
1
0
0
0
0
1
0
-1
-1
0
0
0
-1
0
0
0
0
0
-1
0
0
0
0
-1
0
0
0
0
0
0
0
0
0
0
0
0
0
0
-1
0
0
0
0
0
0
0
1
1
2
1
0
1
1
1
1
1
1
1
1
2
1
0
0
1
1
0
0
0
0
1
0
0
0
0
0
0
0
-1
-1
-1
-1
-3
-4
-4
-5
-6
-8
-9
-10
-10
-9
-9
-8
-10
-9
-7
-6
-7
-5
-2
-1
-1
1
2
1
2
4
6
6
5
4
4
1
-2
-3
-2
-3
-5
-6
-5
-4
-4
0
1
3
4
12
20
24
28
38
50
58
59
61
68
76
77
67
58
56
57
53
39
21
3
-10
-22
-33
-48
-69
-82
-88
-94
-109
-122
-121
-113
-112
-124
-127
-116
-102
-92
-90
-86
-75
-59
-41
-30
-30
-30
-17
4
20
30
35
50
71
92
102
108
119
141
161
170
173
180
188
191
186
171
156
142
127
106
75
34
-7
-36
-56
-81
-117
-150
-169
-181
-202
-223
-229
-224
-215
-209
-197
-181
-158
-132
-107
-84
-59
-29
5
38
57
70
89
117
138
140
141
149
165
180
183
175
161
153
152
147
133
108
90
84
75
50
15
-9
-22
-37
-58
-86
-114
-137
-151
-161
-177
-196
-209
-208
-205
-208
-210
-201
-182
-161
-143
-128
-105
-74
-36
0
30
58
86
123
165
198
216
229
251
280
300
301
295
292
297
295
273
242
214
195
163
114
55
10
-22
-57
-108
-161
-203
-233
-264
-295
-322
-340
-355
-364
-363
-358
-354
-349
-332
-310
-285
-266
-237
-196
-143
-93
-52
-2
67
144
203
248
300
361
420
459
476
489
504
507
471
400
330
275
204
95
-31
-142
-242
-358
-480
-581
-661
-738
-811
-861
-888
-908
-920
-925
-911
-882
-845
-800
-746
-666
-550
-427
-308
-172
-8
163
289
400
553
732
851
889
933
1027
1129
1143
1101
1107
1162
1182
1150
1146
1191
1221
1226
1262
1329
1390
1441
1545
1679
1738
1748
1824
1957
2001
1889
1748
1686
1563
1230
798
445
96
-479
-1165
-1651
-2008
-2535
-3252
-3734
-3861
-4004
-4336
-4596
-4479
-4185
-4030
-3892
-3473
-2865
-2354
-1960
-1427
-673
-37
342
706
1243
1802
2065
2060
2130
2396
2536
2283
1896
1807
1868
1614
1040
592
482
290
-259
-847
-1201
-1445
-1903
-2449
-2761
-2882
-3093
-3444
-3593
-3401
-3130
-2981
-2799
-2325
-1628
-1026
-494
204
1083
1925
2582
3253
4068
4837
5386
5832
6330
6808
7034
7071
7107
7116
6927
6525
6053
5550
4942
4175
3344
2465
1561
589
-506
-1713
-2901
-3951
-4924
-6010
-7143
-8016
-8582
-9041
-9495
-9718
-9534
-9088
-8599
-7984
-6979
-5686
-4407
-3136
-1697
-94
1448
2783
4068
5332
6383
7119
7625
8099
8380
8226
7706
7103
6555
5794
4701
3482
2429
1519
458
-711
-1703
-2539
-3363
-4249
-5010
-5603
-6216
-6887
-7379
-7543
-7675
-7845
-7841
-7402
-6689
-5993
-5209
-4124
-2743
-1366
-123
1163
2574
3942
5064
5987
6877
7688
8267
8642
8876
8941
8854
8611
8263
7804
7163
6392
5673
4967
4151
3184
2162
1309
448
-632
-1924
-3115
-4056
-5072
-6267
-7387
-8126
-8593
-9103
-9546
-9578
-9180
-8701
-8290
-7677
-6662
-5423
-4328
-3338
-2163
-725
730
1948
3151
4540
5924
7024
7868
8605
9216
9521
9461
9160
8594
7730
6673
5629
4575
3337
2010
882
5
-883
-1927
-2899
-3565
-4214
-5108
-5985
-6541
-6899
-7380
-7888
-8050
-7865
-7636
-7395
-6982
-6373
-5707
-5039
-4243
-3434
-2667
-1802
-811
227
1282
2492
3718
4771
5808
6963
7994
8466
8462
8434
8348
7840
6874
5855
5062
4208
3121
2201
1728
1366
673
-181
-725
-1068
-1766
-2912
-3921
-4518
-5259
-6323
-7081
-7137
-7111
-7518
-7672
-6955
-5951
-5486
-5277
-4475
-3159
-2167
-1549
-579
933
2404
3507
4608
6105
7743
9010
9755
10339
11005
11413
11233
10692
10147
9407
8137
6594
5340
4255
2804
979
-665
-1901
-3136
-4666
-6238
-7451
-8407
-9494
-10559
-11134
-11177
-11195
-11340
-11053
-10065
-8864
-8004
-7219
-6019
-4586
-3446
-2659
-1698
-442
672
1422
2228
3482
4835
5780
6372
7133
8126
8763
8711
8326
8049
7711
6890
5716
4731
3987
3031
1891
1118
942
821
221
-592
-1050
-1094
-1345
-2118
-3018
-3605
-4054
-4769
-5523
-5848
-5816
-5962
-6388
-6425
-5725
-4914
-4609
-4429
-3653
-2462
-1622
-1104
-158
1220
2293
2961
3952
5507
6862
7500
7907
8715
9590
9766
9299
8860
8577
7838
6446
5072
4170
3227
1637
-211
-1521
-2290
-3327
-4860
-6242
-7038
-7726
-8770
-9714
-9993
-9943
-10200
-10462
-10003
-8869
-7834
-7185
-6361
-4956
-3420
-2342
-1530
-524
641
1551
2130
2862
3917
4886
5427
5847
6620
7525
7951
7796
7603
7583
7308
6470
5415
4661
4085
3233
2160
1462
1385
1416
1064
533
291
335
168
-530
-1433
-2073
-2557
-3405
-4590
-5313
-5255
-5268
-5966
-6520
-5974
-5007
-4876
-5256
-4834
-3642
-2908
-2777
-2160
-678
738
1542
2425
3952
5649
6800
7445
8108
8900
9399
9332
8960
8582
8099
7185
5883
4655
3622
2372
599
-1252
-2645
-3827
-5315
-6956
-8140
-8879
-9701
-10540
-10837
-10624
-10453
-10342
-9768
-8708
-7703
-6853
-5771
-4483
-3398
-2493
-1366
-95
881
1587
2445
3561
4615
5468
6235
7001
7733
8368
8735
8733
8518
8208
7543
6345
5113
4243
3347
2025
832
461
454
116
-175
163
604
398
42
180
130
-833
-1993
-2487
-2992
-4227
-5369
-5586
-5623
-6359
-6989
-6547
-5779
-5757
-5868
-5023
-3724
-3060
-2638
-1381
475
1828
2740
4135
5990
7499
8402
9166
9914
10308
10223
9724
8891
7848
6725
5396
3706
2043
787
-364
-1870
-3438
-4430
-5055
-6000
-7219
-8014
-8297
-8700
-9348
-9643
-9330
-8902
-8710
-8355
-7445
-6289
-5399
-4694
-3777
-2686
-1785
-1152
-437
496
1375
2025
2660
3607
4785
5767
6349
6795
7393
7895
7841
7251
6522
5767
4795
3714
2833
2094
1359
922
1023
1259
1268
1438
2072
2485
2018
1320
1229
1087
-152
-1885
-2772
-3114
-4165
-5605
-6020
-5614
-5801
-6448
-6106
-4822
-4073
-4033
-3461
-2112
-1031
-442
470
1868
3119
4101
5221
6463
7467
8212
8761
8876
8499
7950
7300
6273
4900
3558
2297
891
-376
-1096
-1652
-2679
-3856
-4359
-4442
-5072
-6226
-6986
-7243
-7779
-8650
-9041
-8800
-8693
-8966
-8880
-7976
-6858
-6158
-5607
-4548
-3019
-1667
-729
277
1694
3032
3756
4236
5095
6059
6347
6063
6055
6398
6276
5453
4777
4624
4238
3168
2181
2016
2030
1408
698
902
1660
1837
1524
1832
2714
2904
2088
1538
1772
1513
23
-1496
-1872
-2048
-3189
-4444
-4411
-3720
-3931
-4593
-4127
-2755
-2246
-2793
-2727
-1579
-712
-735
-510
685
1896
2414
2978
4259
5568
6017
5894
5996
6291
6123
5351
4512
3960
3399
2553
1695
1227
938
305
-617
-1328
-1769
-2484
-3671
-4879
-5741
-6473
-7358
-8169
-8531
-8514
-8488
-8499
-8152
-7253
-6205
-5489
-4928
-4006
-2743
-1662
-993
-316
627
1573
2221
2668
3214
3804
4191
4319
4406
4599
4691
4528
4197
3925
3758
3481
3066
2709
2665
2747
2674
2665
3058
3543
3541
3335
3531
3753
3167
2063
1478
1169
70
-1568
-2431
-2563
-3319
-4688
-5122
-4410
-4234
-5104
-5370
-4244
-3303
-3621
-3885
-2890
-1653
-1380
-1234
-89
1414
2161
2503
3390
4690
5587
5814
5765
5807
5955
5862
5242
4384
3789
3353
2559
1521
976
915
441
-730
-1682
-1926
-2322
-3567
-4943
-5611
-6112
-7114
-8019
-8016
-7631
-7717
-7816
-7082
-5830
-4975
-4504
-3807
-2857
-2107
-1616
-1028
-273
362
752
1123
1752
2586
3278
3598
3754
4107
4560
4742
4571
4426
4476
4412
4107
3909
4162
4502
4372
4105
4395
5023
5057
4455
4188
4315
3825
2577
1737
1594
856
-879
-2181
-2226
-2434
-3827
-5079
-4942
-4547
-5306
-6149
-5548
-4382
-4404
-5046
-4535
-3125
-2402
-2491
-2031
-804
128
507
1148
2363
3454
3987
4263
4735
5295
5531
5198
4522
3927
3494
2873
1869
942
469
13
-905
-1910
-2383
-2599
-3433
-4652
-5420
-5682
-6224
-7115
-7557
-7474
-7529
-7839
-7663
-6776
-5958
-5591
-5109
-4112
-3033
-2396
-1864
-981
37
731
1159
1770
2667
3585
4164
4418
4766
5381
5897
5894
5653
5768
5930
5616
5041
4932
5281
5223
4696
4426
4840
5085
4584
3938
4028
4397
3788
2469
1772
2028
1669
167
-974
-854
-769
-2156
-3674
-3602
-2914
-3621
-5206
-5232
-3825
-3355
-4323
-4435
-2899
-1714
-1969
-2102
-731
839
1214
1128
2030
3595
4516
4587
4639
5163
5645
5508
4783
4058
3621
3069
1986
776
31
-457
-1418
-2702
-3470
-3733
-4386
-5684
-6646
-6799
-6928
-7781
-8666
-8819
-8579
-8701
-8981
-8594
-7711
-6930
-6534
-5901
-4737
-3496
-2582
-1862
-913
49
776
1356
2118
3024
3628
3944
4303
4921
5516
5686
5637
5740
5915
5776
5393
5218
5372
5314
4850
4496
4650
4889
4571
4017
4093
4424
4012
2881
2258
2592
2276
698
-809
-880
-696
-1980
-3681
-4026
-3383
-3757
-5114
-5425
-4263
-3412
-3872
-4165
-3069
-1650
-1194
-1132
-264
1170
2106
2441
2955
4116
5318
5878
5846
5874
6345
6659
6022
4810
4028
3706
2928
1428
222
-273
-862
-2038
-3094
-3458
-3751
-4603
-5622
-6136
-6384
-6893
-7588
-8030
-8178
-8308
-8396
-8104
-7482
-6864
-6440
-5876
-4784
-3601
-2761
-2156
-1286
-263
359
709
1336
2319
3041
3268
3511
4206
5033
5324
5200
5316
5796
5860
5118
4484
4620
4747
3984
2963
2893
3285
2956
2107
2064
2743
2669
1599
867
1125
982
-256
-1494
-1697
-1760
-2815
-3891
-3773
-3049
-3224
-3965
-3742
-2613
-1976
-2208
-2107
-1207
-433
-288
-64
841
1902
2513
2884
3587
4634
5505
5901
5895
5925
6095
6016
5248
4097
3320
2829
1927
555
-347
-653
-1269
-2498
-3382
-3466
-3767
-4929
-6091
-6443
-6646
-7427
-8239
-8299
-8084
-8309
-8547
-7984
-6981
-6431
-6184
-5409
-4100
-3058
-2505
-1806
-594
588
1231
1583
2368
3533
4392
4728
5129
5961
6696
6859
6752
7033
7413
7107
6163
5537
5475
5080
3897
2801
2625
2643
1949
1018
895
1232
860
-249
-969
-875
-1131
-2416
-3718
-3937
-3889
-4727
-5671
-5390
-4544
-4727
-5290
-4544
-3050
-2617
-2987
-2371
-927
-260
-316
319
1716
2626
2924
3599
4879
5911
6299
6559
6995
7234
7026
6519
5842
5013
4120
3169
2064
1022
349
-152
-1057
-2179
-2758
-2903
-3552
-4823
-5769
-5990
-6313
-7257
-8005
-7893
-7486
-7643
-7833
-7172
-6003
-5329
-5146
-4418
-3013
-1817
-1361
-877
198
1369
1885
2030
2675
3779
4458
4409
4581
5444
6181
6061
5711
5977
6327
5886
4973
4500
4385
3830
2823
2146
2031
1886
1328
866
864
834
272
-433
-655
-922
-1843
-2957
-3407
-3599
-4345
-5118
-4962
-4378
-4575
-5074
-4497
-3215
-2805
-3222
-2885
-1604
-856
-960
-622
627
1595
1866
2381
3554
4601
4996
5286
5754
5978
5789
5417
5016
4367
3503
2645
1767
852
46
-591
-1324
-2177
-2843
-3222
-3728
-4590
-5492
-6062
-6531
-7211
-7911
-8257
-8264
-8251
-8151
-7725
-6931
-6105
-5406
-4615
-3582
-2377
-1267
-348
433
1206
2062
2928
3691
4233
4737
5330
5970
6424
6652
6883
7150
7255
7024
6660
6414
6189
5670
4856
4192
3935
3835
3373
2692
2385
2699
2726
1911
957
905
1164
231
-1415
-2175
-1807
-2278
-3961
-4785
-3955
-3385
-4489
-5324
-4184
-2718
-3025
-3944
-3101
-1263
-717
-1206
-607
1167
2242
2223
2675
4120
5356
5594
5524
5859
6265
6189
5564
4827
4189
3511
2503
1294
311
-436
-1432
-2710
-3730
-4285
-4957
-6054
-7095
-7745
-8309
-9122
-9866
-10217
-10355
-10612
-10740
-10326
-9432
-8602
-8001
-7166
-5858
-4487
-3449
-2472
-1177
145
1038
1684
2633
3883
4827
5291
5696
6535
7359
7665
7579
7650
7931
7783
7204
6682
6511
6075
5121
4277
4177
4227
3581
2725
2795
3448
3124
1917
1406
2138
2010
339
-1065
-785
-444
-1947
-3525
-3254
-2179
-2836
-4315
-3920
-2211
-1895
-3071
-2971
-1105
-102
-722
-741
967
2447
2308
2134
3355
4849
5082
4645
4924
5655
5609
4708
3924
3684
3242
2054
653
-221
-728
-1657
-3045
-4173
-4696
-5245
-6280
-7353
-7927
-8201
-8819
-9592
-9889
-9649
-9496
-9677
-9578
-8735
-7700
-6973
-6347
-5237
-3842
-2867
-2105
-1089
264
1274
1825
2525
3534
4516
5073
5498
6092
6732
7102
7132
7085
7141
7138
6806
6263
5877
5687
5248
4468
3898
3840
3739
3086
2444
2606
2845
2133
1019
881
1427
639
-1124
-1848
-1120
-1254
-3076
-4040
-3005
-2124
-3278
-4355
-3146
-1487
-1787
-2862
-1956
78
554
-154
413
2344
3274
2813
2983
4429
5507
5218
4741
5188
5711
5347
4237
3489
3090
2364
1078
-308
-1155
-1824
-2790
-4080
-5169
-5702
-6229
-7106
-8034
-8563
-8745
-9240
-9778
-9860
-9443
-9115
-9119
-8719
-7768
-6703
-6034
-5379
-4193
-2837
-1804
-1097
-52
1278
2355
2968
3578
4675
5660
6167
6335
6833
7526
7682
7312
7048
7228
7165
6389
5577
5369
5281
4517
3450
3142
3329
2931
1913
1495
1993
1929
832
-85
305
606
-539
-1999
-2054
-1398
-2141
-3651
-3859
-2766
-2675
-3865
-4062
-2712
-1784
-2462
-2857
-1694
-387
-269
-485
482
1859
2390
2408
3034
4219
4939
4978
5052
5426
5716
5477
4859
4302
3741
2982
1845
731
-84
-912
-2023
-3255
-4129
-4641
-5391
-6304
-7118
-7422
-7643
-8162
-8625
-8755
-8417
-8205
-8164
-7883
-7129
-6235
-5671
-5198
-4283
-3099
-2225
-1672
-809
464
1486
1993
2644
3826
4885
5236
5343
6020
6889
7042
6594
6402
6684
6565
5765
5109
5014
4848
3997
3152
3085
3142
2584
1744
1769
2200
1816
853
505
1080
854
-389
-1232
-931
-766
-1928
-2891
-2564
-1903
-2425
-3378
-2929
-1737
-1461
-2252
-2259
-1065
-291
-594
-769
263
1376
1448
1222
1875
3080
3480
3175
3194
3708
3893
3328
2805
2519
2051
945
-278
-1032
-1663
-2604
-3875
-4757
-5230
-5685
-6435
-7133
-7366
-7387
-7555
-7890
-7851
-7418
-7028
-6984
-6835
-6130
-5163
-4469
-4024
-3224
-2041
-974
-298
375
1482
2621
3337
3796
4608
5726
6304
6311
6375
7029
7524
7250
6740
6689
6873
6404
5588
5146
5095
4664
3839
3440
3451
3168
2393
2062
2278
2045
1068
455
846
871
-297
-1426
-1218
-808
-1797
-3085
-2805
-1760
-2072
-3309
-3145
-1681
-1144
-2002
-2196
-965
-68
-416
-693
246
1346
1424
1185
1745
2819
3283
3059
3059
3474
3651
3190
2554
2276
1969
1129
-20
-951
-1556
-2497
-3721
-4634
-5110
-5617
-6624
-7427
-7727
-7854
-8338
-8905
-8885
-8627
-8522
-8698
-8467
-7770
-7059
-6533
-5988
-5017
-3926
-2947
-2071
-1057
235
1335
2142
2827
3783
4882
5461
5709
6072
6869
7343
7211
7057
7313
7593
7190
6558
6280
6282
5799
4957
4444
4489
4307
3588
2980
2994
3083
2391
1499
1212
1474
973
-255
-938
-754
-805
-1975
-2836
-2481
-1879
-2312
-3096
-2669
-1646
-1462
-2019
-1814
-714
-132
-375
-266
772
1640
1703
1723
2521
3533
3874
3749
3836
4241
4381
3994
3459
3058
2653
1885
820
-109
-746
-1433
-2521
-3637
-4362
-4821
-5504
-6416
-7083
-7519
-8025
-8557
-8832
-8736
-8762
-8940
-8965
-8481
-7634
-6995
-6511
-5869
-4704
-3488
-2532
-1626
-485
749
1581
2230
3050
4001
4682
5022
5447
6085
6662
6948
7108
7426
7600
7286
6715
6400
6251
5598
4564
3980
3905
3643
2854
2470
2604
2381
1618
1034
1195
756
-591
-1746
-1876
-1895
-3097
-4359
-4435
-3677
-3703
-4458
-4298
-3100
-2230
-2472
-2473
-1513
-585
-480
-533
291
1336
1752
1882
2550
3765
4551
4716
4899
5435
5847
5473
4728
4278
3954
3146
1772
763
278
-361
-1574
-2785
-3334
-3785
-4727
-5976
-6810
-7340
-8092
-8997
-9488
-9482
-9601
-9935
-9843
-8948
-7912
-7339
-6880
-5870
-4370
-3083
-2249
-1498
-364
930
1987
2694
3412
4461
5506
6218
6681
7343
8111
8523
8592
8677
8802
8512
7888
7465
7325
6866
5926
5274
5179
4979
4174
3440
3374
3169
2162
976
578
259
-981
-2479
-3097
-3210
-4223
-5632
-5942
-5362
-5516
-6527
-6661
-5527
-4655
-4894
-4992
-3977
-2817
-2408
-2186
-1192
94
752
1155
2107
3514
4424
4652
5054
5862
6377
6008
5336
5201
5083
4280
2900
2018
1728
1075
-200
-1488
-2118
-2717
-3785
-5099
-6072
-6723
-7587
-8510
-9066
-9164
-9298
-9580
-9459
-8681
-7743
-7152
-6617
-5576
-4164
-3010
-2279
-1436
-224
1011
1855
2508
3406
4535
5501
6081
6624
7370
8059
8307
8224
8242
8284
7904
7164
6606
6395
5919
4929
4126
3965
3839
3066
2118
1958
1970
1195
-165
-821
-804
-1538
-3021
-3961
-3757
-3888
-4991
-5616
-4933
-4223
-4789
-5330
-4394
-3063
-3066
-3773
-3166
-1588
-840
-1079
-733
747
1909
2223
2568
3664
4779
5094
5091
5354
5752
5638
5023
4498
4133
3551
2522
1479
828
187
-844
-2191
-3165
-3725
-4433
-5564
-6687
-7200
-7446
-7951
-8633
-8924
-8684
-8460
-8393
-8078
-7328
-6516
-5940
-5154
-3915
-2662
-1873
-1181
-2
1442
2434
2873
3466
4556
5692
6226
6325
6630
7324
7831
7754
7493
7554
7643
7200
6513
6151
5998
5364
4394
3835
3658
3185
2262
1740
1663
1169
3
-802
-740
-997
-2132
-3149
-3076
-2913
-3585
-4117
-3633
-3020
-3457
-3857
-2977
-1778
-1756
-2381
-1829
-348
447
280
505
1718
2749
2925
2999
3850
4846
4990
4537
4439
4854
4837
4015
3107
2690
2339
1268
-176
-1140
-1656
-2602
-4239
-5517
-5939
-6349
-7534
-8907
-9358
-9275
-9653
-10466
-10772
-10272
-9856
-9776
-9491
-8603
-7598
-6876
-5980
-4716
-3411
-2434
-1369
95
1502
2408
3079
4153
5379
6146
6467
6925
7689
8294
8485
8572
8800
8883
8643
8235
7911
7452
6682
5880
5327
4900
4153
3190
2495
2263
1901
947
-174
-641
-711
-1331
-2459
-3095
-2782
-2749
-3423
-3828
-3142
-2317
-2590
-2974
-2294
-1057
-872
-1402
-983
361
1139
914
1156
2383
3429
3524
3543
4361
5280
5358
4843
4589
4707
4554
3903
3095
2484
1933
1079
19
-836
-1467
-2355
-3661
-4776
-5245
-5677
-6706
-7909
-8387
-8352
-8705
-9383
-9555
-9014
-8648
-8696
-8381
-7395
-6369
-5867
-5267
-4126
-2838
-1961
-1258
-84
1169
1954
2356
3101
4242
4980
5131
5292
5952
6601
6671
6516
6647
6873
6578
5948
5621
5500
4988
4014
3409
3282
2871
1904
1108
1103
929
-67
-1190
-1300
-902
-1423
-2564
-3008
-2446
-2346
-3082
-3403
-2740
-2188
-2678
-3046
-2272
-1207
-1143
-1642
-1170
94
777
585
754
1869
2827
2837
2706
3449
4467
4597
3942
3719
4191
4335
3603
2722
2408
2226
1465
439
-132
-459
-1259
-2482
-3302
-3546
-3967
-4969
-5998
-6463
-6627
-7001
-7452
-7596
-7396
-7248
-7183
-6795
-6045
-5322
-4974
-4551
-3619
-2481
-1719
-1234
-373
778
1632
2069
2803
3885
4638
4810
5088
5955
6653
6601
6256
6476
6928
6707
6003
5639
5748
5460
4535
3902
3824
3589
2575
1645
1495
1369
477
-757
-1038
-877
-1397
-2567
-3145
-2775
-2885
-3701
-4215
-3757
-3411
-3923
-4178
-3429
-2468
-2466
-2751
-2117
-917
-251
-257
175
1294
2186
2409
2587
3407
4254
4405
4121
4134
4467
4416
3841
3234
2905
2534
1799
985
451
13
-792
-1887
-2653
-2987
-3493
-4519
-5504
-5905
-6097
-6612
-7203
-7220
-6837
-6676
-6778
-6524
-5697
-4941
-4566
-4136
-3294
-2372
-1823
-1279
-282
813
1411
1779
2648
3868
4560
4613
4929
5797
6445
6276
5973
6211
6554
6206
5476
5247
5367
4971
3959
3373
3405
3094
2046
1129
1123
984
-83
-1375
-1645
-1374
-2053
-3330
-3891
-3409
-3509
-4530
-5036
-4424
-3829
-4446
-5017
-4353
-3093
-2749
-3265
-2972
-1690
-549
-414
-339
608
1811
2387
2397
2931
3985
4528
4167
3717
4135
4690
4408
3514
2988
2981
2534
1588
870
655
166
-1074
-2274
-2718
-2814
-3456
-4578
-5402
-5670
-5821
-6099
-6207
-6009
-5874
-5992
-5958
-5304
-4273
-3580
-3287
-2882
-2039
-1091
-296
489
1394
2092
2457
3016
4005
5028
5407
5483
5828
6408
6682
6575
6535
6586
6386
5945
5753
5751
5427
4614
3985
3816
3568
2899
2212
1890
1373
371
-488
-541
-576
-1517
-2771
-3214
-2994
-3315
-4148
-4492
-4259
-4342
-4901
-4798
-3959
-3499
-3861
-3978
-3048
-1941
-1418
-1210
-555
314
973
1551
2281
3012
3310
3366
3485
3769
3952
3868
3543
3082
2563
2015
1471
913
344
-424
-1471
-2578
-3334
-3702
-4243
-5176
-6126
-6622
-6941
-7433
-7765
-7640
-7321
-7436
-7671
-7230
-6249
-5550
-5352
-4778
-3468
-2322
-1819
-1321
-90
1279
1893
2216
3132
4517
5274
5310
5624
6546
7248
7204
7061
7367
7644
7292
6764
6635
6644
6204
5471
5090
4862
4296
3422
2936
2748
2061
891
97
142
-96
-1148
-2212
-2412
-2346
-2999
-3650
-3596
-3199
-3549
-4209
-3875
-2763
-2160
-2551
-2625
-1678
-489
0
238
964
1912
2484
2704
3251
4063
4509
4344
4054
4130
4300
4025
3370
2739
2211
1458
535
-176
-765
-1675
-2982
-4009
-4500
-5011
-5957
-7043
-7636
-7953
-8448
-8965
-9075
-8800
-8743
-8841
-8512
-7587
-6689
-6281
-5909
-4951
-3548
-2442
-1819
-1127
50
1292
2063
2651
3636
4869
5544
5682
6072
6939
7595
7590
7441
7495
7457
7123
6824
6718
6350
5515
4794
4565
4345
3582
2666
2205
1877
1154
196
-264
-453
-1047
-1915
-2403
-2415
-2678
-3164
-3248
-2908
-2877
-3280
-3211
-2410
-1707
-1743
-1783
-1060
-73
465
720
1375
2281
2833
3040
3406
4113
4695
4799
4609
4554
4631
4462
3887
3306
2959
2460
1444
276
-372
-773
-1649
-3057
-4204
-4752
-5323
-6361
-7425
-7931
-8175
-8661
-9273
-9393
-9020
-8774
-8778
-8541
-7681
-6780
-6295
-5815
-4770
-3391
-2451
-1903
-1095
274
1591
2386
2995
3900
5054
5862
6305
6725
7304
7724
7758
7641
7571
7467
7116
6662
6202
5711
5165
4705
4242
3531
2658
2056
1758
1148
84
-881
-1245
-1589
-2416
-3272
-3546
-3538
-3963
-4401
-4220
-3730
-3797
-4106
-3689
-2769
-2259
-2256
-1845
-904
-116
383
1054
2051
2838
3281
3811
4578
5230
5512
5682
5835
5757
5416
5000
4676
4211
3475
2599
1655
813
72
-722
-1828
-3055
-3965
-4655
-5538
-6588
-7329
-7695
-8150
-8732
-8983
-8778
-8546
-8542
-8296
-7581
-6789
-6256
-5706
-4686
-3483
-2568
-1889
-956
289
1455
2325
3085
4049
5054
5853
6393
6904
7484
7802
7782
7649
7661
7576
7123
6531
6078
5676
5068
4431
3951
3414
2621
1879
1375
759
-232
-1129
-1565
-2105
-3080
-3935
-4103
-4199
-4840
-5395
-5125
-4606
-4841
-5264
-4827
-3803
-3377
-3527
-3139
-2102
-1253
-818
-101
1099
2036
2467
3001
4058
5037
5344
5325
5493
5829
5751
5262
4748
4392
3919
3083
2160
1375
682
-227
-1354
-2424
-3240
-4011
-4997
-6062
-6908
-7390
-7828
-8288
-8492
-8378
-8123
-7854
-7364
-6605
-5891
-5264
-4516
-3560
-2617
-1824
-1020
-121
790
1695
2580
3461
4335
5202
6040
6701
7239
7705
8044
8152
8000
7788
7490
7070
6562
5992
5466
4871
4388
3952
3467
2896
2379
1974
1335
525
-166
-610
-1291
-2249
-3035
-3285
-3608
-4349
-4889
-4811
-4548
-4886
-5229
-4870
-4190
-4008
-4193
-3737
-2843
-2251
-2058
-1437
-164
819
1317
1792
2845
3836
4129
4096
4357
4899
4781
4104
3529
3421
3143
2142
1131
583
204
-814
-2178
-3010
-3430
-4271
-5668
-6690
-7035
-7458
-8399
-9015
-8781
-8287
-8283
-8321
-7618
-6480
-5700
-5349
-4694
-3503
-2372
-1765
-1350
-516
690
1706
2372
3081
4228
5416
6263
6856
7629
8447
8819
8796
8796
8967
8743
8056
7395
7093
6760
6074
5475
5129
4801
4122
3581
3357
2846
1896
864
431
-126
-1145
-2132
-2571
-2836
-3691
-4375
-4314
-3912
-4259
-4923
-4703
-3844
-3423
-3776
-3646
-2767
-1979
-1730
-1318
-193
844
1289
1630
2544
3579
3979
3884
3965
4234
4185
3679
3137
2814
2333
1482
526
-105
-509
-1260
-2444
-3535
-4199
-4741
-5653
-6661
-7358
-7737
-8218
-8725
-8762
-8367
-7989
-7872
-7482
-6657
-5780
-5192
-4642
-3804
-2925
-2243
-1630
-846
29
769
1431
2212
3160
4052
4732
5281
5847
6349
6617
6721
6821
6866
6589
6110
5722
5503
5212
4727
4324
4078
3760
3239
2809
2654
2327
1537
714
495
312
-454
-1474
-1836
-1747
-2153
-2862
-3037
-2661
-2738
-3275
-3321
-2608
-2102
-2287
-2377
-1666
-741
-375
-256
383
1415
2061
2301
2782
3673
4275
4264
4082
4257
4464
4248
3662
3234
3023
2532
1671
907
597
207
-727
-1815
-2406
-2723
-3427
-4456
-5145
-5365
-5720
-6298
-6562
-6291
-6028
-6126
-6125
-5639
-4975
-4640
-4447
-3952
-3202
-2626
-2265
-1752
-930
-200
236
655
1383
2254
2850
3194
3554
4054
4383
4473
4571
4788
4863
4574
4280
4257
4218
3827
3322
3097
2942
2462
1864
1587
1322
616
-298
-681
-765
-1373
-2372
-2864
-2738
-3032
-3867
-4242
-3803
-3616
-4196
-4472
-3761
-2953
-2988
-3131
-2406
-1237
-622
-443
249
1485
2446
2840
3374
4391
5328
5671
5742
6083
6461
6420
5957
5589
5413
5035
4213
3314
2803
2378
1546
378
-533
-1118
-1869
-2919
-3818
-4339
-4898
-5665
-6254
-6343
-6304
-6471
-6603
-6335
-5852
-5574
-5366
-4910
-4235
-3748
-3464
-2962
-2149
-1350
-894
-476
259
1178
1855
2281
2784
3449
3953
4166
4345
4681
4944
4841
4648
4636
4722
4428
3903
3584
3439
3079
2406
1971
1661
1061
130
-513
-790
-1409
-2415
-3111
-3224
-3561
-4330
-4805
-4619
-4579
-5052
-5178
-4531
-3958
-4140
-4199
-3288
-2137
-1646
-1396
-465
800
1541
1977
2933
4252
4996
5128
5448
6209
6701
6579
6280
6145
5878
5203
4437
3940
3492
2655
1444
386
-312
-955
-1950
-3139
-4061
-4746
-5423
-6173
-6571
-6657
-6835
-7232
-7348
-6840
-6255
-5995
-5866
-5266
-4329
-3593
-3082
-2470
-1566
-735
-62
736
1781
2781
3369
3790
4375
5158
5807
6129
6274
6414
6568
6556
6460
6409
6291
5904
5294
4866
4580
4055
3324
2838
2562
1811
576
-264
-506
-1017
-2169
-3060
-3269
-3622
-4594
-5268
-5017
-4838
-5389
-5812
-5180
-4328
-4376
-4640
-3964
-2679
-2047
-1846
-937
540
1442
1666
2339
3688
4654
4747
4825
5453
5939
5667
5122
4978
4833
4055
3026
2386
1970
1085
-248
-1371
-2135
-2995
-4101
-5102
-5812
-6567
-7539
-8368
-8657
-8526
-8504
-8700
-8719
-8306
-7747
-7286
-6755
-5894
-4873
-4101
-3512
-2714
-1563
-421
412
1162
2242
3493
4360
4837
5471
6423
7144
7339
7500
8032
8429
8177
7710
7737
7994
7655
6840
6327
6215
5716
4799
4244
4063
3331
1912
937
787
425
-772
-1842
-2128
-2427
-3326
-4027
-3871
-3836
-4636
-5138
-4361
-3337
-3530
-4205
-3766
-2457
-1746
-1721
-1102
206
1054
1125
1530
2803
4007
4232
3909
4035
4600
4827
4396
3869
3622
3265
2396
1424
929
610
-321
-1775
-2822
-3203
-3778
-4993
-6069
-6451
-6798
-7747
-8571
-8478
-8066
-8264
-8653
-8189
-7157
-6674
-6740
-6258
-4958
-3858
-3478
-3051
-1976
-815
-258
76
967
2130
2829
3111
3687
4590
5062
4963
5072
5781
6273
6033
5650
5806
6043
5666
5103
5010
5010
4416
3672
3627
3734
2900
1479
879
1128
780
-388
-1135
-1024
-1315
-2397
-2907
-2294
-1960
-2810
-3452
-2786
-1831
-1926
-2338
-1792
-799
-422
-423
262
1354
1961
2112
2590
3543
4254
4506
4581
4799
5003
4996
4838
4620
4408
4031
3401
2697
2152
1631
820
-186
-959
-1525
-2304
-3383
-4295
-4842
-5444
-6222
-6782
-6909
-7033
-7384
-7532
-7178
-6691
-6441
-6210
-5635
-4905
-4368
-3896
-3206
-2309
-1567
-1022
-403
380
1128
1654
2103
2632
3176
3588
3857
4056
4256
4405
4495
4491
4426
4347
4167
3916
3599
3296
2931
2482
2091
1613
963
231
-256
-581
-1154
-1844
-2322
-2527
-2940
-3454
-3529
-3275
-3263
-3612
-3549
-2923
-2413
-2362
-2150
-1332
-490
-95
276
1180
2154
2648
2985
3709
4644
5129
5255
5456
5803
5932
5702
5452
5265
5007
4467
3765
3100
2468
1746
812
-121
-907
-1610
-2438
-3379
-4195
-4874
-5503
-6112
-6480
-6643
-6817
-7003
-6978
-6595
-6175
-5859
-5499
-4883
-4132
-3543
-3025
-2351
-1442
-666
-123
494
1341
2129
2524
2855
3460
4098
4311
4275
4484
4808
4771
4433
4350
4507
4289
3636
3170
3131
2950
2237
1563
1284
974
238
-540
-874
-1158
-1800
-2504
-2752
-2820
-3236
-3715
-3706
-3372
-3403
-3674
-3483
-2805
-2352
-2339
-2083
-1284
-501
-140
241
1024
1850
2282
2627
3283
3982
4265
4271
4481
4779
4739
4373
4109
3983
3600
2867
2171
1730
1244
458
-478
-1213
-1768
-2402
-3176
-3875
-4352
-4812
-5340
-5774
-5936
-5993
-6090
-6106
-5882
-5478
-5146
-4842
-4421
-3774
-3086
-2529
-1987
-1301
-469
225
763
1337
2078
2752
3156
3536
4101
4678
4908
4915
5092
5393
5429
5176
5035
5096
4980
4551
4171
4021
3789
3271
2764
2421
1987
1335
774
396
-190
-1027
-1599
-1716
-2002
-2715
-3263
-3264
-3256
-3694
-4032
-3797
-3429
-3500
-3615
-3212
-2552
-2205
-2010
-1406
-548
56
412
964
1745
2368
2698
2941
3241
3538
3710
3707
3552
3359
3149
2803
2344
1927
1504
855
46
-605
-1095
-1770
-2632
-3332
-3802
-4365
-5090
-5581
-5739
-5931
-6333
-6546
-6347
-6045
-5905
-5742
-5293
-4709
-4134
-3514
-2802
-2100
-1428
-657
202
1009
1749
2503
3186
3800
4444
5114
5574
5791
6018
6332
6476
6349
6213
6183
6084
5743
5365
5043
4643
4104
3505
2914
2243
1545
935
313
-478
-1301
-1877
-2335
-2943
-3530
-3747
-3779
-4099
-4504
-4437
-4015
-3861
-3953
-3601
-2795
-2198
-1970
-1468
-458
438
895
1379
2296
3214
3642
3780
4141
4643
4806
4610
4445
4468
4238
3572
2870
2466
2083
1273
250
-497
-1000
-1725
-2780
-3692
-4211
-4694
-5444
-6176
-6499
-6569
-6763
-7070
-7108
-6812
-6444
-6157
-5789
-5214
-4586
-4014
-3429
-2683
-1881
-1206
-602
92
896
1631
2225
2822
3442
3962
4318
4657
5034
5220
5159
5087
5183
5180
4816
4399
4283
4251
3860
3278
2985
2791
2170
1300
876
848
407
-571
-1282
-1386
-1568
-2194
-2667
-2611
-2526
-2860
-3116
-2853
-2471
-2429
-2480
-2156
-1643
-1350
-1109
-562
171
677
1008
1542
2313
2965
3332
3603
3879
4100
4182
4154
4026
3776
3444
3032
2581
2126
1677
1132
410
-261
-766
-1289
-2046
-2811
-3280
-3636
-4173
-4753
-5025
-5099
-5255
-5410
-5276
-4965
-4795
-4661
-4289
-3727
-3292
-2944
-2412
-1772
-1290
-945
-419
281
857
1233
1635
2185
2680
2982
3219
3517
3756
3771
3663
3662
3753
3681
3385
3110
3030
2926
2554
2116
1878
1710
1269
647
228
-34
-499
-1141
-1559
-1711
-1988
-2457
-2710
-2631
-2634
-2873
-2952
-2675
-2440
-2477
-2430
-2019
-1531
-1262
-959
-349
347
865
1314
1925
2561
2964
3194
3420
3638
3696
3589
3430
3243
2984
2661
2294
1913
1540
1147
664
123
-340
-705
-1128
-1704
-2250
-2631
-2958
-3368
-3720
-3861
-3942
-4084
-4124
-3914
-3656
-3534
-3351
-2893
-2367
-2054
-1812
-1363
-820
-462
-216
218
809
1224
1463
1846
2414
2806
2898
3033
3405
3673
3557
3343
3383
3491
3270
2858
2686
2698
2457
1925
1533
1378
1056
404
-212
-566
-933
-1510
-2023
-2279
-2530
-2940
-3237
-3217
-3175
-3368
-3560
-3439
-3181
-3079
-3031
-2757
-2303
-1892
-1462
-877
-202
371
897
1533
2206
2725
3036
3320
3633
3869
3927
3846
3746
3654
3520
3250
2900
2574
2265
1849
1298
735
233
-304
-967
-1648
-2225
-2688
-3157
-3624
-3997
-4207
-4327
-4401
-4354
-4148
-3890
-3701
-3471
-3074
-2617
-2291
-2011
-1564
-1006
-548
-155
386
1030
1540
1917
2386
2935
3312
3477
3665
3909
3952
3785
3687
3721
3606
3254
2946
2782
2525
2079
1682
1421
1035
457
-39
-323
-687
-1267
-1762
-1974
-2168
-2578
-2951
-3048
-3076
-3262
-3409
-3289
-3095
-3038
-2949
-2599
-2137
-1795
-1496
-1006
-373
152
562
1058
1667
2185
2508
2802
3183
3498
3589
3561
3558
3516
3286
2952
2682
2393
1916
1319
842
477
14
-561
-1067
-1448
-1843
-2307
-2707
-2974
-3207
-3439
-3612
-3708
-3734
-3661
-3460
-3242
-3096
-2888
-2474
-2005
-1717
-1495
-1086
-579
-214
60
498
1024
1358
1573
1945
2425
2669
2682
2782
2998
3083
2964
2883
2891
2803
2603
2422
2288
2085
1821
1599
1369
1053
680
340
-25
-468
-874
-1169
-1448
-1814
-2142
-2330
-2426
-2562
-2675
-2666
-2606
-2537
-2423
-2196
-1910
-1611
-1242
-788
-295
179
670
1181
1670
2105
2482
2799
3045
3248
3368
3368
3269
3139
2939
2600
2222
1904
1549
1009
433
52
-233
-687
-1289
-1744
-2012
-2331
-2768
-3143
-3362
-3576
-3808
-3887
-3806
-3743
-3718
-3542
-3207
-2905
-2674
-2327
-1875
-1525
-1294
-953
-429
26
295
580
1051
1524
1788
1978
2288
2610
2702
2669
2773
2940
2898
2657
2531
2566
2463
2130
1854
1791
1675
1300
891
709
591
235
-248
-532
-631
-844
-1210
-1422
-1364
-1325
-1504
-1655
-1513
-1243
-1134
-1119
-937
-627
-404
-241
42
416
727
969
1250
1553
1794
2000
2208
2391
2440
2375
2307
2257
2138
1878
1572
1298
1023
684
324
28
-252
-606
-1003
-1345
-1599
-1879
-2232
-2572
-2797
-2939
-3119
-3341
-3473
-3442
-3350
-3309
-3281
-3152
-2941
-2749
-2572
-2336
-2025
-1744
-1502
-1219
-852
-489
-179
140
487
808
1060
1316
1589
1823
1977
2084
2199
2332
2436
2468
2455
2445
2442
2414
2354
2258
2109
1918
1720
1534
1323
1058
770
511
304
85
-161
-369
-501
-601
-736
-838
-853
-836
-837
-816
-704
-561
-449
-324
-136
82
256
416
621
840
999
1107
1245
1397
1472
1445
1402
1359
1250
1090
911
693
412
135
-87
-316
-605
-913
-1165
-1396
-1664
-1948
-2185
-2377
-2570
-2766
-2912
-2968
-2964
-2943
-2902
-2809
-2659
-2462
-2234
-1981
-1716
-1442
-1164
-867
-547
-220
78
352
640
928
1196
1441
1677
1890
2058
2197
2310
2395
2433
2441
2430
2382
2281
2152
2030
1906
1742
1535
1322
1121
920
702
478
238
2
-221
-414
-569
-691
-778
-845
-887
-902
-864
-793
-735
-701
-633
-503
-374
-286
-189
-26
147
267
378
565
784
922
982
1049
1137
1160
1105
1028
961
840
656
471
307
129
-87
-285
-456
-666
-923
-1160
-1339
-1520
-1731
-1918
-2044
-2113
-2176
-2216
-2206
-2157
-2079
-1991
-1863
-1703
-1532
-1358
-1171
-956
-737
-524
-309
-74
147
333
502
694
890
1040
1152
1271
1384
1446
1465
1506
1558
1553
1494
1451
1441
1395
1292
1183
1084
969
829
688
545
390
235
95
-21
-131
-239
-326
-398
-451
-491
-514
-526
-534
-513
-470
-425
-386
-326
-242
-177
-119
-18
115
230
314
411
533
644
724
785
826
831
806
781
755
693
592
501
430
347
220
82
-23
-125
-266
-423
-537
-617
-729
-866
-959
-998
-1042
-1105
-1133
-1121
-1116
-1135
-1125
-1071
-1015
-969
-911
-820
-732
-666
-590
-491
-397
-329
-261
-162
-57
24
113
231
350
425
484
579
682
739
771
817
857
857
845
847
839
799
755
724
683
606
516
447
382
291
189
112
52
-13
-82
-140
-173
-196
-222
-251
-272
-273
-261
-252
-246
-219
-164
-105
-48
16
98
182
235
272
326
392
431
434
433
450
456
424
374
327
270
188
93
0
-100
-209
-329
-447
-552
-637
-728
-833
-916
-966
-1004
-1046
-1074
-1069
-1055
-1045
-1013
-941
-862
-808
-752
-658
-553
-458
-359
-240
-118
-6
101
225
354
464
560
655
751
825
866
902
944
984
997
991
978
966
939
898
851
804
756
694
617
549
502
465
416
351
302
260
213
161
113
75
32
-7
-27
-38
-54
-70
-59
-41
-43
-48
-37
-16
-11
-15
-24
-29
-33
-47
-71
-99
-137
-193
-251
-300
-355
-431
-517
-584
-636
-700
-783
-857
-901
-924
-946
-960
-955
-936
-911
-884
-836
-780
-735
-686
-612
-530
-470
-410
-332
-240
-174
-118
-56
1
34
52
84
122
147
166
190
213
231
249
274
306
330
356
390
426
463
503
546
596
652
714
769
808
846
895
946
980
995
1001
1006
999
987
958
912
861
813
758
683
601
512
430
351
264
166
68
-9
-79
-160
-249
-316
-363
-421
-485
-539
-575
-609
-652
-691
-707
-705
-709
-727
-738
-729
-719
-710
-704
-684
-664
-650
-634
-609
-577
-546
-518
-489
-452
-421
-390
-365
-348
-336
-323
-303
-281
-264
-248
-232
-213
-197
-185
-181
-170
-155
-153
-143
-124
-102
-78
-49
-10
32
81
140
204
264
313
363
425
491
547
586
626
678
720
750
773
802
815
817
818
817
805
779
756
731
702
661
620
580
531
475
411
347
284
233
176
115
52
-9
-53
-91
-137
-193
-238
-266
-298
-324
-342
-358
-384
-409
-426
-441
-450
-471
-495
-516
-519
-515
-513
-505
-501
-486
-463
-459
-464
-454
-421
-388
-377
-368
-348
-323
-297
-277
-265
-251
-231
-219
-223
-226
-217
-197
-194
-214
-233
-235
-237
-248
-261
-262
-269
-271
-252
-222
-199
-189
-166
-136
-96
-47
-4
45
107
179
247
314
385
457
534
610
685
744
799
860
917
952
968
984
999
994
973
942
911
874
823
762
692
618
532
451
365
268
184
124
58
-26
-109
-174
-224
-265
-307
-349
-391
-421
-434
-441
-442
-441
-432
-417
-389
-367
-352
-332
-304
-274
-255
-242
-228
-214
-204
-201
-200
-195
-185
-189
-195
-194
-195
-215
-250
-276
-299
-337
-385
-428
-473
-531
-587
-636
-689
-740
-771
-788
-811
-836
-838
-803
-743
-671
-601
-523
-413
-273
-137
-24
86
217
351
478
593
696
793
880
955
1022
1074
1111
1143
1162
1159
1140
1116
1082
1016
928
847
767
678
580
477
365
259
178
108
25
-60
-134
-194
-254
-315
-375
-421
-448
-461
-469
-467
-453
-430
-399
-363
-328
-290
-263
-233
-188
-134
-93
-64
-31
3
32
46
50
52
51
46
31
9
-21
-61
-107
-161
-226
-297
-372
-443
-517
-602
-682
-750
-806
-848
-874
-884
-884
-870
-830
-771
-700
-603
-491
-385
-282
-152
-4
131
245
363
502
630
725
814
910
988
1042
1086
1125
1151
1152
1140
1127
1104
1066
1010
937
851
758
668
574
462
344
238
148
60
-33
-118
-190
-255
-320
-381
-434
-481
-510
-518
-520
-526
-530
-507
-474
-443
-417
-384
-353
-325
-284
-233
-193
-168
-141
-104
-73
-75
-85
-85
-75
-75
-90
-109
-121
-133
-148
-176
-210
-239
-253
-267
-293
-322
-339
-346
-354
-363
-359
-348
-335
-318
-297
-274
-245
-207
-169
-138
-105
-52
7
51
89
133
191
241
280
320
363
405
429
444
465
484
488
483
478
470
460
442
424
397
369
337
301
267
232
195
154
113
72
27
-10
-41
-79
-121
-155
-180
-203
-226
-238
-251
-265
-276
-273
-261
-250
-240
-218
-197
-179
-151
-120
-94
-76
-52
-27
-7
8
22
34
40
48
60
66
60
60
62
62
60
60
49
37
28
19
7
-10
-25
-41
-60
-72
-82
-91
-108
-121
-130
-136
-139
-141
-136
-126
-112
-94
-72
-45
-18
10
41
75
101
120
146
173
191
204
221
236
244
242
232
225
214
196
178
159
135
103
71
40
11
-25
-59
-88
-113
-138
-168
-188
-197
-205
-214
-222
-225
-215
-202
-191
-181
-163
-136
-114
-92
-61
-26
2
23
49
81
109
132
152
170
179
185
192
194
192
181
173
168
151
136
121
106
84
62
41
19
-3
-27
-47
-71
-90
-106
-122
-143
-163
-170
-171
-176
-185
-188
-180
-162
-145
-133
-121
-103
-81
-56
-35
-18
1
25
45
53
62
82
103
114
110
109
111
113
109
101
90
87
81
63
44
26
13
-4
-23
-39
-55
-70
-80
-85
-98
-112
-116
-109
-102
-105
-111
-106
-90
-73
-60
-43
-25
-15
-3
11
26
35
46
60
69
80
92
103
108
119
128
129
126
122
121
113
105
92
79
69
55
40
22
6
-6
-17
-26
-36
-43
-47
-55
-65
-69
-67
-70
-73
-67
-60
-60
-56
-48
-43
-40
-36
-26
-16
-9
-2
4
14
21
29
37
42
45
48
54
56
53
49
51
52
50
47
40
31
23
16
7
-1
-11
-21
-29
-35
-40
-48
-54
-56
-58
-62
-66
-64
-58
-54
-56
-56
-50
-44
-37
-32
-26
-22
-14
-9
1
5
10
20
27
28
28
30
34
36
37
36
34
27
19
10
3
-4
-17
-29
-36
-42
-49
-54
-60
-64
-67
-67
-64
-60
-56
-53
-50
-43
-25
-13
-5
2
14
29
40
47
53
66
78
81
81
86
93
97
97
99
98
95
91
92
90
84
78
70
69
59
48
37
31
24
10
1
-7
-12
-21
-31
-40
-43
-40
-43
-53
-56
-56
-60
-66
-63
-60
-60
-57
-51
-47
-47
-45
-39
-33
-30
-30
-28
-21
-14
-11
-10
-8
-5
-3
-1
-2
-6
-10
-15
-14
-17
-25
-33
-37
-40
-42
-44
-48
-51
-50
-45
-45
-45
-40
-33
-28
-22
-15
-9
-1
8
17
25
31
37
45
54
59
61
66
72
75
79
81
79
77
77
81
82
77
75
72
66
59
54
47
33
22
16
12
2
-8
-17
-22
-30
-38
-44
-50
-51
-54
-58
-58
-58
-55
-48
-43
-40
-36
-28
-21
-20
-18
-11
0
5
8
11
14
20
26
27
27
26
29
30
29
25
22
23
21
13
5
0
-2
-8
-18
-27
-33
-39
-42
-47
-54
-59
-62
-61
-62
-63
-63
-62
-59
-53
-48
-41
-35
-29
-24
-17
-11
-6
-1
4
9
13
19
22
21
22
27
31
34
33
34
39
41
39
33
36
39
34
30
28
30
29
26
22
20
19
20
20
18
18
18
17
18
16
16
16
18
17
17
17
17
18
20
17
16
19
23
21
18
17
15
14
13
12
12
9
6
5
4
2
-3
-7
-12
-16
-19
-27
-32
-36
-36
-40
-42
-44
-48
-50
-54
-54
-55
-55
-52
-49
-48
-49
-47
-43
-39
-38
-38
-40
-37
-32
-32
-31
-32
-27
-25
-24
-19
-10
-6
-2
4
12
17
17
23
32
35
35
38
43
49
49
51
52
56
57
56
56
55
54
50
48
43
36
33
30
26
18
11
6
1
-1
-3
-5
-10
-10
-14
-18
-16
-12
-12
-12
-8
-3
-4
-6
-5
-2
-2
-2
-4
-2
-4
-6
-7
-5
-6
-6
-8
-13
-19
-17
-13
-10
-10
-14
-17
-18
-15
-13
-14
-16
-15
-12
-9
-10
-11
-9
-4
0
0
0
3
6
4
1
2
1
0
3
4
4
4
4
4
3
6
7
7
7
8
7
7
12
12
9
9
11
12
11
13
17
19
17
15
16
17
16
10
9
11
10
5
1
-2
-5
-6
-9
-17
-22
-24
-25
-29
-34
-36
-37
-36
-36
-41
-48
-49
-45
-43
-43
-38
-31
-25
-21
-14
-7
-3
2
11
18
22
28
39
43
46
50
58
59
59
61
64
62
57
52
50
50
44
34
29
26
19
10
5
3
-3
-11
-16
-16
-20
-26
-29
-29
-33
-32
-29
-27
-25
-26
-27
-22
-17
-15
-14
-12
-9
-5
-4
-1
1
4
10
12
12
11
14
15
15
11
7
3
-1
-6
-14
-21
-27
-32
-40
-45
-48
-51
-55
-56
-55
-52
-50
-44
-40
-35
-27
-16
-10
-6
1
11
20
26
29
33
42
47
50
49
52
58
59
55
51
50
46
44
41
36
29
22
18
11
2
-2
-3
-10
-18
-19
-18
-20
-22
-21
-18
-18
-17
-15
-12
-10
-8
-6
-5
-3
0
3
7
6
7
9
13
13
13
12
13
11
11
11
12
9
6
4
2
0
-4
-8
-11
-13
-15
-15
-16
-17
-19
-21
-21
-22
-22
-21
-22
-21
-19
-16
-15
-16
-14
-12
-9
-9
-7
-5
-4
-4
-1
0
0
2
5
6
6
6
8
8
9
9
6
6
7
7
5
6
5
4
5
4
5
3
3
2
2
1
1
2
4
5
5
4
6
8
7
6
8
9
8
8
10
10
7
7
7
7
6
6
7
6
4
4
5
6
5
5
4
4
1
-1
0
0
-2
-4
-5
-7
-9
-10
-11
-13
-12
-10
-11
-12
-10
-10
-10
-9
-7
-8
-6
-6
-6
-5
-3
-4
-3
-3
-1
-1
-1
0
1
2
1
2
5
5
6
7
8
8
9
8
8
7
9
7
6
6
5
3
2
2
1
0
-2
-4
-6
-8
-9
-11
-13
-14
-12
-12
-14
-14
-15
-13
-11
-12
-11
-6
-4
-2
0
2
5
6
8
9
13
14
17
17
18
18
16
15
12
11
11
10
8
5
4
2
0
-1
-2
-3
-6
-7
-9
-12
-13
-13
-13
-15
-13
-12
-9
-9
-9
-8
-4
0
1
0
2
6
7
8
9
9
11
11
12
11
11
12
12
12
13
12
9
8
5
5
4
2
0
-1
-4
-5
-8
-9
-10
-12
-14
-15
-18
-18
-19
-18
-18
-18
-16
-15
-15
-14
-13
-12
-10
-8
-7
-6
-3
-4
-1
-1
1
3
6
6
6
7
8
11
11
11
12
13
12
11
13
14
14
12
12
11
9
9
11
11
9
8
8
7
6
5
6
5
4
5
3
2
2
2
0
0
-1
1
1
-1
-1
-1
-3
-3
-2
-2
-3
-3
-2
-2
-3
-5
-4
-2
-1
-5
-4
-3
-4
-6
-7
-7
-7
-10
-10
-11
-12
-14
-13
-14
-16
-17
-14
-12
-12
-11
-9
-9
-5
-1
0
2
2
2
3
7
8
9
10
12
13
12
13
11
11
9
11
12
11
8
8
8
6
4
2
1
1
-1
-3
-3
-4
-4
-5
-4
-5
-6
-5
-3
-4
-5
-4
-2
0
0
0
1
3
3
2
4
8
9
7
6
7
7
7
6
5
6
3
2
1
1
0
0
-1
-1
-5
-8
-8
-6
-6
-10
-11
-12
-12
-11
-11
-13
-13
-9
-6
-8
-8
-6
-3
-1
-1
1
1
4
5
6
7
10
12
15
15
13
14
15
15
14
12
13
12
9
7
7
7
4
0
-2
-2
-2
-6
-8
-8
-9
-12
-13
-11
-9
-7
-7
-7
-6
-8
-6
-6
-5
-5
-4
-2
-1
-1
-1
0
0
0
2
3
2
3
3
3
2
1
1
2
0
0
0
0
-1
-3
-3
-2
-2
-2
-2
-1
-1
1
0
0
0
2
3
3
3
3
3
5
4
4
4
5
6
6
6
5
5
4
4
4
4
4
2
1
1
0
0
0
-1
0
-1
-2
-5
-4
-5
-5
-7
-7
-6
-4
-2
-5
-6
-6
-5
-4
-6
-5
-3
-2
-3
-4
-3
-2
-1
-1
-1
-2
-2
-1
0
1
0
1
0
0
0
0
0
-1
-1
0
0
0
1
1
-1
0
0
0
0
1
1
2
4
5
5
7
8
8
7
8
9
9
9
10
9
6
6
6
3
1
0
0
-2
-3
-5
-6
-6
-8
-9
-10
-9
-9
-9
-12
-11
-9
-9
-8
-8
-8
-5
-4
-3
-2
-1
2
3
2
4
6
5
7
7
8
8
8
8
7
6
4
2
2
0
0
-1
-3
-4
-5
-6
-7
-8
-9
-8
-9
-12
-12
-12
-12
-11
-10
-8
-8
-8
-7
-6
-3
-2
-1
0
2
3
5
8
10
11
13
15
17
18
19
20
21
22
22
21
20
20
18
18
17
16
13
9
7
7
4
2
0
-1
-2
-3
-5
-7
-8
-9
-8
-10
-12
-12
-11
-12
-13
-14
-15
-15
-14
-14
-15
-14
-12
-13
-14
-12
-10
-9
-8
-8
-7
-6
-4
-4
-4
-3
-1
0
1
0
0
1
2
1
0
-1
0
1
1
1
-1
1
1
1
2
2
3
3
4
4
5
6
5
5
5
6
6
7
7
7
7
7
7
8
6
6
4
5
5
5
6
5
4
2
0
1
1
-1
0
-1
-1
-2
-3
-3
-3
-2
-3
-4
-4
-3
-5
-4
-4
-3
-2
-4
-4
-3
-2
-2
-1
-1
-1
-2
-1
0
0
-1
-2
0
0
0
0
0
0
0
1
2
0
-1
-1
0
0
-1
-1
0
0
-1
-2
-3
-5
-4
-4
-5
-6
-5
-4
-4
-4
-4
-2
-2
-2
0
1
2
3
4
5
6
6
8
9
9
9
10
9
9
8
9
9
7
5
5
4
2
0
0
0
-1
-3
-3
-4
-6
-8
-9
-7
-8
-10
-9
-9
-8
-9
-9
-7
-5
-4
-3
-2
-1
0
0
0
0
1
1
1
1
1
1
1
1
2
1
2
1
0
0
2
1
0
0
0
-2
-2
-2
-2
-3
-3
-1
-1
-2
-2
0
0
0
1
2
3
4
5
5
7
6
7
8
9
7
7
7
7
7
5
5
4
3
2
2
2
2
2
0
0
0
0
0
-1
-2
-2
-2
-3
-3
-4
-2
-3
-3
-3
-4
-4
-4
-2
-4
-3
-2
-3
-2
-2
-2
-3
-2
-2
-1
-2
-1
-1
-1
-2
-1
-1
0
0
-1
-1
0
-1
0
0
0
0
0
-1
-1
0
-1
-1
-1
-1
-1
-1
-2
-3
-3
-1
-1
-2
-1
0
1
1
1
1
3
3
2
3
4
5
5
4
6
6
6
5
6
5
5
6
4
5
2
4
3
1
0
-1
-1
-1
-2
-2
-4
-3
-4
-4
-5
-5
-6
-4
-5
-7
-7
-5
-5
-5
-5
-5
-3
-3
-2
-2
-1
0
0
0
0
0
0
2
3
3
3
4
5
4
4
3
3
4
4
3
2
-1
1
0
0
0
0
1
0
0
1
0
0
-1
1
1
1
1
1
1
2
3
2
1
1
2
2
2
2
1
0
0
1
1
0
1
0
1
-1
-1
-1
-2
-3
-3
-2
-5
-6
-6
-7
-6
-6
-6
-5
-5
-4
-6
-5
-5
-4
-4
-3
-3
-2
0
0
1
1
2
3
3
4
4
6
7
6
5
6
7
5
4
3
2
2
1
0
-3
-3
-3
-5
-6
-8
-7
-7
-8
-9
-9
-8
-7
-7
-6
-7
-5
-3
-2
-2
0
0
2
5
5
5
6
7
7
8
9
9
10
11
11
10
8
7
7
7
7
5
4
3
3
2
0
0
0
-3
-4
-5
-6
-4
-7
-7
-8
-8
-7
-7
-6
-6
-5
-4
-2
-1
-1
0
0
1
2
3
3
3
3
4
3
3
3
2
1
1
1
-1
0
-1
-2
-2
-3
-3
-4
-4
-7
-5
-7
-7
-7
-7
-6
-6
-5
-5
-3
-2
-3
-1
0
1
1
2
3
3
5
5
6
6
7
7
7
7
6
6
6
5
5
3
4
3
3
2
3
1
0
1
0
0
-1
-2
-1
0
0
-2
-3
-1
-2
-2
0
-1
-1
-1
1
0
0
0
0
0
0
-1
1
0
1
-1
-1
-1
0
-1
-3
-3
-3
-3
-2
-2
-2
-2
-2
0
-1
1
0
0
1
0
0
1
1
2
1
2
2
2
3
2
4
3
3
2
3
2
3
3
2
1
1
0
2
0
0
1
0
0
0
0
-1
-1
-1
-2
-3
-2
-1
-1
-1
-2
-1
-2
-3
-2
-2
-2
-1
-1
-1
-1
-2
-2
-2
-3
-2
0
0
-1
-2
-1
0
0
-1
-1
-2
-3
-3
-3
-3
-2
-4
-4
-3
-3
-4
-4
-3
-2
-1
-1
0
0
2
2
3
4
4
5
6
6
7
8
8
7
8
7
8
8
8
7
6
5
5
4
3
3
2
1
0
0
0
-1
-1
-2
-2
-3
-2
-2
-4
-4
-3
-3
-3
-3
-3
-4
-3
-3
-3
-2
-4
-3
-3
-2
-2
-2
-2
-1
-1
-3
-2
-3
-3
-3
-3
-3
-4
-3
-4
-3
-3
-3
-3
-2
-2
-2
-2
-2
-1
0
0
1
0
1
1
2
3
3
4
4
4
4
5
5
6
6
5
4
6
5
4
4
3
2
2
2
2
1
2
1
1
0
0
-1
0
0
0
-1
-2
-1
-1
-1
-2
-2
-1
-2
-2
-2
-2
-1
-2
-2
-1
-1
-1
-1
-1
0
0
-1
0
1
1
1
-1
0
0
0
0
0
0
0
0
-1
-1
-2
-1
-1
-2
-2
-3
-3
-2
-2
-3
-3
-2
-1
-1
-2
-1
0
0
1
1
2
2
3
2
3
4
4
6
5
4
4
5
5
6
5
5
4
4
5
3
3
1
1
0
0
0
1
-1
-2
-2
-3
-3
-4
-3
-4
-4
-3
-3
-3
-3
-3
-3
-2
-2
-2
-3
-3
-3
-2
-1
0
-1
-1
-1
0
0
0
0
0
1
1
1
1
2
2
1
3
2
2
2
2
1
1
1
1
1
1
0
2
2
0
0
0
1
1
0
0
0
0
0
0
0
1
0
0
0
0
-1
-1
-1
-1
-2
-2
-2
-1
-2
-2
-2
-1
-1
-2
-2
-3
-1
-2
-1
-2
-1
-1
0
0
0
0
0
1
2
0
0
0
0
2
0
-1
0
1
0
0
0
0
0
0
0
-1
-2
0
0
-1
-2
0
0
0
0
1
0
-1
0
1
0
0
0
1
1
2
2
1
1
2
2
2
2
2
2
2
1
1
1
1
1
0
1
1
0
0
0
0
0
0
-1
0
0
0
-1
-2
-2
-1
-2
-2
-1
-2
-1
-2
-2
-1
0
0
-1
0
0
0
-1
0
-1
-1
0
0
0
0
1
1
0
0
0
0
-1
0
0
0
0
0
0
0
0
-1
0
-1
0
-1
-1
-1
-1
-1
-1
-1
-1
-2
-2
-1
0
0
0
1
1
0
0
1
0
2
2
2
2
3
2
3
3
4
2
2
3
3
3
2
1
1
1
1
0
1
0
0
-1
-1
-1
-1
-1
-2
-2
-1
-1
-1
-1
-1
-2
-1
0
0
0
-1
1
0
0
-1
0
0
0
0
0
0
0
0
0
0
0
0
0
0
0
0
0
0
0
-1
0
0
0
0
0
0
1
0
0
-1
-1
0
0
0
0
-1
0
0
0
0
0
1
0
0
1
0
1
0
0
0
0
0
0
-1
0
0
0
0
0
0
1
0
0
0
0
0
0
-1
0
1
-1
0
0
0
0
0
0
0
0
0
0
0
0
0
-1
-2
0
0
0
0
1
0
0
0
0
0
0
0
0
1
1
-1
2
0
1
1
1
1
1
1
1
0
2
0
2
0
0
0
1
-1
0
0
-1
-1
-1
-1
-1
-1
-2
-2
-3
-2
-2
-2
-2
-1
-2
-3
-1
-2
