SAMPLES:	11631
BITSPERSAMPLE:	16
CHANNELS:	1
SAMPLERATE:	16000
NORMALIZED:	FALSE
-1
1
0
0
0
-1
-1
0
0
0
-1
0
-1
0
0
0
-1
0
0
0
0
1
0
0
0
0
0
0
1
0
1
0
0
0
0
0
0
1
0
0
0
1
1
0
0
0
0
0
0
0
0
-1
1
0
0
0
0
0
0
0
1
0
0
-1
0
0
0
-1
-1
0
0
1
0
-1
0
0
0
0
0
0
-1
-1
0
0
-1
1
0
1
0
0
0
0
0
0
1
0
0
0
-1
0
0
0
0
0
1
-1
0
0
0
0
0
0
0
0
0
1
0
1
0
0
0
0
-1
0
0
-1
0
0
-1
0
0
0
0
0
0
0
0
1
0
0
-1
1
0
0
-1
-1
0
0
0
1
-1
0
0
0
-1
1
0
0
0
1
-1
0
0
0
-1
0
0
0
1
0
0
0
-1
0
0
0
0
0
0
0
0
0
0
1
-1
1
1
-2
1
0
0
-1
0
1
1
-2
-1
1
1
-1
-2
1
2
-1
-2
0
1
0
-1
-1
0
-1
-1
0
-1
-2
0
1
-1
-2
-1
1
1
0
1
0
1
-1
4
3
-1
-2
2
3
0
-2
2
4
-1
-2
1
1
-3
-6
4
5
-2
-4
0
4
-3
-4
2
4
-1
-3
1
2
-3
-3
3
3
-4
-3
3
6
-2
-4
1
3
-1
-2
1
5
0
-4
-3
0
2
1
2
2
-1
-4
-5
0
6
4
-1
-3
0
-1
-5
1
4
3
-2
-3
0
0
1
2
2
0
1
5
1
-6
-6
5
10
3
-2
-1
0
1
0
0
2
2
2
1
-3
-5
0
3
-2
-5
1
8
-1
-11
-6
3
8
0
-3
1
-2
-5
-2
7
9
-3
-5
2
4
-2
-5
4
6
-2
-5
2
5
0
-6
-4
1
0
0
0
-2
-5
-6
0
5
2
-1
-3
-3
-1
0
1
0
-1
0
1
1
-1
-3
-1
4
5
-4
-10
0
10
7
-7
-12
-2
6
3
-1
1
0
-3
-4
5
5
-2
-2
4
6
-1
-3
5
7
-1
-6
3
8
2
-5
-2
5
4
-3
-4
1
4
1
-3
-2
3
0
-6
-3
3
3
-4
-7
2
4
-3
-4
-1
1
-1
-1
2
1
-3
-3
3
5
0
-3
-2
3
1
-2
0
5
2
-4
-4
0
2
0
0
0
0
-1
0
3
2
-1
0
2
3
0
-1
-1
1
4
2
0
-3
-1
1
2
0
-2
0
-1
-1
-3
-1
1
0
-3
-2
-1
2
1
0
0
-1
-1
0
2
1
0
1
2
2
0
0
-1
1
0
0
-1
-1
0
-2
-1
0
0
-1
-2
0
-1
-1
-1
-1
0
0
0
0
0
1
1
0
0
3
5
2
0
0
2
3
1
2
3
2
1
-1
0
2
0
0
0
0
1
1
1
-1
-3
0
1
0
-1
-1
0
-1
-1
0
0
0
-1
0
0
-1
-3
-1
0
1
-1
-2
0
0
-1
-1
-1
-1
-1
0
0
-1
-1
0
-1
-2
-1
1
3
0
-2
-1
1
2
0
0
0
0
0
0
1
1
0
0
0
1
3
1
-2
-1
0
2
1
-1
0
0
1
2
0
-2
-2
0
1
-1
-1
0
0
-1
0
0
0
0
1
1
0
-1
-1
2
1
0
0
0
-1
0
-1
0
0
0
0
0
-1
-1
0
0
0
-2
1
0
0
-2
-2
0
0
0
0
-1
-1
0
0
0
-1
-1
1
2
-1
-2
-2
1
1
0
-2
-2
0
0
0
0
0
1
0
-1
-1
0
2
1
-1
0
1
1
1
0
0
0
0
0
0
-1
-1
-1
-1
0
0
0
-1
0
1
0
-1
0
2
1
0
0
1
1
1
0
1
1
1
1
1
1
0
0
1
1
1
0
-1
0
-1
0
0
-1
0
0
1
0
-1
-1
1
1
0
0
0
1
2
1
0
1
0
1
0
0
0
0
1
1
0
0
0
-1
0
-1
0
-1
-1
-1
0
-1
-2
-2
-2
-2
-1
-2
-2
-3
-2
-1
0
-1
0
-1
-1
0
0
0
0
1
1
1
0
0
1
1
1
0
0
0
0
0
1
2
-1
-1
0
0
0
-1
0
0
0
0
1
1
1
0
0
1
2
1
0
0
0
0
0
0
1
0
0
0
0
-1
-1
0
-1
-1
0
-1
0
0
0
-1
-1
0
0
0
-1
1
0
0
0
0
-1
-1
0
0
0
0
1
1
0
-1
0
1
1
1
0
1
0
0
0
1
0
1
1
0
1
1
0
0
-1
-1
0
0
0
0
-2
-1
-1
0
0
-1
1
0
0
0
-1
0
0
0
0
0
0
0
-1
0
0
0
0
0
0
1
0
0
0
0
0
-1
-2
0
1
-1
0
-1
0
0
0
0
0
0
0
-1
0
0
0
0
-1
0
0
0
0
1
0
0
0
0
0
0
0
0
0
0
-1
1
0
0
0
0
0
0
0
1
1
2
0
1
0
0
1
1
-1
-1
0
0
0
0
-1
-1
0
0
0
-2
-1
0
0
0
0
1
0
1
0
0
0
0
0
0
0
0
0
0
-1
0
0
-1
0
0
0
0
0
-2
0
0
0
0
0
-1
0
-1
0
1
0
0
1
0
0
-1
1
1
0
0
0
-1
1
1
-1
0
0
0
1
0
-1
1
0
-1
1
1
0
1
-1
0
-1
0
0
0
-1
1
0
0
1
0
-1
0
1
1
0
0
0
0
1
0
-1
0
-1
0
1
0
0
-1
0
1
0
0
0
0
0
-1
0
0
0
0
0
0
0
0
0
0
-1
0
1
0
1
0
-1
0
0
1
0
0
0
0
0
0
-1
0
-1
0
0
0
0
0
0
0
1
0
2
0
0
0
1
1
-1
0
0
0
0
1
-1
0
0
0
0
0
0
1
0
0
1
1
1
-1
0
0
0
0
0
0
0
0
-1
0
1
0
0
0
0
0
-1
0
0
0
0
0
0
0
0
1
0
0
0
0
1
1
1
0
0
1
0
0
0
-1
0
0
0
0
1
1
0
1
0
-1
-1
0
-1
0
-1
0
0
0
0
-1
0
0
0
0
-1
0
1
0
0
0
0
0
0
0
0
0
0
0
0
0
0
0
0
0
0
1
0
0
0
1
0
0
0
0
0
0
0
0
1
1
0
0
1
0
-1
0
0
0
1
0
0
-1
1
0
-1
-1
0
0
0
0
0
1
0
1
0
0
0
1
0
-1
0
-1
0
0
-1
0
0
0
-1
0
0
0
0
0
0
0
0
1
-1
0
0
0
0
-1
0
0
0
0
0
1
1
0
0
0
1
0
0
0
1
1
0
0
0
0
0
0
1
0
0
1
0
0
0
0
0
1
0
-1
0
0
0
0
1
0
1
0
1
0
0
0
0
0
0
0
0
0
0
0
0
-1
0
0
0
-1
0
-1
0
0
0
0
0
0
0
-1
1
0
1
0
0
0
0
1
1
0
-1
0
1
-1
0
0
0
0
0
1
0
0
0
0
1
0
0
1
0
0
0
0
0
0
0
-1
-1
0
-1
0
-1
0
0
0
-1
0
1
0
0
-1
0
0
0
0
0
0
0
0
0
0
0
0
0
0
0
1
0
1
0
-1
-2
-1
0
0
0
0
0
0
0
-1
0
0
1
0
0
1
0
0
0
1
1
0
1
0
1
1
0
0
0
0
0
-1
1
0
0
0
0
0
0
0
-1
-1
0
0
-1
-1
-1
0
1
0
0
0
1
0
0
-1
1
0
-1
0
0
-1
0
0
0
0
-1
0
0
0
0
1
0
0
0
0
0
0
1
-1
0
0
0
0
0
0
-1
0
1
0
0
0
1
-1
0
0
0
-1
0
0
0
-1
0
1
0
-1
0
0
-1
-1
0
0
0
0
-1
-1
-1
0
0
0
0
0
0
0
0
0
1
0
-1
0
1
0
1
0
0
0
-1
0
0
0
0
0
0
-1
1
0
0
0
0
1
0
0
0
-1
0
1
0
0
0
0
0
1
-1
0
0
0
-1
0
0
0
0
0
0
0
0
0
0
0
0
0
0
0
0
0
0
0
1
0
0
0
0
-1
1
0
0
0
0
0
0
0
0
0
0
0
0
-1
0
0
0
-1
0
0
1
1
1
1
0
0
-1
0
2
0
-1
0
0
0
0
-1
0
0
0
0
0
-1
-1
0
0
0
0
1
0
0
0
0
-1
0
0
0
0
0
0
0
0
1
0
-1
0
0
-1
0
0
0
0
0
0
0
0
0
0
0
1
0
0
0
0
-1
-1
0
-1
0
0
0
-1
0
0
0
0
1
1
-1
0
0
-1
-1
0
0
-1
0
0
-1
0
0
-1
1
-1
0
0
-1
0
0
0
0
0
0
0
1
0
0
-1
1
1
0
0
0
0
0
0
0
0
0
1
0
0
0
0
0
0
-1
0
0
-1
0
0
1
0
0
1
0
0
0
1
0
0
0
0
0
0
1
-1
0
0
0
1
0
-1
0
0
0
0
0
-1
1
1
0
0
1
0
0
1
0
0
0
1
0
0
0
0
0
1
0
0
0
0
0
0
0
1
0
0
0
0
-1
0
0
-1
-1
0
-1
0
0
0
1
1
0
0
0
-1
1
0
0
0
0
1
0
1
0
0
1
1
0
0
0
0
0
-1
0
0
0
-1
0
0
1
0
0
0
0
1
0
1
0
0
0
0
0
0
0
0
0
0
-1
0
-1
0
1
0
0
0
-1
0
1
1
0
0
-1
1
-1
0
-1
1
-1
0
0
0
0
0
0
0
1
0
0
0
0
0
0
0
-1
0
1
2
1
1
-1
0
-1
-1
0
0
0
0
0
0
0
0
-1
0
0
1
0
1
0
0
0
0
0
0
0
0
0
0
-1
0
0
0
0
1
0
-1
0
0
0
-1
0
0
-1
0
0
0
1
0
0
0
0
0
0
1
1
0
0
0
0
0
0
0
-1
0
-1
0
0
0
0
-1
-1
0
0
0
-1
0
1
0
1
-1
0
0
-1
0
0
0
1
0
0
0
0
0
0
0
1
-1
1
0
0
0
-1
-1
0
0
0
0
1
0
0
0
0
1
1
1
2
0
0
0
0
1
1
2
1
1
0
1
0
0
0
0
0
0
1
-1
0
0
0
0
0
0
-1
-1
0
0
0
0
0
-1
0
0
0
0
0
-1
-1
0
0
0
-1
0
1
0
0
0
0
0
-1
-2
0
0
0
0
-1
0
0
-1
-1
0
1
0
1
0
1
0
-1
0
0
0
0
0
0
0
0
-1
1
0
0
-1
0
1
-1
0
0
-1
0
0
0
1
0
0
0
0
0
0
-1
0
-1
-1
0
-1
0
1
1
1
0
0
-2
0
0
-1
-1
0
0
0
-1
0
0
0
-1
0
-1
0
0
0
0
0
0
1
1
0
0
0
-1
0
-1
0
0
0
0
-1
0
1
0
0
0
0
0
-1
0
0
-1
1
-1
0
1
0
-1
0
1
1
-1
-3
0
0
0
-1
-1
1
1
-1
-1
0
0
1
-1
-1
0
0
2
1
0
0
0
1
0
0
0
1
1
1
0
0
-1
0
0
0
-1
0
1
-1
-1
-1
-2
0
0
0
1
0
0
0
0
-1
0
0
0
0
-1
0
1
0
-1
0
1
0
2
1
1
1
-1
0
1
-1
0
1
0
0
1
0
-1
0
0
0
0
0
0
0
-1
1
2
0
0
-2
1
2
-1
1
-1
0
0
1
0
0
1
0
0
0
1
1
-1
0
2
1
-1
-1
-1
1
1
-1
-1
-1
1
2
-3
-1
-1
0
0
0
0
-1
-2
0
2
-1
-1
-2
-1
-1
0
1
-1
-3
-1
-2
2
-3
3
-1
1
-1
-2
1
0
2
0
2
2
1
3
-1
3
0
2
3
4
3
-3
1
-1
3
0
-3
1
1
1
-1
-3
2
-5
3
-1
2
-3
-4
2
2
1
0
-3
2
1
1
3
-2
4
-3
1
1
3
1
0
-4
2
-3
2
-3
-1
-1
-2
-2
-2
-2
-2
-3
-4
-1
0
-2
1
-3
1
2
0
2
-3
4
6
0
1
-1
3
5
-4
1
0
3
2
-1
0
3
-4
-1
-4
3
1
-2
-2
2
2
0
-2
0
1
0
-1
2
1
1
-1
0
2
1
-4
0
0
1
-1
-4
-2
0
1
0
-2
0
-3
1
2
1
-2
-1
-1
3
3
0
4
-2
1
-1
3
5
6
3
5
7
12
10
11
5
10
15
23
25
23
18
13
4
19
25
37
23
9
5
-5
0
6
16
17
-7
-21
-31
-15
-14
-13
-15
-15
-21
-53
-64
-47
-18
-10
-49
-79
-76
-85
-83
-94
-46
-14
-72
-155
-187
-128
-56
-77
-105
-115
-111
-121
-165
-141
-102
-88
-109
-113
-75
-17
-89
-156
-155
-26
115
148
116
125
73
82
94
295
495
582
485
341
317
359
518
641
721
640
458
378
346
379
349
349
374
311
226
73
-26
-166
-164
-164
11
37
-27
-231
-679
-768
-697
-128
93
-124
-535
-913
-834
-771
-565
-279
-241
-313
-781
-843
-671
-429
-327
-385
-253
-135
-66
-278
-266
-225
102
347
357
418
207
172
163
244
494
561
550
360
116
25
36
167
160
152
-78
-186
-369
-440
-313
-185
26
-169
-476
-700
-571
-194
57
128
-47
-286
-383
-203
172
403
323
241
258
317
390
445
771
976
1014
1053
1048
1156
1013
1001
1342
1630
1759
1198
903
806
1054
1074
899
645
386
-28
-332
-428
-348
-435
-783
-1168
-1318
-1384
-1381
-1425
-1507
-1581
-1645
-1566
-1429
-1368
-1341
-1366
-1273
-1106
-890
-749
-834
-894
-746
-428
-271
-490
-799
-783
-512
-252
-215
-355
-514
-679
-838
-666
-416
67
197
176
-194
-442
-176
556
1342
1458
1221
1243
1606
1955
1896
2140
2774
3317
3277
2769
2771
2846
2786
2451
2353
2658
2636
1982
1045
306
74
-19
-211
-321
-758
-1423
-2289
-2915
-2686
-2312
-2115
-2468
-2872
-2961
-2808
-2615
-2369
-1895
-1621
-1396
-1527
-1392
-954
-538
-284
-289
-278
-46
-13
-82
-86
-101
-154
-553
-895
-941
-865
-931
-1008
-1109
-1318
-1763
-2055
-1664
-807
-322
-288
-621
-571
-55
772
1619
2076
2587
3286
3910
4123
3919
4477
5257
5631
5560
5951
6960
6012
2835
795
2580
6134
5678
1263
-2286
-2776
-2492
-3344
-2941
-1154
-2058
-7037
-10603
-8426
-4050
-3173
-5288
-5736
-4715
-4614
-5170
-3459
152
2028
1305
313
926
2426
3522
4212
4716
4910
4680
4090
3041
2085
1602
1968
1881
709
-973
-2712
-3770
-4248
-3930
-3230
-3808
-5123
-6532
-6391
-5019
-3671
-2801
-2981
-3178
-2841
-1713
-97
1121
1720
2067
2340
2959
3819
4569
5113
5358
5379
5273
5076
5153
5173
5179
5042
4838
4158
2948
2213
2200
2334
2425
2309
1849
-891
-4439
-5229
-1689
1717
220
-4650
-7430
-7058
-6133
-5735
-3780
-1449
-2867
-7596
-9619
-6097
-1421
-395
-1187
-832
-262
-1007
-1298
1568
5418
6689
5562
4648
4856
5447
5962
6827
7484
6884
5127
3097
1597
1096
1442
1582
104
-2759
-5513
-6952
-7081
-6671
-6066
-5890
-6947
-9079
-10685
-9842
-6554
-3572
-2778
-3874
-4496
-3674
-1728
789
3435
5053
4706
3302
2913
4302
6600
8045
8010
6772
5291
4338
4258
4693
5047
4973
4048
2578
1425
874
910
1193
1177
1031
1063
935
675
-968
-3456
-4052
-1483
2669
2848
-2056
-6947
-7570
-4709
-2445
-1398
-480
-1940
-7010
-10842
-8004
-935
2374
-289
-3424
-3801
-2922
-1561
1540
5752
6912
4267
2099
3017
5851
7831
8305
7985
6857
5295
4580
4251
3970
3322
2419
1407
-442
-2659
-4395
-5705
-6099
-5919
-6089
-7186
-9087
-10304
-10548
-9517
-7465
-5531
-5139
-7043
-7778
-5612
-2011
654
1028
985
992
1278
2496
4845
7060
7359
5787
4351
4103
5014
5833
5665
4978
3525
2217
967
252
812
1558
1523
166
-1244
-1768
-1233
-369
1432
2457
395
-3394
-4905
-758
4138
3892
80
-2947
-2844
-2363
-1840
1110
3852
2083
-3689
-6283
-2533
2567
3346
1750
1025
895
74
42
3522
7251
7120
4256
2381
3551
5473
6158
6000
5166
3780
2701
1765
886
445
296
-107
-2055
-4771
-6048
-5989
-6202
-7001
-7815
-8036
-8350
-9237
-9559
-8988
-7769
-6409
-6023
-6106
-5872
-4524
-2324
-1086
-634
144
1025
1985
2311
3160
4440
4737
4395
4158
4598
4846
4435
3917
3756
3550
2670
1812
1442
1414
1551
1063
644
592
635
538
546
1017
2128
3088
1702
-1270
-3028
-503
4913
5793
1039
-4276
-4712
-1497
-66
-103
770
135
-3873
-7608
-5407
794
2819
-402
-2376
-1294
173
-128
1304
5243
6583
4270
2314
3866
6736
7507
6343
5574
4962
4523
4536
3813
2975
1543
438
-549
-2200
-3239
-3574
-4848
-6775
-7638
-7537
-7278
-9020
-10122
-9121
-8028
-7252
-7999
-7796
-6701
-5592
-3435
-1791
-656
-651
-737
549
2537
4383
5198
4871
4338
4206
4587
5473
5826
5897
5080
3793
2959
2476
2383
1685
1731
2229
2370
892
-1173
-1722
-463
1375
1992
2158
812
-2409
-5456
-4039
2619
6326
2190
-5253
-7506
-4136
-1999
-1945
-524
1235
-2308
-8648
-9061
-1909
3137
256
-3172
-1993
868
373
-313
3198
6874
6248
3499
3707
6584
7763
6698
6100
6623
7228
6742
5104
3055
1597
1603
2307
1420
-1108
-3750
-5758
-6722
-6633
-6079
-6163
-8074
-9923
-10147
-9302
-8221
-7456
-6338
-5593
-5480
-4319
-2139
-253
267
611
2441
4388
5339
5502
5576
5620
5681
6060
6850
6612
5746
4777
4148
3670
2685
2489
2231
1590
537
-478
-545
-824
-1055
-1060
-798
-389
-481
-592
-2017
-4220
-5080
-1681
2827
2456
-2963
-6948
-5417
-2826
-3108
-2811
-362
-516
-6016
-9538
-5050
1680
1421
-2892
-3120
242
1556
265
2046
5797
6066
3720
3676
7031
8827
7182
5429
5596
6599
7029
6643
4905
2586
1063
1069
1218
-286
-1958
-3747
-5877
-7442
-7758
-6400
-6442
-8616
-10376
-10076
-8215
-6980
-6950
-6845
-6087
-4422
-2792
-1350
-35
1170
2215
2773
3737
5229
6437
6560
5795
5525
6080
6692
6437
5564
4797
4158
3514
2525
2323
1963
1364
521
-238
-171
-860
-903
-675
-40
64
110
-287
-2306
-5226
-5019
759
5207
2010
-5511
-8093
-4079
-1861
-2816
-1932
923
-1026
-8311
-10115
-2837
3320
820
-3180
-1483
2165
954
-1490
1871
6944
7663
5193
4628
6307
5963
4583
5270
7582
8200
6256
3153
499
-519
69
1334
635
-2343
-5673
-8727
-9968
-9124
-6564
-5669
-8473
-11782
-12633
-10420
-7978
-5875
-4386
-4323
-4947
-4628
-1669
1651
3617
4334
4876
5785
6346
6958
7587
8003
7956
7899
7702
7171
6043
4821
3849
2981
2636
2263
1604
28
-1614
-1609
-1031
-920
-1511
-2175
-1274
-766
-486
229
182
-1664
-4673
-3474
2979
7005
2356
-5451
-6623
-1864
154
-1777
-545
2344
-1025
-8849
-9535
-820
4564
591
-3568
-1172
1772
-366
-1674
3147
8241
6647
2544
2488
5343
6079
4700
5038
6326
6030
4168
1867
333
-372
137
638
-983
-4084
-6467
-7921
-9131
-8890
-7148
-6087
-8664
-12587
-13013
-9912
-6408
-4979
-5184
-5496
-5539
-4311
-1568
1454
3537
4200
4138
4544
5700
7234
7918
7710
7674
8163
7989
6609
5307
4912
4415
3541
2655
2465
1573
-169
-945
-242
191
-547
-1295
-1025
-506
-567
143
1892
2073
-991
-4483
-2950
3160
6293
2063
-4406
-5454
-2489
-1775
-3364
-1963
821
-1492
-8167
-9751
-3672
1135
-697
-3341
-1490
834
-945
-2126
1960
7069
6852
3783
3437
5442
6089
5380
6331
8121
7717
5408
2957
1566
1348
2049
2604
753
-2891
-5795
-7159
-7668
-7500
-6541
-6324
-8600
-11761
-12356
-10334
-7619
-5717
-4894
-4947
-5547
-5300
-3321
-404
2395
4397
5145
4563
4093
4920
6551
7869
8341
8146
6955
5163
4121
3972
3758
2874
1965
1634
647
-1045
-2223
-1728
-676
-972
-1738
-1922
-1059
-421
16
1240
1564
-546
-3791
-3085
3001
7324
3597
-4128
-6255
-2238
-44
-2159
-2101
1237
-140
-7680
-10645
-3531
3523
1239
-3778
-2415
1509
358
-2053
1649
7850
8005
3541
2499
5353
6939
6024
6101
7660
7380
4779
2282
988
1081
2184
2279
-67
-3894
-6367
-6733
-7333
-7339
-6068
-5646
-7926
-11312
-11224
-8074
-5462
-4236
-3624
-3399
-4684
-5165
-2400
1995
4511
4281
3809
4050
4070
4485
6244
8273
8393
6242
3879
3305
3650
3835
3250
2343
1783
507
-1641
-3200
-2753
-862
-339
-1808
-3081
-2802
-2215
-1810
-908
1931
3105
-839
-5906
-5536
2785
8986
4933
-3592
-6389
-2259
-628
-2794
-1184
3614
1486
-8798
-12975
-4530
4781
2735
-3141
-2333
905
-936
-3672
1400
9005
8796
3172
1784
5520
7346
6207
6587
9269
9108
5342
1834
540
1716
3747
4561
1934
-3273
-6877
-7397
-6752
-5600
-3766
-3779
-7718
-12673
-12876
-8138
-4363
-3490
-4092
-4790
-5960
-6468
-3319
1572
4312
3782
2757
3014
3368
3874
5440
7688
8332
6625
4190
2931
3021
3457
3831
3502
2422
387
-1912
-3322
-2965
-1220
-273
-1138
-2911
-3697
-3309
-2411
-703
1937
3270
-272
-5748
-5893
2000
9528
6761
-1880
-5415
-1893
85
-1921
-376
5000
3193
-8005
-13830
-5505
4951
3449
-3336
-3244
504
-1364
-5269
-839
8033
9145
3344
798
4378
6972
6012
6534
9317
9833
6161
2100
830
2307
4326
4485
1768
-2584
-5625
-6998
-7425
-6488
-4442
-4602
-8769
-13044
-12587
-8655
-6010
-5314
-4657
-4778
-6367
-6839
-2706
2638
4453
3256
2753
3632
3780
4109
6372
9140
8876
6169
3747
3029
3043
3430
4068
3866
2240
-686
-3286
-4312
-3395
-1311
-542
-1268
-2675
-4193
-4760
-3718
-362
2978
4170
1201
-4143
-7373
-2931
7755
12237
5313
-4879
-6389
-1518
-250
-364
4008
6942
-1737
-14445
-13196
776
8095
1977
-3329
-1100
-30
-4852
-4763
5330
12277
7977
1108
1566
5822
6780
6387
8639
10845
8229
3208
269
775
3275
4719
3568
-178
-4206
-6603
-8081
-8131
-6286
-4584
-6201
-10745
-13125
-11454
-8486
-6274
-4683
-3991
-5306
-7050
-5285
-454
3078
3667
3239
3345
3057
3031
4450
7022
8217
6873
5184
3676
2623
2574
3171
3755
3153
990
-1676
-3854
-4027
-2016
-256
218
-1088
-2917
-4088
-3928
-616
3276
5025
2427
-3504
-7020
-3517
6100
11796
6886
-2861
-6670
-3572
-966
-40
3496
6057
-940
-12917
-13694
-1943
6759
2513
-3598
-2165
-18
-3162
-4444
3132
10449
7913
1502
1598
6369
7829
6304
7341
10376
9586
5086
1630
1442
3346
4724
3967
741
-2879
-5113
-7000
-7953
-7365
-5240
-5613
-9998
-13013
-11841
-8666
-6740
-5826
-4798
-5240
-6564
-5875
-1791
2533
3920
3481
3071
2955
2855
4224
6585
8175
7403
5172
3108
2062
2320
3241
3921
2614
280
-2088
-4104
-4447
-3083
-752
-52
-1722
-3919
-4910
-4122
-1446
2295
5172
3732
-2434
-7346
-5262
5120
13478
10073
-1114
-7527
-4177
527
1035
2795
6597
2728
-10168
-15857
-5507
7001
4941
-3951
-4586
-22
-1231
-5215
-335
9038
9424
1948
-351
5055
8560
6775
5975
9464
10661
6926
2557
1169
2932
4537
4542
2444
-1477
-5023
-7151
-7827
-6529
-4941
-5741
-9509
-12637
-11729
-8967
-7335
-6219
-5140
-5141
-6146
-5396
-1499
2084
2568
2768
4069
4992
4446
4088
5751
7611
7520
6335
4929
3666
2952
3094
3884
3244
1667
-423
-2751
-3986
-2881
66
1100
-1301
-4385
-5214
-3451
-851
1910
3777
3431
-939
-6152
-7193
360
10675
11301
1278
-8393
-7496
-1480
-50
128
3571
3949
-6073
-16044
-10987
2863
6459
-1678
-5400
-1544
-382
-5003
-3400
6673
11287
5236
-731
1948
6855
7106
6258
8828
10587
7139
1930
-165
2114
4693
4952
2689
-1460
-4723
-6685
-7764
-6886
-4888
-4322
-7526
-11961
-12543
-9599
-6922
-5715
-4488
-4058
-5358
-5938
-3223
1690
3845
3873
4208
4881
4543
4375
6090
8692
9407
7775
5549
3449
2814
3640
5099
5104
3220
688
-2561
-4892
-3768
-150
2558
350
-3667
-6007
-5398
-3193
996
4679
6015
1936
-5502
-8905
-4409
7563
14659
8489
-4020
-10019
-5791
-1022
471
3743
7079
328
-13997
-17900
-5345
7705
4617
-3907
-4706
-2205
-4953
-7654
402
11165
10023
820
-2072
3033
6317
5342
6244
10677
10044
3588
-1328
-700
3149
4873
3935
1432
-2529
-6344
-8207
-7813
-5785
-4416
-5308
-8224
-11558
-12137
-9921
-6771
-3360
-2278
-3637
-5513
-5681
-1998
2262
5160
7091
6732
4518
2466
3628
8068
11369
10730
7625
3966
1573
1600
3700
6115
5828
2395
-2064
-5538
-5371
-2302
1066
1468
-1330
-4687
-6381
-5358
-1837
3556
6250
4743
-1029
-6447
-6677
773
11382
13639
4262
-6978
-8943
-3467
-208
2106
6128
5769
-6086
-18070
-13796
1841
8443
714
-5153
-3917
-3700
-7510
-4493
7390
13182
6123
-2331
-1242
4082
5988
6654
9847
10986
5793
-625
-1977
1551
4393
4466
2778
-301
-4054
-7014
-8829
-7854
-5167
-2834
-4113
-8870
-12430
-11867
-8367
-4174
-799
-260
-3351
-6608
-5623
89
5706
8088
7222
4384
1417
1062
4782
9404
10709
7908
3379
-344
-1526
755
4689
6040
2534
-3009
-6067
-5854
-3281
-664
898
-76
-3721
-6657
-6232
-2429
2533
4978
5124
2557
-3048
-7021
-5034
5721
14819
11559
-1138
-9293
-6675
-782
1855
4905
8108
2558
-11563
-17677
-6721
7817
7561
-1833
-5556
-3716
-4545
-6127
734
11186
11349
1581
-3744
607
6541
7760
7543
9738
9031
4036
-296
206
3912
5339
3906
1336
-1459
-4292
-6874
-8369
-6855
-3838
-2808
-5724
-10691
-12897
-10966
-6625
-2278
-454
-2542
-6640
-7996
-3941
2785
6949
6925
4213
1231
155
2534
6757
9499
8494
4857
1087
-1272
-527
2620
4961
3623
-509
-3670
-5265
-4785
-2525
630
1575
-1136
-5028
-5971
-3568
-21
3494
5420
5119
992
-4310
-5820
-501
9198
12915
6310
-3959
-7974
-4077
303
2831
5699
5790
-2771
-13795
-13444
-928
7759
3015
-4288
-4930
-3113
-4934
-4406
4335
11379
7091
-1491
-2150
3875
7353
6730
7716
9878
7505
2245
380
3067
5353
4597
2373
541
-1612
-4899
-7411
-7668
-5453
-3312
-4297
-7939
-11565
-12045
-9386
-5540
-2045
-1554
-4383
-7360
-6825
-1957
3244
5758
5570
3189
738
449
3281
7192
8822
7139
3547
-182
-1433
852
4229
4409
927
-2468
-3476
-3645
-2909
-1241
1005
335
-2419
-3883
-2640
-715
1286
4032
6655
5846
-374
-5343
-3311
6426
13833
10045
-557
-6863
-4679
-631
742
3925
7324
2437
-11152
-16423
-5624
6970
4598
-4699
-5884
-2118
-3760
-7149
-421
10578
10296
469
-3659
1980
6860
6104
5958
9273
9466
4366
64
498
3530
4583
3762
1723
-1444
-4901
-7548
-8302
-6563
-3769
-3535
-6864
-11949
-13706
-11144
-7037
-3104
-2091
-4443
-7640
-8210
-4172
1028
3878
4735
3813
1063
-686
1353
6597
10072
8820
5089
1889
660
1616
4642
6312
4683
660
-2528
-2921
-1823
612
2261
1436
-1273
-3347
-2842
-1520
-39
3242
6177
6465
2328
-2904
-4175
43
8436
13126
8474
-1363
-7418
-5591
-1057
2292
5374
5508
-2302
-13700
-15061
-4609
4078
1167
-4609
-5325
-5020
-8101
-7310
2153
10193
6835
-1125
-1282
3786
6063
5688
7662
10773
8319
3015
1556
3975
5174
3547
2208
1740
-415
-4321
-6898
-6869
-5566
-4717
-5319
-6964
-9870
-12098
-11544
-7654
-2976
-2109
-5570
-8351
-7191
-2625
1403
3468
4103
2436
-700
-1130
3350
9003
10229
6429
1982
-89
1301
4714
7591
6445
1522
-2646
-3407
-1297
1351
3079
2563
-518
-3422
-3526
-1183
1013
1787
3687
5616
6054
2226
-3087
-4031
2137
11331
13639
6261
-3269
-6455
-4037
-1080
2562
7150
5745
-6228
-17636
-14194
-682
5519
-406
-6112
-6767
-7588
-9766
-4953
6302
10434
2844
-4214
-1431
4856
7009
7314
9622
10061
5254
1564
3095
6309
5628
2850
1975
1341
-1385
-5503
-7407
-6909
-5017
-4043
-5522
-8997
-12558
-12847
-9715
-5416
-2769
-3952
-7578
-9441
-6725
-427
4819
5859
3412
-205
-1586
1734
7109
11051
10005
5449
1345
-256
1821
5657
7526
5121
-111
-3824
-3842
-2099
-409
451
-75
-1827
-3715
-3884
-2564
-1227
108
2843
5529
6743
3076
-3439
-6267
94
12559
17320
8786
-3283
-7201
-4052
-772
3300
9435
8609
-5162
-18663
-14778
822
8203
2040
-4002
-5107
-7163
-10149
-4405
8230
12634
4143
-3714
-1335
4678
6851
7482
9839
10156
5559
2021
2733
4258
3442
2417
2918
1724
-2793
-7500
-9075
-8308
-6598
-4609
-5025
-8853
-14281
-15326
-10358
-4303
-1685
-3953
-7575
-8451
-5712
132
5331
6766
4445
592
-225
3254
8044
10762
8845
4576
1408
1310
3982
5701
4459
1362
-1158
-2042
-2184
-1936
-1465
-1726
-3136
-3629
-1920
-314
-1627
-3741
-2708
2472
6860
7971
3973
-3215
-7272
-1767
11859
18508
10103
-3789
-9198
-5220
-644
3271
8495
7910
-5235
-19291
-16538
-545
8598
2654
-4966
-6545
-6974
-8766
-4149
6942
11949
5331
-2264
-927
4802
7743
8164
9639
10220
7359
4172
3048
3072
3152
3743
4354
2616
-2082
-6688
-9393
-9371
-6576
-2917
-3111
-8743
-15217
-15505
-10011
-4087
-1688
-3168
-6235
-8255
-6348
-253
5459
6558
3884
897
1077
3649
6674
8686
8027
5366
2500
1345
2640
4078
3513
1349
-598
-1434
-2067
-2877
-2930
-2198
-2090
-2493
-1934
-1104
-1816
-3313
-2329
2811
8031
9737
5324
-3064
-7661
-1697
12705
20171
11975
-2460
-9136
-6420
-2020
2908
9721
10045
-3799
-19867
-18932
-2886
7754
3295
-4184
-6343
-7742
-10337
-6102
5684
12091
5758
-2821
-2327
3755
7267
7437
8436
9342
6847
3103
1063
1626
2793
3781
3696
1813
-1777
-6296
-9940
-10597
-6945
-2109
-2416
-8571
-14883
-15499
-10979
-5514
-1952
-1852
-5114
-8374
-7142
-837
4948
6121
3953
2187
2677
4174
6167
8038
8584
7070
4309
2280
2477
3459
3811
2738
902
-381
-1506
-2257
-2617
-2260
-1724
-1177
-316
-282
-1492
-2926
-1771
3122
8068
10426
7221
-680
-6429
-2630
11026
19775
13403
-977
-8745
-6880
-2616
2034
9048
10524
-2043
-18837
-19813
-4445
7434
3973
-4024
-6300
-6852
-9482
-7212
3169
11046
6769
-2081
-3386
2243
6248
5999
6359
7982
6986
2949
-476
-460
1571
2976
2986
1273
-2273
-6836
-10621
-10916
-6938
-2483
-2561
-8437
-14993
-16253
-11770
-5548
-1512
-1861
-5500
-8801
-7988
-2100
4034
6375
4922
2500
1968
3094
5407
7998
9369
7984
4650
1981
2265
4181
4651
3304
1383
218
-303
-1069
-1591
-1550
-1169
383
1660
1366
-535
-2068
-643
3508
8340
12099
9816
519
-7447
-3487
11824
20483
12681
-1338
-7491
-5798
-3816
-158
8391
10791
-2552
-19492
-19142
-3569
6549
1830
-4623
-5140
-6181
-9546
-6780
4202
10905
5149
-2765
-2188
3593
6343
5401
5755
7268
5953
2903
653
161
729
1492
2099
1006
-2590
-7010
-10147
-10573
-7116
-2989
-2972
-8412
-14705
-15336
-10566
-5472
-2645
-3130
-5772
-8576
-8124
-2269
4078
5783
3391
1070
1644
3352
4938
7294
8891
7877
4176
1236
1896
4399
5336
3720
1139
-156
-291
-486
-973
-1408
-808
299
882
398
-397
-574
575
3419
7343
10499
7752
-476
-6061
-1056
11314
16326
9596
-513
-5022
-5080
-4027
938
8524
8180
-4241
-16156
-13694
-2221
3584
544
-2609
-3283
-5754
-8423
-4329
4813
8435
3165
-1900
-90
4482
5725
4587
5279
6477
5338
2852
1313
1341
1117
745
978
737
-1486
-5513
-9243
-10026
-7150
-3575
-2993
-7125
-11900
-13013
-10151
-6012
-3095
-2309
-3737
-6395
-6818
-2623
3026
5600
4042
1735
1584
2791
4135
5873
7285
6684
3730
933
1210
3349
3914
1852
-729
-1180
-293
-141
-1189
-2320
-2027
-803
31
29
-338
-251
849
3350
7257
9432
5168
-2797
-5452
3094
13648
13695
4353
-3334
-4245
-3838
-3291
1883
8211
4567
-8937
-16686
-9699
1063
2283
-2309
-3603
-2726
-5244
-7076
-1277
7284
7942
1638
-1077
3059
7652
7661
6306
6827
7170
5571
3351
2576
3311
3668
2962
1222
-1077
-3504
-6274
-8362
-8182
-5204
-3456
-6052
-11122
-13541
-11099
-7451
-5193
-4352
-4618
-5674
-6821
-4818
-150
3624
3962
2161
1589
2601
3856
4870
5861
6284
5165
2823
1483
2214
3305
3111
1053
-883
-1350
-1072
-834
-1502
-1824
-1517
-958
-763
-1531
-1470
-535
1685
4214
6549
6033
1507
-3333
-1763
6557
12527
9429
1457
-3430
-3695
-2991
-558
4200
5815
-1229
-11098
-12503
-4922
893
-82
-2310
-2898
-3720
-6131
-4385
2406
6837
4812
992
1009
4127
6406
7178
8125
8254
6468
4381
3358
3890
4208
3873
3032
1160
-1334
-4170
-6228
-6760
-5722
-4333
-4867
-7716
-10818
-11167
-8788
-5947
-4390
-4373
-4899
-5199
-4851
-2189
1039
3390
3569
2407
2062
2639
3779
4888
5626
4982
3363
1680
983
1628
1988
1887
890
-928
-2004
-2163
-1277
-1135
-1514
-1060
-132
-208
-1741
-2032
279
3503
5488
5839
3362
-786
-3493
376
8281
11545
6579
-1289
-5227
-4940
-2788
1331
5358
3564
-5493
-13153
-11391
-3410
1412
773
-1558
-3645
-6106
-6706
-2003
4945
7308
4104
542
562
2975
5412
7742
9360
8366
5176
2533
2070
3030
3526
3375
2251
-221
-3203
-5351
-6200
-5908
-5251
-4531
-5245
-7999
-10525
-10406
-7055
-3789
-2665
-3519
-4685
-4768
-3661
-287
3328
5551
4692
2040
995
2427
5247
7208
6764
4791
2328
749
942
1953
2827
2430
662
-1245
-2355
-2043
-1368
-1224
-811
-56
474
-728
-2033
-1715
1063
4048
6194
5919
1554
-3571
-4200
3017
10629
10038
2713
-3978
-5888
-4981
-2158
3276
6108
452
-10138
-13977
-7773
146
1739
-460
-2216
-4037
-6555
-5457
1244
7460
6818
2315
138
1884
4480
6446
8508
9466
7456
4181
2356
2618
3193
3180
2732
1448
-1373
-4536
-6027
-6101
-5286
-4893
-5258
-6463
-9431
-10969
-9383
-5669
-2438
-2567
-4327
-5224
-4728
-2170
1124
4146
5462
3923
2092
1600
3398
5921
7008
6196
4010
1816
905
1013
1667
1978
1730
367
-1744
-3203
-3267
-2034
-1059
-700
-650
-1035
-1807
-2427
-1324
1466
4383
5085
2062
-1728
-3050
791
6023
7219
3894
-533
-2871
-3462
-2843
400
3380
1617
-4862
-9303
-7068
-2143
-59
-840
-1514
-2420
-4059
-4253
-445
4467
5588
3405
2030
2805
4212
4979
6285
8119
8114
6071
3566
2392
2604
3039
3143
2411
241
-2588
-5121
-5839
-5292
-4336
-4453
-6147
-7836
-9214
-8932
-7143
-4888
-3085
-3649
-4619
-4373
-2709
-256
1469
3108
3959
3279
2557
2835
4284
5932
5851
5002
3709
2518
2006
1832
2154
2226
1732
550
-842
-1743
-1574
-839
-366
-317
-504
-906
-1696
-1932
-404
1994
3499
1891
-1202
-2814
-984
2858
4548
2982
-88
-2297
-3154
-3025
-911
1912
1801
-2234
-6526
-6358
-2840
-449
-219
-416
-655
-2068
-3485
-1832
2535
5505
4786
2951
2488
3161
3752
4469
5990
6961
6021
3632
1513
826
1381
1954
1783
482
-1767
-4197
-6083
-6353
-5332
-4208
-4527
-6134
-7999
-8817
-7888
-5653
-3262
-2532
-3524
-4278
-3590
-1206
1140
2906
3836
3555
2712
2322
3581
5585
6501
5865
4255
3063
2414
2274
2682
2726
2462
1262
-352
-1317
-1634
-973
-355
-474
-787
-1344
-1515
-1660
-1014
726
2614
2624
90
-2351
-1740
1915
4464
3591
849
-1229
-2133
-2654
-1776
1022
2360
-341
-4960
-6456
-3772
-1170
-788
-834
-508
-1166
-3156
-3092
454
4199
4634
3093
2372
3057
3628
3910
5128
6465
6335
4462
2499
1845
2057
2115
1536
685
-515
-2278
-4447
-5915
-5849
-4946
-4622
-5468
-6918
-7892
-7864
-6615
-4644
-3130
-3103
-3813
-3601
-1722
607
2219
3079
3463
3400
2957
3167
4418
5755
5918
4656
3031
2071
1807
1832
1481
994
289
-674
-1880
-2526
-2147
-1522
-1472
-1817
-1801
-1360
-1341
-929
506
2648
2982
523
-1516
-415
3270
5045
3380
1069
34
-603
-1948
-1914
863
2560
-303
-5199
-6280
-3291
-1071
-1766
-2221
-789
-395
-2260
-2954
39
3967
4533
2943
2773
4410
5292
4829
5090
6508
7031
5651
3718
2953
2954
2374
1192
125
-727
-1858
-4153
-6135
-6625
-6089
-5641
-6534
-7330
-7583
-7716
-7364
-6333
-4385
-3159
-3298
-3224
-2041
80
1553
2389
3202
3406
3299
3124
3867
5143
5486
4798
3306
2325
1837
1600
1284
812
459
-237
-1405
-2306
-2396
-1710
-1273
-1517
-1662
-1307
-1140
-797
21
1590
2185
426
-1167
-354
2894
4408
2665
466
-62
103
-778
-1165
818
2391
209
-3955
-5060
-2274
65
-637
-1567
-742
108
-738
-1316
708
3567
4163
3193
3161
4632
5390
4663
4282
5295
6357
5778
3845
2289
1970
1628
509
-804
-1530
-1990
-3643
-6074
-7287
-6770
-5933
-6140
-6887
-7141
-7297
-7448
-6656
-4569
-2657
-2507
-3117
-2594
-633
1516
2730
3315
3329
3021
2753
3448
4819
5692
5255
3558
2090
1482
1734
1998
1525
625
-505
-1500
-2196
-2343
-1793
-1308
-1393
-1821
-2048
-1787
-1053
-29
1189
1275
-343
-1536
-538
2685
4352
2567
157
-596
40
90
-222
1221
2290
344
-3457
-4576
-1887
693
188
-1178
-933
-397
-1039
-1582
296
3210
3758
2460
1717
2627
3711
3770
4102
5063
5468
4266
2319
1330
1927
2800
2181
309
-1620
-2437
-2684
-3468
-4400
-4780
-4747
-4907
-5632
-5946
-5549
-5088
-4765
-4300
-3237
-2199
-1850
-1558
-624
900
2219
2861
2921
2780
2759
3273
4191
4731
4485
3310
2034
1411
1486
1886
1660
567
-924
-2102
-2288
-1933
-1424
-1345
-1734
-2235
-2637
-2348
-1268
235
1422
870
-1054
-2149
-658
2750
4396
2797
160
-1141
-869
-440
252
1691
1886
-668
-4079
-4769
-2376
-373
-684
-1508
-1515
-1439
-1972
-1716
351
2543
2786
1983
1726
2649
3629
4074
4693
5252
5216
4123
2663
2053
2499
3067
2590
917
-1210
-2686
-3337
-3378
-3233
-3592
-4482
-5785
-6420
-6021
-5056
-4136
-3921
-3732
-3373
-2539
-1372
-476
498
1354
2308
3223
3542
3672
3519
3501
4016
4463
4584
3824
2366
1333
818
939
1068
492
-543
-2047
-2882
-2710
-2024
-1352
-1466
-1835
-2332
-2724
-2019
-197
1872
1965
-499
-2458
-1466
2253
4538
3453
926
-832
-1340
-1558
-526
1902
2770
53
-4299
-5501
-3147
-604
-99
-569
-831
-1499
-2525
-1987
581
3023
3080
1888
1633
2563
3410
3412
3774
4502
4700
3692
2010
1231
1542
2001
1670
574
-899
-2507
-3893
-4090
-3079
-2477
-3420
-5347
-6229
-5534
-4399
-3261
-2489
-2092
-2288
-2870
-2092
-178
1583
2319
2277
2719
3229
3119
2741
2754
3494
4172
4076
3226
1972
550
-410
-289
672
1330
142
-2138
-3735
-3545
-1896
-528
-53
-435
-1725
-3006
-2722
-14
3561
4158
729
-2695
-2102
2305
5425
4472
1698
-401
-1569
-2322
-1372
2148
3922
535
-5032
-6776
-3466
-169
-80
-746
-784
-1425
-3073
-3195
-28
3336
3464
1948
1421
2384
3145
2993
3553
4823
5342
4336
2139
791
1298
2394
2578
1077
-882
-2402
-3673
-4265
-3740
-2725
-3166
-5242
-7058
-6789
-5059
-3900
-3235
-3062
-3129
-3202
-2814
-1017
686
1434
1656
2014
2936
3352
3176
3104
3324
3874
4181
4003
2996
1592
333
215
1222
1782
1100
-1062
-2820
-3041
-1984
-440
560
483
-1272
-3429
-3593
-457
3908
4635
976
-3184
-3008
1297
4713
4438
2079
-21
-1781
-3116
-2167
1645
4054
1140
-4406
-6500
-3864
-731
-64
-173
-39
-994
-2904
-3004
237
3469
3803
2426
1869
2676
3247
3289
3814
4832
5393
4551
2602
979
896
1952
2446
1432
-607
-2503
-4039
-4860
-4213
-2845
-2863
-4926
-7203
-7401
-5905
-4469
-3406
-2769
-2878
-3374
-3295
-1723
309
1188
1559
2088
2756
3102
2843
2957
3478
3822
4108
3874
3342
2199
704
224
769
1780
1648
-280
-2265
-3085
-2223
-797
326
664
-617
-2828
-3722
-1197
3013
4046
1085
-2399
-2032
1279
3140
2989
2178
1088
-1165
-3461
-2052
2035
3156
-778
-5143
-5156
-2528
-1501
-1792
-910
-315
-1769
-3625
-2143
1847
3413
2057
1163
2486
4261
4120
3447
4043
5147
5648
4973
3452
2157
1530
1651
2058
1549
350
-1538
-3970
-5235
-4353
-2460
-2269
-4773
-7197
-7098
-5443
-3826
-3247
-2991
-2782
-3050
-2476
-823
823
1634
1402
1722
2773
3689
4108
3588
3015
2859
3331
4038
3754
2340
457
-721
-387
767
1105
-171
-2232
-3557
-3227
-2055
-856
-85
-730
-2280
-3064
-1303
1675
2012
-593
-2285
-84
3048
2891
608
-126
573
-617
-2604
-1125
2479
2185
-3081
-6317
-3553
-10
-761
-2676
-1370
680
-626
-2839
-1005
3051
3890
1715
1473
4123
5606
4226
3010
4114
5566
5425
4114
2883
1997
1185
843
984
499
-814
-2712
-4555
-5026
-4290
-3326
-3709
-5534
-6548
-6121
-4912
-3813
-3224
-2629
-2375
-2152
-1302
-60
1087
1718
2027
2585
3508
4201
4116
3343
2926
3472
4223
4134
3023
1600
381
-235
165
1001
763
-836
-2595
-3055
-2482
-1909
-1069
-373
-849
-2081
-2001
79
1082
-845
-2494
-138
3570
3299
-338
-2005
-267
615
-1043
-1243
1207
1642
-2234
-5493
-3525
338
250
-2392
-2552
-410
122
-1292
-957
1703
2815
1397
845
2796
4946
4569
2981
2698
3565
4453
4367
3321
1906
834
534
833
697
-160
-1702
-3820
-4960
-4219
-2577
-2305
-4332
-6442
-6478
-5086
-3450
-2415
-2267
-2640
-3160
-2263
-101
1398
1588
1150
1616
2752
3741
4335
4248
3604
2895
3058
3975
4226
3275
1711
454
15
491
1267
963
-680
-2594
-2928
-1869
-945
-364
-754
-1619
-1931
-801
534
-328
-2535
-1914
1778
3533
1191
-1799
-1524
-128
-943
-1202
1020
2525
-241
-4371
-3807
21
1302
-613
-1614
-272
405
-650
-688
1298
2365
1363
470
1424
3083
3336
2620
2075
1878
2187
2698
2640
1565
69
-528
-29
79
-492
-1670
-3172
-4336
-4531
-3354
-2295
-2983
-4844
-5993
-5341
-3701
-2210
-1550
-1665
-2186
-2223
-747
1286
2528
2509
2069
2438
3287
3991
4629
4802
4199
3145
2621
3195
3732
3038
1418
140
-278
153
525
155
-1011
-2416
-2820
-2105
-1020
-325
-715
-1507
-1380
-512
-378
-1515
-1930
465
2824
1815
-948
-1938
-642
-234
-1167
-132
1800
908
-2541
-4061
-1472
838
-40
-1147
-303
458
-469
-1218
405
2409
1982
833
1071
2228
2887
2361
2156
2344
2197
2307
2312
1758
629
-406
-400
64
-125
-1010
-2469
-3881
-4327
-3797
-2835
-2556
-3447
-4698
-5297
-4592
-2814
-1342
-1068
-1536
-1821
-1001
526
1834
2756
2853
2529
2625
3240
4216
4548
3964
3332
2938
2811
2698
2341
1813
911
47
-378
-109
132
-392
-1527
-2635
-2684
-1795
-804
-295
-721
-949
-1159
-2001
-2572
-1607
1405
2864
712
-2124
-2390
-529
148
-177
758
1626
-207
-3157
-2829
559
2095
100
-1473
-490
563
28
-70
1580
2429
894
-383
874
2871
2992
1748
1232
1648
1718
1518
1575
1518
762
-380
-793
-473
-331
-949
-2183
-3082
-3163
-2824
-2694
-2982
-3242
-3292
-3463
-3469
-2762
-1588
-943
-1109
-1196
-501
561
1231
1724
2271
2588
2656
2663
2989
3345
3202
2925
2766
2622
2243
1544
1045
923
796
359
-423
-955
-933
-749
-929
-1639
-2105
-1880
-1325
-799
-449
-177
-877
-2347
-2636
-653
1991
1945
-405
-1989
-1543
-372
49
766
1594
637
-1770
-2681
-454
1927
1526
-297
-808
-90
233
331
1307
2476
1804
239
129
1678
2958
2393
1283
1066
1302
1393
1149
802
507
-65
-819
-1182
-1053
-927
-1516
-2893
-3644
-3197
-2551
-2438
-3052
-3287
-3117
-3086
-2679
-1891
-915
-535
-743
-459
332
1145
1715
2170
2649
2875
2743
2654
2727
2904
3129
3022
2682
2079
1397
936
603
792
902
351
-600
-1349
-1015
-554
-711
-1180
-1558
-1445
-1186
-462
432
-131
-1879
-2892
-1277
1311
1484
-195
-1451
-1376
-1161
-1117
269
1791
860
-1887
-2777
-572
1540
1175
-23
-17
237
-211
-129
1422
2774
2030
417
193
1297
2106
2007
1564
1192
672
321
488
652
331
-457
-1093
-1345
-1399
-1430
-1742
-2347
-2858
-2850
-2551
-2457
-2553
-2482
-2254
-2206
-2007
-1432
-716
-300
-119
371
893
1162
1371
1942
2595
2608
2217
2225
2539
2433
2019
1942
2254
1910
885
292
529
748
347
-119
-216
-348
-903
-1124
-726
-418
-683
-1109
-907
-299
-69
-511
-1239
-1515
-843
226
598
20
-809
-1073
-843
-627
53
874
809
-330
-1317
-639
778
1140
535
193
440
579
440
742
1507
1599
899
440
704
1298
1266
917
767
560
283
-53
-86
-10
-290
-762
-1125
-1248
-1294
-1411
-1658
-1916
-2021
-1967
-1799
-1693
-1634
-1594
-1605
-1412
-985
-470
-157
-27
310
669
844
765
886
1417
1876
1931
1709
1570
1478
1359
1322
1543
1630
1184
509
201
408
508
278
-45
-271
-543
-937
-929
-564
-407
-761
-1311
-1272
-985
-944
-1138
-1191
-829
-697
-871
-926
-724
-513
-618
-562
-70
355
251
-124
-23
492
848
831
824
1023
1150
1151
1203
1461
1628
1514
1308
1247
1305
1327
1223
1054
852
565
287
59
-59
-233
-602
-1071
-1390
-1397
-1364
-1578
-1881
-2036
-2093
-2107
-2080
-1734
-1342
-1318
-1397
-1317
-846
-352
-95
259
640
917
932
818
1054
1463
1847
1959
1823
1664
1412
1172
1135
1356
1561
1299
659
195
86
156
114
16
-107
-479
-923
-1114
-869
-676
-790
-1051
-1271
-1435
-1582
-1364
-909
-752
-1039
-1362
-1272
-912
-666
-472
-275
-189
-196
-90
265
572
648
764
1022
1173
1140
1152
1466
1701
1564
1404
1454
1548
1422
1184
1117
1034
788
514
321
163
-94
-434
-705
-941
-1153
-1324
-1457
-1489
-1575
-1694
-1819
-1847
-1696
-1513
-1281
-1074
-915
-799
-691
-370
61
426
621
739
950
1120
1172
1235
1468
1709
1724
1589
1481
1379
1150
977
1026
1124
950
487
123
-49
-137
-286
-395
-446
-645
-1012
-1351
-1373
-1160
-1084
-1263
-1502
-1599
-1508
-1332
-1138
-1006
-1016
-1050
-905
-595
-285
-98
12
120
280
505
729
921
1026
1077
1141
1242
1327
1378
1403
1376
1295
1120
972
912
846
715
502
292
63
-198
-396
-529
-651
-806
-999
-1174
-1298
-1374
-1348
-1316
-1286
-1237
-1209
-1119
-978
-784
-549
-351
-157
18
157
335
540
779
1015
1156
1253
1285
1278
1295
1327
1389
1412
1338
1219
1038
818
626
507
444
326
105
-151
-373
-592
-762
-859
-877
-899
-1111
-1348
-1448
-1358
-1184
-1159
-1229
-1290
-1259
-1062
-816
-612
-490
-447
-370
-171
127
409
555
569
629
814
1062
1225
1250
1218
1205
1239
1248
1221
1147
1047
900
730
568
394
220
48
-110
-301
-525
-703
-835
-971
-1114
-1188
-1192
-1225
-1295
-1309
-1217
-1079
-983
-886
-769
-654
-529
-330
-29
207
310
351
441
634
802
937
1050
1086
1091
1068
1069
1049
1008
965
884
767
645
537
399
213
57
28
-7
-153
-360
-508
-548
-582
-635
-645
-661
-708
-776
-788
-714
-660
-607
-585
-574
-516
-443
-329
-197
-101
-48
-20
33
140
263
359
426
475
521
549
584
602
588
582
560
542
493
422
376
308
216
109
8
-68
-134
-182
-221
-288
-396
-494
-545
-537
-503
-475
-444
-455
-503
-528
-491
-358
-243
-202
-167
-131
-59
-4
47
160
246
278
272
294
374
416
418
428
442
425
353
308
364
400
341
236
175
162
106
40
44
73
18
-95
-151
-113
-92
-151
-197
-192
-168
-188
-221
-224
-219
-223
-222
-210
-187
-174
-181
-190
-191
-170
-143
-137
-139
-128
-101
-76
-56
-37
-26
-25
-25
5
58
95
91
64
51
79
126
162
161
131
93
62
87
140
168
124
37
-6
-3
21
43
45
31
-21
-63
-56
-15
24
23
9
-2
0
40
90
125
128
114
118
124
159
221
264
257
218
196
210
218
214
211
200
168
96
39
10
-15
-46
-79
-100
-151
-223
-286
-309
-318
-341
-368
-374
-378
-401
-424
-414
-369
-345
-342
-332
-300
-274
-271
-260
-198
-114
-52
-40
-57
-62
-24
57
145
198
193
177
174
223
302
345
321
262
236
279
318
318
275
216
158
120
135
164
141
46
-42
-61
-10
22
24
5
-20
-27
-30
0
52
108
142
156
175
211
255
266
285
322
357
377
374
383
367
313
277
255
249
196
101
11
-53
-86
-153
-252
-347
-433
-485
-517
-554
-596
-669
-737
-770
-765
-744
-760
-784
-779
-732
-699
-694
-698
-678
-620
-547
-454
-388
-348
-323
-292
-224
-108
6
84
131
179
256
343
432
501
553
594
645
712
767
789
778
769
775
795
809
797
756
697
655
639
624
588
530
475
435
394
360
322
288
250
204
175
164
160
141
103
76
65
56
50
47
41
21
-3
-25
-32
-41
-64
-100
-143
-183
-219
-260
-301
-342
-399
-466
-529
-581
-638
-692
-736
-777
-822
-877
-923
-951
-969
-972
-972
-970
-976
-963
-922
-856
-791
-745
-705
-650
-556
-436
-313
-216
-141
-64
31
157
290
411
497
558
624
713
806
881
924
949
971
991
1017
1036
1027
998
960
930
905
873
826
764
700
642
590
542
476
394
313
253
226
196
148
88
24
-28
-61
-69
-68
-91
-129
-162
-177
-181
-177
-177
-185
-211
-240
-249
-248
-257
-280
-311
-343
-363
-387
-423
-470
-512
-548
-581
-612
-647
-681
-713
-742
-765
-777
-785
-794
-801
-792
-772
-746
-714
-684
-646
-589
-508
-435
-378
-330
-256
-163
-51
62
146
206
250
323
432
551
629
660
688
736
793
857
903
920
903
881
885
907
904
865
812
765
724
674
625
578
517
439
371
322
279
217
150
96
57
28
-5
-42
-81
-114
-134
-136
-137
-154
-179
-197
-206
-211
-216
-220
-218
-224
-234
-246
-257
-271
-289
-303
-310
-316
-332
-350
-372
-392
-405
-407
-398
-395
-412
-432
-436
-424
-406
-392
-376
-360
-344
-320
-289
-249
-219
-199
-171
-135
-84
-40
-9
17
41
70
107
145
177
196
205
217
234
255
272
281
281
277
281
283
281
275
269
260
248
234
220
203
188
177
161
147
125
107
92
80
70
58
49
37
27
17
13
9
5
-1
-7
-12
-13
-13
-16
-22
-31
-35
-36
-41
-46
-54
-63
-69
-70
-73
-81
-94
-105
-108
-105
-107
-112
-119
-128
-134
-131
-123
-121
-125
-135
-135
-128
-114
-104
-100
-96
-94
-84
-73
-60
-48
-35
-22
-11
5
21
36
46
58
75
94
112
123
130
137
148
160
167
171
172
169
171
173
170
167
159
148
138
131
120
110
96
81
68
54
42
30
15
1
-10
-22
-33
-53
-71
-83
-92
-100
-105
-113
-122
-139
-155
-161
-159
-154
-156
-160
-164
-161
-156
-142
-131
-127
-125
-114
-96
-78
-64
-56
-41
-22
-5
8
17
28
36
39
46
58
69
67
61
54
55
57
56
54
49
42
34
34
40
39
35
30
36
44
47
51
54
60
61
69
80
87
89
89
90
94
100
103
101
94
90
86
83
80
70
58
45
36
26
17
6
-8
-21
-34
-40
-47
-60
-72
-83
-85
-91
-100
-106
-108
-107
-103
-107
-109
-109
-107
-100
-92
-85
-84
-79
-74
-66
-60
-52
-43
-32
-24
-24
-18
-9
-3
3
6
14
18
19
24
28
31
29
29
29
30
29
24
17
15
14
15
13
10
6
4
2
4
8
9
13
18
24
27
27
32
36
42
49
57
59
60
59
61
67
68
66
63
60
55
49
44
39
32
23
20
15
6
-6
-12
-15
-21
-30
-36
-37
-39
-42
-47
-51
-53
-54
-54
-53
-51
-49
-46
-39
-39
-37
-36
-29
-22
-18
-12
-6
-3
2
9
14
20
19
19
22
26
31
32
26
20
19
21
22
17
7
-3
-7
-7
-10
-19
-27
-34
-37
-40
-43
-44
-45
-47
-49
-47
-46
-41
-39
-32
-24
-21
-15
-10
0
9
17
25
29
31
35
42
47
50
51
52
52
50
49
49
44
41
39
34
32
26
23
22
15
12
6
5
2
0
-2
-7
-9
-8
-10
-11
-13
-18
-17
-14
-13
-12
-13
-16
-16
-12
-7
-6
-7
-8
-5
-3
0
3
2
-1
0
3
9
10
9
7
4
2
2
6
7
4
0
0
-3
-7
-8
-11
-11
-14
-18
-21
-23
-22
-21
-24
-27
-27
-25
-24
-23
-20
-18
-20
-16
-12
-7
-7
-6
-1
1
5
7
8
9
9
10
12
11
8
6
7
10
7
5
3
1
0
0
-2
0
-2
-4
-6
-8
-6
-4
-1
-2
-1
0
3
4
4
6
11
14
15
13
13
15
16
18
18
19
18
17
17
16
13
12
14
15
14
11
11
10
10
7
4
8
6
5
4
3
2
1
2
2
0
-1
-3
-3
-4
-8
-10
-11
-12
-11
-13
-15
-16
-15
-16
-18
-18
-18
-17
-17
-15
-14
-11
-9
-7
-6
-6
-5
-3
0
1
0
0
1
2
4
1
0
-3
-4
-3
-2
-1
-4
-7
-10
-10
-10
-8
-9
-10
-12
-13
-10
-7
-7
-6
-4
-4
-2
-1
0
2
4
8
8
11
14
15
15
18
20
20
20
22
24
26
26
27
28
27
24
24
25
25
23
18
16
14
12
8
6
3
1
-2
-3
-6
-10
-14
-14
-16
-16
-19
-20
-21
-22
-21
-23
-21
-21
-19
-17
-17
-17
-17
-15
-12
-10
-9
-7
-4
-1
-3
-3
0
1
2
3
2
1
1
2
2
3
2
1
-1
-2
1
0
-1
0
0
0
-2
-3
-3
-2
-2
-1
-2
0
0
0
1
1
1
2
4
7
7
6
9
9
7
8
10
8
7
6
6
5
4
2
0
-1
-1
-2
-3
-5
-6
-5
-5
-3
-3
-3
-2
-1
0
2
2
4
6
4
5
4
4
2
3
3
3
1
0
0
0
0
-2
-4
-4
-6
-7
-7
-5
-3
-4
-4
-5
-4
-3
-3
-1
-4
-4
-3
-1
0
-1
-3
-4
-3
-2
-2
-1
-2
-1
-1
0
0
-1
2
1
2
0
1
5
5
7
7
8
9
10
11
11
10
10
9
9
9
9
9
7
5
3
0
1
0
-1
-2
-2
-5
-7
-8
-7
-4
-6
-6
-7
-5
-5
-3
-4
-5
-4
-3
-1
-3
-2
-2
-4
-4
-2
-1
0
-2
-2
-3
-2
-2
-1
-1
-1
-3
-2
-1
1
0
-2
-2
-1
1
1
1
-1
0
0
1
0
-1
-1
-3
0
-2
-3
-3
-1
0
-2
-3
-5
-3
0
2
2
1
1
3
1
2
3
4
5
4
5
5
6
9
10
10
8
7
9
9
11
12
12
10
9
9
7
5
3
0
0
-1
-1
-2
-6
-8
-11
-11
-12
-13
-15
-14
-13
-13
-11
-10
-8
-7
-6
-3
0
0
2
2
5
8
11
13
13
13
12
14
14
14
15
14
12
12
13
9
5
3
4
1
-2
-4
-6
-8
-11
-13
-12
-14
-11
-14
-16
-16
-17
-14
-13
-13
-13
-11
-11
-11
-7
-7
-6
-2
2
2
1
0
2
3
4
4
4
4
2
4
4
3
3
4
4
2
1
2
0
1
2
2
2
5
4
2
3
3
4
5
6
5
6
5
4
4
3
4
4
3
3
4
3
2
2
1
-1
0
-1
-1
0
1
0
-2
-2
-2
0
0
-3
-6
-2
-2
-2
-4
-3
-4
-5
-6
-6
-5
-7
-8
-6
-5
-5
-5
-6
-3
-4
-5
-5
-3
0
-1
-1
0
0
0
0
1
2
1
1
1
2
4
6
4
1
1
2
3
4
4
0
-1
1
1
-1
0
1
1
1
-2
-1
1
1
0
1
0
3
3
3
5
3
3
3
4
2
2
5
4
1
0
1
1
-1
-1
0
1
2
0
1
-2
-1
1
1
1
-1
-1
-1
0
1
1
-1
-3
0
0
-2
-4
-2
-3
-3
-2
-5
-5
-5
-3
-3
-4
-3
-2
0
0
0
0
2
2
0
-1
2
3
2
2
3
4
2
3
1
0
0
0
-1
-2
1
0
0
1
-2
-3
-4
-3
-4
-7
-3
-1
-4
-7
-5
-3
-2
-3
-5
-5
-4
-2
-2
1
1
0
1
2
2
1
0
5
6
6
6
6
7
6
5
5
6
7
7
5
2
2
2
3
4
2
0
1
1
0
-2
-2
-4
-2
0
1
-1
-5
-4
-4
-3
-3
-5
-5
-3
-3
-4
-3
-2
-2
-4
-2
0
-1
-1
1
2
2
1
3
6
5
6
4
5
5
5
5
4
3
2
4
1
-1
-3
-3
-4
-5
-5
-3
0
-2
-4
-4
-3
-1
-1
-1
0
0
0
4
2
0
1
1
1
0
0
1
0
-2
-2
-2
-2
-4
-5
-5
-5
-5
-7
-7
-6
-4
-4
-2
-4
-4
-2
0
2
2
1
0
1
3
6
5
3
4
3
4
6
5
4
3
1
1
0
-1
0
1
0
0
0
0
0
0
0
1
0
2
2
0
0
3
6
5
2
2
3
3
1
2
4
4
2
0
0
-2
-2
-3
-4
-4
-3
-3
-4
-5
-5
-8
-7
-5
-3
-4
-6
-6
-5
-2
-2
0
-1
-1
-1
0
2
0
-1
1
4
5
3
1
0
4
4
2
-1
0
0
0
0
-1
-1
-3
-1
-3
-2
-2
-2
-3
-3
-2
-1
1
1
1
0
0
2
3
6
4
5
5
7
7
5
7
10
9
6
4
4
7
6
4
2
2
0
-1
-4
-5
-4
-3
-3
-6
-8
-9
-7
-5
-8
-11
-12
-11
-11
-11
-9
-9
-9
-9
-8
-8
-8
-4
-2
0
0
3
6
5
9
12
14
14
16
15
16
17
17
18
16
16
14
12
10
9
5
2
0
-3
-4
-6
-8
-12
-13
-15
-15
-15
-14
-14
-12
-11
-8
-7
-5
-1
0
1
4
8
11
9
8
10
12
12
8
5
7
4
2
-1
-3
-8
-10
-13
-16
-18
-21
-21
-23
-24
-25
-26
-24
-24
-23
-23
-18
-15
-11
-8
-5
-2
0
4
9
14
18
23
26
27
29
33
36
35
33
32
32
34
33
28
22
19
16
12
9
3
-1
-2
-6
-10
-14
-17
-20
-24
-24
-25
-27
-26
-23
-19
-17
-15
-10
-8
-3
-1
3
7
11
13
14
16
19
20
20
21
20
18
12
9
4
2
-1
-4
-7
-12
-18
-21
-25
-28
-29
-28
-28
-29
-29
-27
-26
-23
-20
-18
-13
-10
-6
-2
1
5
8
11
14
17
19
19
19
20
22
22
21
20
19
17
17
17
15
12
9
9
8
6
4
1
0
-2
-3
-3
-5
-6
-5
-6
-7
-5
-4
-3
-2
-3
-1
2
2
0
1
2
4
4
2
1
0
-1
2
0
-2
-4
-4
-5
-6
-8
-9
-10
-10
-10
-10
-8
-8
-8
-8
-7
-5
-5
-6
-4
-1
1
0
0
0
4
2
1
0
0
3
5
3
2
2
2
1
3
2
1
0
0
1
2
3
2
1
1
1
1
2
3
3
5
4
2
2
3
3
1
1
0
2
3
2
0
-1
0
0
-2
0
0
-2
-3
-2
-1
-2
-3
-2
-1
-1
-3
-3
-4
-3
-1
-1
-1
-2
-2
-1
-2
-1
-1
-1
-2
-2
-1
0
0
0
0
0
3
2
0
3
4
4
4
1
1
3
5
4
1
4
4
2
2
2
1
0
0
-1
-1
-1
-1
-1
-3
-2
-1
-3
-1
-2
-4
-4
-3
-1
-1
0
0
0
0
-1
0
2
2
2
0
0
3
4
3
3
2
2
3
6
2
0
2
2
-1
-2
0
0
-1
-2
-2
-2
-4
-3
-3
-4
-3
-4
-3
-1
-2
-3
-2
0
0
-1
-2
-1
3
1
0
0
0
1
1
0
0
2
2
3
2
0
1
0
2
3
2
0
0
3
1
1
3
0
1
1
2
1
0
0
0
0
0
3
1
0
-1
-2
-2
0
-1
-3
-1
0
0
1
0
-1
-4
-2
-1
0
-2
-2
0
1
-1
-1
-1
0
-1
-2
1
0
1
0
2
0
-1
0
-1
0
0
0
-2
-2
0
0
-1
0
1
1
-1
-1
0
0
0
0
0
2
1
1
2
0
2
1
2
3
2
1
3
4
1
0
2
2
1
2
2
0
-2
1
1
-1
0
-3
-4
-5
-3
-1
-4
-3
-4
-4
-5
-3
-2
-4
-3
-2
-1
0
0
-1
1
0
-1
0
0
1
2
1
1
4
3
0
0
0
0
1
1
1
1
0
0
0
0
1
1
1
0
1
0
-2
-2
0
-1
-1
0
1
-1
-2
-1
2
0
-1
-2
-1
3
5
1
0
2
3
1
1
3
1
1
0
0
0
1
1
0
-2
-2
2
2
0
-3
-2
2
2
2
0
0
0
1
0
0
2
0
1
-1
0
0
-2
0
0
-1
-1
0
-2
-4
-3
-2
-1
-2
-2
-2
0
0
0
0
-1
0
1
2
3
1
1
0
0
1
1
2
1
-1
-2
0
0
-3
-1
1
0
0
-3
-3
-1
0
-1
-2
-1
0
2
0
-2
-1
0
2
3
2
-1
0
2
2
0
1
0
1
2
2
0
-1
-1
0
-1
-1
0
0
-1
-1
0
1
0
-1
-1
0
0
0
2
1
0
0
1
2
1
0
0
0
2
1
2
0
2
2
0
1
0
2
2
2
0
0
2
3
1
0
0
2
1
-1
-2
-2
0
0
0
-2
-3
-1
-2
-3
-3
-2
-2
-2
-2
-2
-3
-3
-2
0
0
-1
-1
0
-1
0
-1
-1
1
1
0
0
0
0
0
0
0
0
2
2
1
1
1
3
1
0
2
1
1
1
0
1
-1
0
-1
0
0
1
1
0
0
-1
-1
-1
-1
0
0
0
1
2
1
0
1
2
0
0
0
1
1
0
1
-2
-1
0
0
-1
-2
-2
0
-1
0
1
0
-1
0
-1
-1
0
0
2
1
2
0
1
1
0
0
1
1
-1
0
-1
0
-1
-2
-2
-1
-1
-1
0
-1
0
-1
-2
0
0
-1
-1
2
1
0
1
0
0
1
3
1
0
0
0
2
1
1
0
1
-1
0
-1
-1
-2
0
0
0
0
0
0
0
0
0
0
0
0
1
0
0
0
1
2
1
0
0
0
1
0
-1
-1
-1
-2
-1
-1
-1
-2
-1
-1
-1
0
-1
1
1
0
1
-1
0
2
0
0
0
0
0
0
0
1
0
0
-1
1
2
1
0
0
1
1
0
0
0
1
1
-1
1
0
-1
-2
0
1
0
0
-1
0
0
0
0
0
0
1
1
0
0
0
0
0
0
-1
-2
-1
-1
-1
-2
0
-1
-1
-3
-2
-1
0
0
0
-1
-1
0
-1
-1
1
0
0
0
1
0
1
0
1
0
0
0
0
1
0
1
0
0
-1
0
0
0
0
0
-1
0
0
-1
0
0
0
0
0
0
0
0
0
0
1
0
1
1
0
1
0
1
0
0
0
2
1
1
0
1
1
2
1
0
0
0
2
2
0
-1
0
0
0
0
-1
-1
0
0
-1
0
-1
-1
0
0
0
0
-1
0
0
0
0
0
-1
-1
-1
0
0
0
0
0
0
1
0
-1
0
0
0
0
0
0
0
0
0
0
0
-1
0
-1
0
0
0
1
0
0
0
0
1
-1
1
0
0
0
0
0
0
0
0
0
-1
-1
0
0
-1
-2
-1
-2
-1
0
-1
-1
-1
-2
-2
0
1
0
0
0
1
0
0
-1
2
1
0
0
0
1
1
-1
-2
0
1
1
-2
-2
1
0
-1
0
0
1
1
0
1
0
2
3
3
2
2
3
4
1
0
1
2
1
1
0
1
1
0
-1
1
-1
-4
-2
-1
0
-2
-2
0
1
0
0
-2
0
1
1
0
0
0
1
1
0
-1
0
1
0
-1
-2
0
0
0
0
0
-3
-3
-2
-1
0
-2
-4
-2
-2
-3
-2
1
-2
-3
-4
0
1
-2
-2
-1
1
0
0
1
1
1
2
3
2
3
1
1
2
4
3
1
0
4
3
0
1
1
1
1
0
2
1
0
-1
0
0
1
1
-1
1
-1
0
-2
-2
-1
1
0
-2
1
0
-1
-2
1
-1
-1
-1
2
1
-3
-1
2
2
-1
-1
0
2
2
0
0
-1
1
2
1
1
-1
0
2
0
0
-1
1
1
0
0
0
0
0
1
0
0
0
-1
0
1
-1
-2
-1
0
2
-1
-1
0
0
0
0
0
1
0
0
-1
-2
0
0
0
-1
-2
0
1
-2
-2
1
2
0
0
0
2
0
0
1
1
2
1
1
-2
-1
0
1
3
1
-1
-2
-2
0
-1
0
0
0
0
-1
-1
0
1
0
0
0
0
1
1
1
0
0
1
2
-1
0
0
1
0
-1
-1
0
0
0
-1
0
0
-1
1
0
1
0
1
0
0
-1
0
2
0
0
1
0
0
-1
0
0
0
0
-2
-1
0
1
-1
0
-1
0
0
-1
0
0
0
0
-1
0
0
0
0
1
1
0
-1
0
1
0
0
0
-1
0
0
0
0
0
0
-1
0
0
0
0
0
0
-1
0
-1
0
0
0
0
1
0
0
0
0
0
0
0
0
1
-1
-1
0
1
0
0
0
0
1
0
-2
0
1
0
0
-1
0
0
0
0
-1
-1
0
0
1
1
0
-1
1
0
