SAMPLES:	11877
BITSPERSAMPLE:	16
CHANNELS:	1
SAMPLERATE:	16000
NORMALIZED:	FALSE
0
0
0
3
1
1
0
0
3
2
1
1
1
1
-1
0
0
0
1
0
0
0
0
-1
0
-1
-1
-1
-1
-2
-2
-3
-1
-2
-2
0
0
0
0
0
2
2
3
3
4
5
4
4
5
3
4
3
1
0
0
-1
-1
-3
-4
-5
-6
-4
-4
-6
-4
-3
-2
-2
-2
0
2
5
5
7
8
10
9
5
4
4
2
0
-1
-1
-3
-4
-5
-7
-8
-8
-7
-7
-4
-3
-3
-1
0
2
3
4
5
6
8
5
5
5
5
4
3
3
2
-2
-4
-4
-5
-5
-7
-6
-5
-4
-5
-6
-3
-1
0
0
2
3
1
2
3
3
2
2
2
1
-2
-3
-2
-1
0
-1
-1
-2
-1
-1
-3
-2
-1
0
1
1
2
2
3
1
0
1
0
1
1
1
1
0
-1
-1
-1
-2
-1
0
-2
-1
-1
0
-2
-2
-2
-3
-2
-3
-1
-2
-1
0
1
0
0
0
1
1
0
0
0
0
-1
-2
-2
-1
0
-1
0
0
0
-1
-1
-1
0
-1
0
1
2
1
0
1
0
1
2
2
0
0
0
0
0
-1
-2
-2
-1
-2
-3
-2
0
1
0
0
-1
0
2
1
2
2
1
2
1
2
3
1
1
1
0
1
-1
-1
-1
-3
-3
-3
-2
-2
-2
-1
0
1
0
1
2
3
2
4
5
4
4
3
5
4
2
0
0
0
0
-3
-4
-4
-4
-4
-5
-5
-5
-3
-4
-3
-1
1
1
2
2
3
4
4
4
2
2
2
2
2
1
1
0
1
-2
-2
-3
-3
-2
-2
-1
0
-1
-1
-1
0
0
0
0
0
1
1
0
-1
0
-1
-3
-1
-3
-4
-4
-5
-5
-4
-4
-4
-3
0
0
-1
-2
-1
0
0
0
0
0
0
0
0
-2
-2
-1
-1
-2
-4
-3
-1
-2
-2
-3
-1
0
0
1
4
3
3
2
2
2
3
3
2
1
-1
-2
-2
-1
-2
-2
-2
-4
-4
-4
-3
-3
-3
-1
0
0
0
0
0
1
3
4
4
4
3
2
2
2
3
1
0
-1
-1
0
-1
-3
-4
-3
-4
-5
-5
-5
-4
-4
-3
-2
0
0
0
0
1
1
1
3
4
3
2
2
4
2
1
1
0
-1
-2
0
-1
-2
-2
-3
-3
-3
-3
-4
-3
-3
-3
-2
-1
-1
0
0
0
0
-1
1
-1
0
0
1
1
0
1
2
2
0
1
-1
-1
0
0
0
0
0
0
0
-2
-2
-2
-3
-2
-3
0
0
0
0
0
0
-1
0
1
3
3
4
4
4
4
1
1
2
2
1
1
1
-1
-2
-1
-1
-2
-2
-1
-1
-1
0
0
0
0
2
3
3
3
3
3
4
4
4
5
4
4
2
1
0
0
-1
-1
-1
-1
-3
-3
-3
-3
-3
-2
-1
0
0
1
0
-1
0
1
2
1
4
2
2
1
1
1
0
1
0
0
0
1
1
0
0
2
3
2
1
1
2
3
3
1
1
1
1
1
0
1
2
0
0
-1
-1
0
-1
-2
-1
-1
0
-3
-1
0
0
-1
-2
0
1
0
1
0
1
1
1
1
1
1
3
2
1
1
0
0
1
0
0
0
-1
-2
-2
-3
-3
-1
-2
0
0
0
0
0
1
2
3
4
4
4
4
1
2
0
0
0
-1
-1
0
-1
-2
-5
-7
-6
-4
-3
-4
-3
-2
-2
1
-1
0
0
1
1
1
2
2
3
4
1
1
0
0
-1
-1
-1
0
-3
-3
-3
-4
-5
-6
-3
-3
-3
-3
-1
-1
-1
0
1
1
0
1
0
0
2
2
1
1
0
0
0
0
-2
-3
-3
-2
-1
-2
-1
-1
-1
-2
-1
0
0
-1
-1
1
2
-1
1
3
1
0
1
1
0
-1
0
-1
0
1
0
-1
-1
1
0
0
0
0
0
-1
0
1
1
0
2
2
1
2
0
1
1
1
0
0
-1
1
-1
-1
0
0
0
0
-1
0
-3
-2
0
0
1
0
0
3
0
0
1
0
1
1
2
2
1
0
0
1
0
1
2
3
3
1
0
0
2
2
1
0
-1
0
-1
-2
0
-1
-1
0
0
0
-1
0
0
1
0
0
0
2
1
1
1
0
0
1
0
0
1
0
0
-2
-3
-2
-1
-3
-1
0
1
1
0
0
1
2
2
2
2
4
6
6
2
2
0
1
0
-2
-1
0
0
-1
-2
-3
-1
0
-1
-2
-1
0
0
2
2
3
3
2
3
2
1
1
2
2
1
1
-3
-3
-3
-3
-3
-3
-3
-5
-5
0
0
-1
0
-1
1
3
5
5
5
5
7
7
5
2
0
1
-1
-1
-3
-3
-2
-5
-6
-6
-4
-3
-3
-2
-2
-1
-1
-1
1
1
2
3
4
4
2
2
4
3
1
1
0
0
1
-1
0
-1
-1
-1
-1
2
1
0
0
0
1
1
1
0
2
1
0
-1
0
0
-1
-2
-3
-2
-3
-6
-4
-4
-3
-2
-4
-5
-4
-3
-2
-1
1
3
3
1
0
0
1
2
3
3
3
2
0
1
0
0
0
-2
0
-2
-1
0
-2
-4
-4
-3
-3
-4
-3
-1
-1
0
-1
-1
-1
1
1
0
1
2
1
1
0
0
1
0
0
-4
-4
-2
-4
-4
-5
-3
-4
-5
-5
-4
-6
-4
-1
-2
-2
-1
1
3
0
-1
0
0
3
2
3
1
0
1
1
0
-1
-3
-2
-1
-4
-5
-6
-5
-4
-4
-4
-5
-3
-1
-1
-2
-1
0
1
0
2
2
3
3
3
2
3
2
2
0
0
0
0
-1
-2
-3
-5
-2
-1
-3
-2
-2
-1
0
0
0
0
4
5
4
5
5
6
5
2
3
3
2
1
1
0
0
-1
0
-2
-1
-1
0
0
0
-1
0
1
1
2
3
5
4
3
3
4
3
1
2
0
1
0
1
-1
-1
-1
-1
-1
-1
0
-1
-1
-1
1
1
2
2
2
3
3
2
3
2
3
0
1
1
0
0
-1
1
0
0
-1
-1
-1
0
0
0
0
1
2
1
0
1
3
2
2
2
3
2
2
1
0
-1
1
1
0
1
1
0
0
0
1
0
1
0
2
1
0
1
1
1
2
2
1
1
1
2
2
2
1
1
0
1
0
1
0
-1
0
-2
-1
-2
-1
-1
-2
-1
-2
0
1
0
1
1
1
0
1
1
0
0
1
1
0
-1
0
1
0
-3
-2
-3
-5
-4
-3
-2
-2
-3
-2
-1
-1
0
0
2
2
2
4
5
5
4
4
3
2
3
3
2
1
0
1
-1
-3
-5
-4
-6
-6
-8
-10
-9
-8
-6
-6
-6
-6
-3
-1
-1
0
1
4
7
7
9
9
9
8
8
8
6
5
5
3
2
-2
-3
-4
-6
-7
-7
-6
-5
-5
-4
-4
-2
-1
0
0
1
2
5
8
6
3
2
2
0
0
-3
-5
-4
-8
-10
-13
-12
-12
-12
-13
-13
-10
-9
-8
-6
-3
0
4
7
10
9
8
10
13
12
10
9
9
6
2
1
-1
-4
-7
-7
-5
-6
-8
-10
-8
-9
-9
-8
-5
-4
-3
-1
-1
0
-1
1
0
0
-1
-2
1
0
0
0
0
1
0
0
1
-1
-1
0
0
1
1
2
0
0
0
0
0
0
0
-1
-1
-4
-5
-6
-4
0
-1
-1
-1
0
-1
1
2
5
5
6
10
9
10
8
8
8
5
4
2
1
-1
-2
-3
-5
-7
-8
-11
-9
-9
-9
-9
-8
-7
-5
-4
-2
0
1
2
3
3
4
6
6
5
5
5
6
6
5
4
5
5
3
3
1
0
1
4
4
3
2
4
6
6
6
6
9
11
10
10
10
11
10
7
5
4
5
5
3
0
-1
-1
-4
-5
-5
-7
-7
-7
-7
-6
-5
-5
-4
-5
-2
0
1
2
4
6
3
5
4
5
2
0
1
1
1
1
0
1
2
5
7
9
11
13
14
16
15
15
15
19
21
19
16
16
11
8
6
5
5
0
-5
-7
-7
-10
-12
-16
-16
-13
-15
-15
-18
-15
-15
-19
-20
-20
-19
-17
-14
-13
-13
-12
-8
-5
-5
-4
-4
-1
1
4
6
6
11
14
14
13
13
12
10
11
9
7
4
6
4
-1
-3
-6
-6
-7
-7
-5
-4
-5
-5
-5
-6
-5
-7
-5
-5
0
0
0
-1
0
0
0
-4
-3
0
1
3
-1
0
2
5
8
11
10
8
8
10
12
12
9
7
9
6
2
-4
-10
-12
-16
-22
-28
-32
-29
-26
-29
-31
-34
-36
-30
-27
-21
-18
-9
-3
0
7
11
19
18
20
26
32
32
30
28
26
23
12
7
3
-1
-6
-17
-18
-22
-26
-30
-33
-31
-30
-27
-21
-18
-11
-4
0
6
15
23
27
28
31
38
40
36
33
34
35
30
26
26
20
15
9
6
2
-2
-4
-8
-13
-15
-13
-12
-11
-21
-32
-36
-37
-54
-79
-101
-113
-116
-131
-148
-164
-170
-160
-155
-132
-96
-53
-5
32
73
114
163
214
243
262
271
293
298
288
260
224
207
173
143
100
65
29
1
-17
-26
-26
-38
-22
-27
-23
-27
-18
42
102
145
113
75
69
78
80
29
-1
-7
2
13
-3
15
27
22
-25
-88
-48
20
28
-72
-173
-213
-263
-369
-528
-659
-787
-924
-1053
-1113
-1155
-1199
-1252
-1301
-1287
-1268
-1161
-1082
-967
-805
-611
-368
-191
53
339
686
992
1206
1420
1598
1764
1817
1824
1808
1756
1648
1467
1268
1059
886
670
439
248
114
23
-51
-78
-42
14
15
56
116
187
195
107
47
1
-77
-233
-424
-561
-630
-729
-844
-866
-825
-756
-717
-616
-377
-140
69
246
513
886
1206
1390
1467
1590
1714
1732
1617
1448
1254
995
710
399
139
-151
-438
-695
-940
-1082
-1210
-1285
-1341
-1341
-1264
-1185
-1045
-957
-844
-751
-725
-697
-709
-701
-815
-1037
-1255
-1399
-1469
-1605
-1755
-1884
-1979
-2028
-1978
-1801
-1536
-1254
-924
-558
-182
243
660
1082
1419
1732
2056
2341
2554
2599
2619
2629
2606
2466
2210
1999
1836
1669
1402
1137
922
744
543
334
229
141
64
-85
-241
-339
-374
-372
-441
-583
-744
-812
-898
-1048
-1214
-1286
-1214
-1176
-1195
-1207
-1088
-911
-794
-664
-434
-134
71
191
321
484
558
493
394
312
212
-24
-305
-614
-912
-1217
-1539
-1841
-2160
-2408
-2561
-2598
-2631
-2615
-2490
-2192
-1781
-1369
-901
-358
374
1158
1870
2499
3113
3850
4498
4946
5191
5414
5651
5661
5380
4842
4360
3801
2982
1867
642
-378
-1387
-2495
-3680
-4534
-5057
-5507
-5950
-6104
-5641
-5035
-4512
-3998
-3016
-1653
-446
588
1674
3069
4308
5123
5701
6287
6763
6668
6122
5446
4779
3783
2330
702
-801
-2138
-3647
-5186
-6561
-7496
-8106
-8607
-8900
-8858
-8256
-7425
-6529
-5565
-4264
-2646
-1188
85
1228
2624
3970
4897
5522
5981
6567
6820
6681
6275
5865
5468
4674
3737
2817
2149
1368
442
-264
-594
-635
-831
-915
-716
-211
220
491
879
1330
1535
1264
860
522
70
-891
-2027
-2982
-3739
-4619
-5547
-5899
-5822
-5708
-5724
-5233
-3999
-2697
-1797
-973
533
2456
3966
4802
5699
7072
8321
8735
8462
8368
8370
7820
6337
4525
3041
1548
-404
-2889
-5166
-6853
-8292
-9776
-11185
-11892
-11889
-11543
-11061
-10235
-8768
-6997
-5265
-3738
-2016
-28
1779
3073
3922
4964
6017
6667
6717
6600
6761
6769
6324
5557
5015
4634
3954
2991
2165
1710
1269
728
258
207
360
540
846
1354
2065
2510
2901
3351
3778
3712
3010
2253
1501
473
-1261
-3101
-4556
-5813
-7285
-8783
-9394
-9356
-9176
-9076
-8322
-6636
-4842
-3315
-1824
284
2551
4327
5610
6896
8318
9281
9491
9305
9173
8843
7887
6345
4784
3322
1716
-253
-2271
-3970
-5500
-6916
-8267
-9178
-9727
-10086
-10200
-10005
-9281
-8431
-7518
-6472
-5205
-3746
-2432
-1193
62
1418
2646
3626
4485
5398
6287
6820
7116
7266
7373
7177
6660
6038
5264
4371
3298
2304
1440
673
24
-378
-469
-317
58
650
1373
2026
2656
3234
3776
3801
3353
2675
1927
1051
-475
-2245
-3972
-5245
-6430
-7762
-8808
-9302
-9130
-8962
-8566
-7703
-6218
-4499
-2978
-1200
918
3255
5187
6800
8470
10146
11339
11690
11737
11682
11257
9927
7898
5897
3971
1670
-1263
-4148
-6332
-8104
-10023
-11909
-13016
-13209
-13079
-12997
-12494
-11156
-9359
-7728
-6340
-4583
-2441
-452
997
2217
3687
5111
6130
6667
7202
7742
7966
7693
7175
6720
5993
4888
3405
2064
889
-455
-1864
-3125
-3676
-3763
-3680
-3390
-2627
-1144
586
2226
3596
4989
6394
7513
7818
7388
6729
5879
4710
2574
301
-1738
-3495
-5329
-7532
-8927
-9614
-9838
-10239
-10386
-9456
-8046
-6593
-5405
-3605
-1048
1379
3359
5056
7341
9785
11512
12446
13071
13916
14146
13187
11354
9462
7542
4887
1357
-2207
-5051
-7648
-10342
-13004
-14577
-15107
-15223
-15083
-14417
-12613
-10453
-8382
-6445
-4182
-1661
377
1813
2970
4238
5212
5644
5640
5736
5955
5899
5493
4916
4527
4117
3449
2526
1537
629
-264
-1193
-2076
-2756
-3045
-2984
-2625
-1991
-966
554
2112
3546
4778
5994
7045
7318
6851
5986
5035
3725
1600
-817
-2820
-4388
-5921
-7706
-8819
-8930
-8501
-8143
-7763
-6498
-4684
-2947
-1754
-378
1573
3500
4795
5603
6866
8378
9557
9914
10184
10819
11101
10564
9081
7689
6295
4280
1465
-1697
-4194
-6391
-8681
-11061
-12743
-13315
-13379
-13296
-12873
-11505
-9594
-7656
-6034
-4271
-2185
-385
996
1860
2902
3874
4469
4799
4986
5428
5664
5742
5712
5626
5413
4833
4042
3095
2044
767
-701
-2109
-3244
-4089
-4706
-4937
-4613
-3747
-2454
-815
1084
2901
4479
5833
7037
7570
7060
5931
4713
3328
962
-1718
-3854
-5175
-6628
-8413
-9011
-8453
-7383
-7021
-6295
-4349
-2279
-798
-174
1168
2859
3976
4465
4923
6167
7250
7886
8266
9023
10050
10333
9768
8626
7621
6416
4250
1191
-2030
-4432
-6555
-8976
-11437
-12950
-13115
-12933
-12688
-12095
-10412
-8186
-6383
-5003
-3530
-1461
134
897
1189
1972
3097
3576
3632
3793
4732
5445
5612
5601
5810
6141
5617
4618
3519
2624
1466
-236
-1896
-2969
-3433
-3732
-3828
-3355
-2015
-280
1552
3256
4950
6487
7735
8411
7988
6895
5423
4104
1945
-1121
-3845
-5573
-6648
-8575
-10158
-10145
-8950
-8175
-8152
-6965
-4639
-2686
-2085
-1482
267
2058
2789
2905
3902
5583
6835
7324
7870
9121
10228
10417
9625
8708
7960
6570
4110
953
-1725
-3795
-6119
-8808
-10943
-11643
-11631
-11863
-12007
-10903
-8760
-7024
-6031
-4943
-2903
-970
-126
69
588
1837
2540
2417
2305
2937
3878
3891
3478
3626
4327
4419
3387
2523
2400
2314
1247
-240
-796
-614
-561
-1058
-917
323
1824
2930
3812
5407
6936
7726
7910
8017
7861
6538
4629
2924
1205
-1403
-4203
-6011
-7014
-8575
-10269
-10383
-9335
-8695
-8933
-7884
-5469
-3663
-3245
-2622
-453
1334
1802
2028
3460
5259
5960
6226
7161
8699
9427
9178
8765
8645
8162
6447
4093
1742
-307
-2591
-5384
-7941
-9828
-10778
-11493
-12120
-12193
-11275
-9643
-8370
-7337
-6075
-4005
-2229
-1366
-965
-215
1340
2148
2260
2307
3398
4740
4820
4636
5182
6504
6602
5476
4807
5030
4824
3103
1434
776
661
-111
-1047
-980
-45
1198
1916
2998
4594
6264
7275
7450
7891
7743
6681
4659
2903
1293
-1451
-4359
-6446
-7319
-8820
-10554
-10845
-9624
-8566
-8795
-7996
-5696
-3440
-2965
-2742
-887
1003
1803
1706
2790
4681
5827
6380
6994
8532
9898
10366
10026
9493
9120
8032
5700
2593
-47
-2378
-5363
-8838
-11537
-12698
-13536
-14629
-14990
-14003
-12269
-11053
-9904
-7867
-5587
-3884
-2816
-1535
75
1384
2308
3181
4202
5368
6375
7017
7520
8069
8666
8585
7803
6895
6075
5049
3387
1642
294
-591
-1222
-1725
-1750
-1062
182
1559
2868
4387
5938
6967
7426
7533
7110
5726
3884
2231
156
-2638
-5189
-6522
-7506
-9247
-10372
-9715
-8297
-7998
-8013
-6325
-3883
-2697
-2702
-1662
443
1595
1415
1700
3432
4862
5133
5300
6478
8020
8520
8272
8074
8038
7506
5876
3524
1263
-711
-2888
-5739
-8526
-10148
-10907
-11617
-12412
-12319
-11040
-9597
-8505
-7427
-5627
-3528
-2093
-1354
-534
1061
2528
3087
3195
3975
5391
6197
6074
5951
6621
7159
6586
5307
4570
4244
3132
1309
-25
-504
-998
-1786
-1990
-1221
-167
776
1821
3594
5226
6257
6820
7333
7641
6588
4994
3451
2040
-441
-3439
-5348
-6408
-7831
-9872
-10374
-9483
-8695
-8872
-8345
-6163
-4159
-3221
-2663
-856
1290
2353
2670
3709
5571
6700
6890
7163
8423
9471
9364
8667
8081
7736
6557
4419
1846
-679
-2809
-5263
-7962
-10282
-11562
-12023
-12695
-12840
-11849
-10004
-8561
-7545
-5657
-3305
-1447
-566
370
1605
2660
3284
3452
3825
4371
4971
5177
5157
5528
6000
5895
5126
4660
4504
3768
2138
711
157
-402
-1495
-2491
-2311
-1515
-815
-256
969
2705
4088
4878
5452
6305
6299
5246
3562
2430
1040
-1650
-4464
-6312
-7061
-8826
-10670
-10893
-9751
-9073
-9252
-7946
-5365
-3239
-2405
-1097
1345
3403
4290
4861
6332
7854
8526
8723
9295
10170
10581
10410
9837
9065
8259
6857
4626
1760
-803
-3070
-5871
-8919
-11155
-12044
-12940
-13805
-13759
-12114
-10234
-9113
-7641
-5411
-2687
-1155
-283
754
2003
3060
3085
2957
3254
3964
4368
4118
4116
4799
5454
5258
4598
4490
4600
3839
2258
1134
642
3
-1139
-1919
-1654
-1177
-653
-74
1332
2873
3747
4217
4855
5591
5068
3655
2131
1136
-680
-3251
-5377
-6643
-7604
-9243
-9940
-9307
-8234
-7843
-7322
-5278
-2817
-1334
-557
1069
3292
4655
5025
5671
6952
7772
7746
7664
8146
8603
8199
7377
6690
6064
5054
3298
1204
-864
-2676
-4368
-6419
-8440
-9500
-9850
-10051
-10371
-9711
-8157
-6967
-6037
-4977
-3035
-1535
-895
-488
120
1086
1428
1399
1376
1769
2447
2742
2764
3065
3852
4259
3884
3574
3770
3748
2726
1632
1273
1150
546
-267
-105
596
1126
1315
2022
3427
4277
4243
4085
4559
4438
3052
1146
136
-655
-2704
-4920
-6120
-6138
-6983
-8277
-8066
-6619
-5631
-5933
-5159
-2880
-1011
-761
-455
1457
3478
4109
4106
5341
7138
7969
7863
8088
9070
9472
8696
7432
6402
5583
4022
1570
-1119
-3114
-4528
-6448
-8675
-10116
-10165
-10157
-10616
-10591
-9206
-7579
-7070
-6511
-5148
-3378
-2724
-2643
-1969
-1048
-316
-151
197
828
1617
2411
3047
3594
4221
4946
5265
5068
4888
4957
4567
3531
2809
2742
2566
1942
1798
2659
3361
3590
4087
5406
6338
6004
5453
5478
5296
3561
1166
-542
-1598
-3678
-6477
-8110
-8360
-8818
-10337
-10557
-8940
-7356
-7198
-6887
-4696
-2264
-1345
-1176
203
2213
3289
3478
4382
6179
7429
7785
8232
9433
10455
10417
9540
8678
7966
6774
4563
1710
-854
-2826
-4868
-7418
-9609
-10489
-10786
-11346
-11663
-10783
-9081
-8175
-7652
-6456
-4542
-3280
-3145
-2843
-2001
-1095
-873
-921
-588
242
1162
1777
2306
3159
4269
4916
4993
5018
5361
5332
4535
3652
3357
3324
2789
2346
2697
3544
4129
4561
5565
6811
7282
7035
6954
6882
5846
3723
1732
258
-1822
-4739
-7086
-8097
-9028
-10704
-11601
-10687
-9339
-9075
-8809
-6859
-4298
-2960
-2572
-1171
1093
2613
2998
3617
5353
6850
7463
7677
8591
9754
10012
9383
8586
8116
7168
5351
2801
289
-1735
-3724
-6163
-8731
-10238
-10654
-11100
-11745
-11537
-9970
-8311
-7430
-6352
-4368
-2226
-1230
-932
-164
1026
1491
1087
893
1379
1916
1914
1833
2214
3071
3590
3536
3318
3629
4083
3607
2617
2150
2547
2543
1852
1784
2903
4071
4288
4844
6412
7720
7679
7414
7831
7511
5647
3330
1996
228
-2996
-6135
-7835
-8799
-10990
-12917
-12727
-11526
-11229
-11431
-9708
-6710
-4640
-3745
-2169
739
3128
4169
4787
6326
8019
8584
8284
8331
9159
9218
8055
6822
6334
5858
4128
1804
-61
-1428
-3091
-5316
-7277
-8554
-9155
-9863
-10515
-10541
-9593
-8393
-7680
-6764
-5271
-3248
-2099
-1514
-697
511
1494
1532
1633
2157
2891
3101
3121
3487
4075
4469
4521
4489
4468
4514
4169
3679
3215
2921
2785
2705
2802
3027
3514
4244
5031
5663
6060
6274
6584
6493
5448
3601
2061
1070
-1111
-4385
-7004
-7929
-8964
-11392
-12965
-12419
-11142
-11094
-11063
-8985
-5980
-4112
-3055
-818
2451
4674
5506
6570
8411
9883
10034
9535
9452
9629
9174
7872
6350
5417
4574
2748
432
-1340
-2548
-4185
-6353
-8211
-9307
-9833
-10523
-11297
-11469
-10502
-9213
-8640
-7734
-5938
-3720
-2322
-1541
-56
1689
2908
3161
3662
4683
5271
5162
4919
5232
5313
4819
4190
3874
3615
2819
1828
1214
899
520
3
-133
380
1163
1764
2344
3515
5139
6147
6272
6616
7426
7480
5930
4132
3435
2276
-468
-3567
-5038
-5711
-7872
-10271
-10862
-9851
-9829
-10646
-9912
-7482
-5326
-4562
-3336
-781
2084
3576
4385
6049
7939
8960
8847
8925
9443
9358
8433
6947
5775
4829
3347
1136
-1220
-2890
-4357
-6217
-8384
-9747
-10345
-10981
-11685
-11956
-10924
-9715
-8802
-7772
-6175
-3785
-1878
-539
834
2445
4074
4884
5271
5864
6303
6227
5537
5105
4854
4083
3065
2180
1577
983
203
-331
-797
-1086
-970
-752
-214
347
1168
2160
3288
4434
5205
5618
6193
6586
6116
4996
3757
3227
1622
-834
-3046
-4237
-5188
-7461
-9075
-9260
-8578
-8886
-9235
-7853
-5465
-3739
-3017
-1121
1746
4225
5380
6549
8586
10170
10785
10620
10917
11185
10424
8964
7319
6100
4365
1956
-612
-2856
-4681
-7008
-9149
-10955
-11928
-12672
-13506
-13553
-13092
-11881
-10794
-9448
-7602
-5562
-3480
-1687
192
1968
3574
4710
5538
6107
6604
6814
6263
5583
5131
4748
3708
2485
1835
1529
784
-349
-661
-554
-496
-1044
-1076
70
1076
1593
1858
3284
4818
5455
5587
6170
6877
6316
5024
3937
3589
2037
-493
-2747
-4058
-5110
-7242
-8759
-9212
-9059
-9321
-9268
-7861
-5822
-4376
-3510
-1474
1153
3478
4537
5652
7563
8917
9543
9566
10108
10308
9515
8408
7453
6556
5021
2806
538
-1412
-3046
-4934
-7232
-9285
-10420
-10957
-11913
-12515
-12277
-11183
-10570
-9962
-8220
-6086
-4336
-3392
-1800
239
1992
2902
3495
4356
5197
5567
5320
5217
5094
4993
4218
3524
3216
2951
2421
1344
883
787
736
289
20
396
1027
1513
2044
2937
3938
4629
5017
5696
5792
5316
4342
3674
2665
523
-1468
-3015
-4325
-6550
-8369
-8894
-8961
-9426
-9758
-8590
-6719
-5054
-3998
-2151
353
2595
4082
5085
6830
8287
8921
8850
8970
9513
9269
8171
6936
6105
5338
3691
1484
-627
-2239
-3799
-5998
-8239
-9914
-10729
-11689
-12738
-12993
-12160
-11054
-10464
-9368
-7162
-4496
-2737
-1460
429
2693
4376
4941
5551
6469
7033
6861
6321
6325
6362
5771
4686
4095
4058
3721
2518
1446
1270
1236
723
-213
-196
361
815
996
1580
2813
3861
4512
4931
5656
5732
5215
4041
3011
1770
-449
-2722
-4875
-6329
-8385
-10200
-10938
-10942
-10959
-11005
-9624
-7418
-5510
-4226
-2050
706
2984
4357
5629
7347
8489
8995
9194
9477
9594
9151
8313
7416
6473
5511
3939
1775
-371
-2016
-3624
-6029
-8648
-10270
-11018
-12197
-13431
-13662
-12414
-11358
-10668
-9073
-6384
-3542
-1914
-184
1981
4333
5698
6074
6517
7083
7581
6999
6175
5573
5445
4846
3744
3062
2623
2395
1441
917
784
654
530
232
623
1042
1684
2333
3092
3957
4572
5245
5696
5927
5211
4085
2944
1969
176
-2506
-4739
-6391
-7685
-9804
-11043
-11200
-10901
-10775
-10324
-8257
-5999
-4194
-2839
-520
2290
4419
5546
6561
8056
9085
9516
9387
9450
9255
8510
7576
6463
5454
4094
2253
159
-1905
-3422
-5114
-7481
-9610
-10944
-11507
-12410
-13153
-12773
-11689
-10503
-9321
-7055
-4315
-1974
-225
1932
4473
6296
7257
7755
8429
8673
8380
7630
6863
6066
5065
3893
2693
1959
1285
272
-838
-1107
-838
-977
-1615
-1399
-271
568
981
1663
3104
4063
4399
5052
5892
5761
4657
3568
3208
1913
-640
-2831
-4355
-5499
-7851
-9608
-9900
-9813
-10120
-10484
-8968
-6749
-5327
-4365
-2283
759
2972
3930
5157
7225
8726
8914
8686
9112
9413
8650
7216
6288
5637
4371
2473
629
-720
-2073
-3850
-5728
-7371
-8498
-9365
-10330
-11044
-11213
-10603
-9967
-9223
-7885
-5775
-3636
-2157
-382
1941
4222
5389
5913
6724
7626
7777
7046
6270
5679
4979
3812
2604
1698
1015
182
-604
-870
-742
-539
-471
-124
822
1821
2701
3535
4383
5360
5728
6064
6309
5823
4788
3292
2459
1023
-1551
-3898
-5583
-6750
-8924
-10788
-11197
-10980
-11193
-11475
-10093
-7832
-6080
-5018
-2830
400
2893
4237
5597
7980
9787
10128
10066
10551
11033
10240
8777
7760
6889
5578
3602
1733
25
-1680
-3442
-5310
-7143
-8727
-9764
-10692
-11582
-12170
-11741
-11009
-10358
-9373
-7579
-5145
-3289
-1441
887
3423
5255
6244
7349
8537
8981
8455
7784
7273
6415
4902
3375
2266
1158
-137
-1305
-1773
-1900
-1992
-1996
-1597
-460
657
1608
2599
3812
5223
5906
6169
6507
6427
5855
4323
2943
1718
-320
-2610
-4832
-6219
-7819
-9637
-10563
-10563
-10447
-10641
-9904
-8000
-5926
-4724
-3120
-511
2098
3757
4799
6677
8360
9041
9070
9312
9803
9236
8055
7184
6529
5439
3508
1709
390
-1084
-2924
-4944
-6599
-7855
-9113
-10193
-10998
-11390
-11211
-10900
-10230
-9137
-7484
-5438
-3690
-1711
702
3253
5271
6508
7875
9182
9791
9533
8931
8459
7503
5925
4210
2860
1624
62
-1346
-2082
-2352
-2556
-2630
-2175
-1122
-77
1106
2409
3667
4822
5524
6414
6567
5979
5034
3877
2834
498
-1887
-3883
-5442
-7257
-9668
-10766
-10963
-10895
-11360
-11004
-9249
-7190
-5692
-4316
-1764
812
2826
4128
5905
7899
8914
9317
9599
10286
10377
9531
8556
7817
7125
5591
3456
1574
-45
-1897
-4377
-6574
-8101
-9468
-11168
-12468
-12722
-12369
-12190
-12056
-10785
-8757
-6576
-4872
-2730
154
2896
5197
6942
8886
10469
11310
11280
10820
10268
9189
7496
5230
3325
1730
74
-1850
-3387
-3891
-3973
-3949
-3821
-2790
-1265
302
1863
3544
5396
6650
7613
8367
8598
7787
6276
4838
3118
473
-2623
-5147
-7177
-9494
-11921
-13166
-13352
-13519
-13847
-12964
-10552
-8156
-6582
-4696
-1528
1730
3793
5193
7322
9591
10772
10953
11302
12121
12198
11059
9790
9091
8330
6475
3896
1860
203
-1822
-4554
-7033
-8559
-9917
-11575
-12973
-13419
-12903
-12555
-12286
-11214
-9271
-6939
-5219
-3257
-651
2089
4330
6025
7875
9464
10356
10446
10212
9885
8924
7235
5195
3555
2146
301
-1570
-2910
-3293
-3512
-3833
-3595
-2535
-1106
-33
1330
3211
5137
6200
6764
7787
8365
7811
6232
4829
3682
1279
-1639
-4051
-5716
-7580
-10061
-11230
-11260
-11154
-11466
-11026
-8851
-6600
-5126
-3802
-1367
1482
3279
4321
5760
7639
8717
8854
9057
9810
10164
9318
8204
7592
7122
5680
3295
1296
-173
-1836
-4388
-6928
-8476
-9576
-11023
-12539
-13001
-12494
-12009
-11720
-10687
-8647
-6601
-5074
-3243
-736
1731
3410
4793
6744
8446
9255
9311
9344
9470
8749
7349
5685
4227
2734
824
-1077
-2477
-3229
-3981
-4803
-5015
-4325
-3409
-2764
-1725
219
2222
3522
4636
6373
7796
7859
7306
7114
6761
4788
2163
338
-990
-3321
-6163
-7443
-7581
-8137
-9307
-9031
-6962
-5253
-4611
-3485
-791
1987
3307
4135
5965
8131
9158
9145
9510
10548
10881
9863
8591
7882
7151
5209
2458
140
-1680
-3807
-6722
-9375
-11032
-12292
-13862
-15290
-15560
-14828
-14221
-13700
-12268
-9709
-7086
-5273
-3328
-477
2601
4635
5773
7341
9225
10157
10007
9793
9765
8958
7138
5354
4140
2593
290
-1819
-2918
-3417
-4361
-5140
-5009
-4139
-3276
-2551
-1083
865
2572
3840
5339
7156
8174
8126
7770
7664
6953
4776
2292
356
-1437
-4071
-6789
-8016
-8444
-9183
-9972
-9197
-7087
-5385
-4346
-2527
476
3073
4476
5737
7762
9546
10085
10015
10373
10853
10431
9091
7830
6975
5762
3649
1187
-829
-2592
-4700
-7138
-9186
-10582
-11827
-12983
-13786
-13934
-13653
-13205
-12211
-10798
-9007
-7074
-5119
-2997
-776
1485
3378
4852
6236
7529
8256
8404
8399
8281
7520
6021
4572
3445
1977
-122
-1955
-2777
-3293
-4171
-4872
-4473
-3324
-2416
-1515
-97
1873
3576
4895
6354
7833
8558
8341
8051
7826
6732
4279
1894
201
-1692
-4556
-7103
-7994
-8319
-9142
-9808
-8699
-6508
-4896
-3735
-1644
1395
3777
5185
6765
8812
10220
10479
10548
10871
10801
9644
8013
6783
5430
3703
1281
-991
-2831
-4652
-6533
-8653
-10104
-11001
-11734
-12466
-12849
-12365
-11594
-11012
-10167
-8602
-6651
-5085
-3732
-1776
510
2294
3403
4713
6401
7561
7769
7660
7924
7981
7011
5427
4096
3029
1547
-534
-2247
-3152
-3803
-4553
-5121
-4708
-3549
-2506
-1437
94
2125
3870
5004
6338
7587
8002
7543
6851
6347
4831
2420
274
-1448
-3314
-5856
-7533
-7923
-8179
-8777
-8800
-7163
-5067
-3711
-2491
-196
2563
4609
5892
7412
9194
10160
10471
10640
10856
10344
9012
7678
6436
4896
2650
222
-1910
-3795
-5775
-8012
-9916
-11276
-12042
-12764
-13455
-13349
-12549
-11428
-10589
-9346
-7283
-5094
-3378
-1867
348
2638
4209
5233
6649
8213
8892
8778
8750
9042
8566
7146
5510
4354
3190
1266
-820
-2376
-3188
-3969
-4862
-5114
-4595
-3590
-2743
-1505
316
2043
3417
4407
5832
6793
6652
5924
5199
4574
2690
233
-1651
-3022
-4828
-7136
-8256
-8193
-8191
-8573
-8093
-6146
-4218
-2964
-1479
923
3340
4835
6093
7715
9273
9933
10137
10452
10645
10201
9107
7911
6554
4983
2939
687
-1658
-3934
-6025
-8253
-10156
-11765
-12761
-13408
-13912
-13658
-12808
-11479
-10220
-8750
-6592
-4253
-2221
-437
1587
3730
5386
6525
7807
8964
9538
9525
9442
9525
8866
7428
5902
4695
3265
1195
-824
-2326
-3374
-4564
-5396
-5491
-4999
-4256
-3416
-1751
160
1884
3152
4618
6248
6873
6551
5790
5381
4219
1824
-623
-2460
-3986
-6281
-8409
-9181
-9228
-9449
-9672
-8590
-6496
-4845
-3696
-1830
909
3150
4282
5404
7451
9017
9341
9267
9873
10582
9786
8316
7395
6849
5256
2535
278
-1188
-2924
-5626
-8155
-9479
-10260
-11496
-12738
-12937
-12102
-11318
-10836
-9771
-7884
-5732
-4185
-2636
-446
1844
3684
4871
6435
8232
9377
9854
10050
10526
10658
9806
8613
7524
6429
4720
2452
738
-572
-2019
-3672
-4793
-4818
-4579
-4484
-3894
-2431
-644
625
1737
3344
4640
4982
4508
4177
3843
2284
18
-1992
-3355
-4991
-7271
-8835
-9295
-9341
-9640
-9466
-8018
-6211
-4792
-3213
-802
1819
3636
5032
6952
9052
10185
10499
10915
11576
11609
10440
9110
8034
6604
4338
1576
-615
-2638
-5250
-7965
-9994
-11119
-12382
-13888
-14395
-13814
-12825
-12339
-11511
-9479
-7050
-4941
-3369
-1121
1669
3889
5366
6762
8672
10205
10551
10366
10598
10783
10110
8452
6935
5948
4620
2675
602
-732
-1666
-2873
-3939
-4230
-3841
-3431
-3009
-1834
-113
1387
2311
3275
4564
5186
4826
3826
3053
2012
-113
-2412
-4278
-5738
-7595
-9476
-10124
-10076
-10062
-9957
-8848
-6811
-4941
-3401
-1349
1320
3562
5232
6737
8669
10154
10623
10940
11354
11605
10757
9310
8229
7077
5186
2596
217
-1607
-3699
-6236
-8458
-9864
-10730
-11879
-12748
-12647
-11754
-10806
-10252
-8979
-6878
-4616
-2969
-1557
542
2783
4416
5364
6500
7891
8570
8354
8150
8419
8264
6934
5436
4654
4052
2609
630
-541
-1128
-2006
-3146
-3634
-3250
-2906
-2782
-1984
-315
1146
1917
2671
4023
5036
4706
3852
3172
2393
527
-1813
-3529
-5044
-6961
-8933
-9617
-9421
-9561
-9841
-8832
-6448
-4463
-3414
-1930
870
3554
4785
5532
7169
9120
9813
9475
9700
10530
10597
9295
8099
7741
7004
5068
2564
874
-578
-2796
-5441
-7512
-8711
-10023
-11483
-12259
-12089
-11515
-11041
-10152
-8532
-6626
-4769
-3059
-1096
879
2637
4163
5420
6623
7454
7949
8146
8255
8249
7756
6798
5821
5032
4042
2453
738
-423
-1348
-2486
-3697
-4071
-3840
-3565
-3220
-2179
-539
736
1803
2868
4173
4688
4343
3753
2997
1773
-442
-2401
-4073
-5844
-7911
-9440
-9622
-9604
-9732
-9523
-7925
-5614
-4003
-2786
-876
1915
3936
4861
5865
7708
9331
9534
9460
10071
10982
10659
9373
8697
8423
7338
4897
2632
1153
-703
-3584
-6520
-8210
-9421
-11155
-12933
-13402
-12607
-11921
-11473
-10372
-8068
-5595
-3766
-2081
101
2522
4082
5010
6063
7364
7995
7629
7329
7471
7513
6451
5017
4195
3673
2515
653
-642
-1313
-2110
-3309
-3889
-3503
-3052
-2786
-1968
-178
1433
2317
3339
4833
5802
5376
4597
4174
3253
1053
-1518
-3112
-4544
-6721
-8883
-9581
-9169
-9237
-9548
-8583
-6192
-4110
-3139
-1889
646
3202
4331
4803
6093
7953
8809
8530
8637
9497
9900
8898
7761
7479
7025
5171
2512
841
-426
-2692
-5878
-8209
-9196
-10430
-12342
-13581
-12999
-11717
-11117
-10426
-8314
-5282
-2844
-1283
770
3419
5487
6362
6891
7974
8707
8385
7464
7132
7201
6260
4597
3389
2966
2044
57
-1604
-2360
-2910
-4140
-5206
-5081
-4387
-3883
-3222
-1472
727
2231
3474
5249
7096
7512
6722
6178
5754
4192
1085
-1624
-3239
-5079
-7824
-10077
-10249
-9672
-9734
-9795
-8107
-5126
-2960
-1792
-95
2718
4986
5690
6066
7407
8740
8690
7995
8162
8991
8758
7379
6519
6564
6117
4032
1626
224
-1106
-3586
-6806
-8925
-10082
-11639
-13628
-14560
-13731
-12628
-11978
-10826
-8190
-4982
-2633
-786
1614
4371
6210
6782
7303
8267
8644
7813
6746
6576
6453
5287
3632
2844
2700
1730
-72
-1335
-1659
-2235
-3437
-4188
-3727
-3022
-2763
-1942
38
2154
3409
4564
6456
8069
8012
7121
6486
5695
3391
27
-2583
-4696
-7206
-10190
-11875
-11942
-11901
-11951
-11093
-8504
-5650
-3624
-1672
1122
4107
5870
6783
7987
9446
10030
9648
9479
9798
9817
8917
7861
7349
6765
5419
3290
1353
-364
-2543
-5275
-7947
-9840
-11456
-13135
-14352
-14480
-13662
-12707
-11517
-9425
-6604
-3790
-1438
919
3433
5627
6995
7698
8267
8616
8393
7408
6389
5782
5139
3846
2344
1488
1098
139
-1296
-2184
-2511
-2927
-3712
-3882
-3255
-2532
-1938
-817
1078
2884
4148
5359
6886
7699
7445
6721
6051
4735
2037
-786
-2923
-4904
-7629
-10199
-11127
-11045
-11200
-11290
-9923
-7277
-4969
-3373
-1245
1696
4215
5478
6393
7908
9192
9404
8958
8944
9272
8785
7594
6598
6088
5196
3324
1322
-204
-1757
-3973
-6478
-8200
-9270
-10590
-12007
-12401
-11496
-10427
-9688
-8434
-5915
-3062
-1059
600
2701
5026
6463
6793
7142
7759
7800
6811
5568
5054
4701
3565
2046
1210
1088
555
-745
-1709
-1834
-1965
-2713
-3385
-3033
-2269
-1877
-1407
-11
1819
3058
3972
5342
6746
6923
6234
5659
5170
3398
422
-1867
-3490
-5638
-8625
-10627
-10738
-10768
-11516
-11531
-9542
-6882
-5374
-4086
-1430
1777
3844
4807
6363
8585
9762
9639
9606
10362
10696
9663
8285
7577
6859
5167
2716
608
-1070
-3282
-5968
-8365
-9871
-11100
-12597
-13426
-13130
-12042
-10971
-9774
-7568
-4806
-2188
-91
1946
4323
6191
7239
7784
8279
8554
8101
7299
6565
5957
5054
3812
2905
2278
1615
586
-485
-1017
-1484
-2230
-3067
-3251
-2840
-2648
-2461
-1534
186
1661
2529
3742
5456
6576
6371
5655
5381
4580
2351
-403
-2477
-4207
-6754
-9447
-10642
-10778
-11242
-11790
-10889
-8482
-6525
-5191
-3101
63
2867
4226
5607
7828
9756
10229
9904
10393
11237
10856
9267
8036
7627
6620
4188
1500
-129
-1583
-4083
-7078
-9122
-9929
-11023
-12647
-13473
-12625
-11192
-10548
-9679
-7506
-4521
-2341
-1011
880
3371
5263
5850
6289
7225
7887
7581
6662
6379
6244
5397
4126
3125
2760
1967
679
-370
-951
-1416
-2321
-2904
-2792
-2532
-2388
-1920
-581
884
1795
2737
4292
5687
5810
5336
5212
5001
3401
799
-1029
-2291
-4327
-7135
-8910
-9054
-9289
-10249
-10327
-8592
-6464
-5322
-4144
-1522
1493
3369
4490
6266
8612
9935
10071
10286
11128
11518
10602
9192
8285
7468
5643
2974
602
-1145
-3207
-5941
-8407
-9837
-10731
-11935
-12933
-12816
-11758
-10682
-9836
-8342
-6032
-3763
-2095
-511
1501
3326
4395
5011
5774
6467
6457
5880
5461
5278
4678
3466
2299
1695
1085
-107
-1371
-2062
-2376
-2943
-3636
-3639
-3072
-2573
-2111
-1063
567
2012
3038
4216
5691
6548
6386
5887
5598
4737
2616
259
-1354
-2887
-5277
-7612
-8517
-8576
-9099
-9597
-8625
-6453
-4699
-3547
-1582
1470
4099
5471
6771
8918
10856
11399
11298
11831
12536
12069
10528
9257
8451
6991
4357
1494
-635
-2620
-5314
-8283
-10438
-11558
-12675
-14057
-14616
-13842
-12511
-11542
-10390
-8132
-5341
-3083
-1446
520
2845
4515
5206
5653
6418
6784
6231
5326
4905
4615
3583
2154
1226
834
57
-1273
-2200
-2394
-2623
-3210
-3461
-2872
-2037
-1489
-643
940
2687
3812
4679
5984
7104
7102
6213
5478
4770
2958
242
-2052
-3592
-5462
-7948
-9654
-9869
-9689
-9962
-9724
-7905
-5401
-3661
-2221
234
3341
5578
6666
8035
10114
11538
11684
11520
12082
12507
11626
10075
8954
8148
6422
3660
1160
-704
-2774
-5564
-8176
-9732
-10798
-12120
-13244
-13262
-12364
-11457
-10638
-9168
-6918
-4631
-2895
-1280
710
2575
3666
4167
4762
5341
5221
4537
3964
3694
3054
1855
821
255
-328
-1413
-2459
-2864
-2971
-3429
-3862
-3458
-2468
-1699
-1084
324
2359
3887
4756
5772
7217
7815
7077
6139
5499
4365
1870
-787
-2475
-3982
-6258
-8558
-9315
-9055
-9252
-9594
-8541
-6209
-4262
-3070
-1191
1788
4283
5544
6713
8702
10448
10760
10472
10854
11434
10832
9180
7946
7341
6049
3612
1195
-328
-1828
-4162
-6578
-8093
-8842
-9860
-11039
-11374
-10692
-9807
-9305
-8356
-6447
-4244
-2587
-1290
571
2615
4109
4863
5514
6385
6705
6419
5933
5606
5033
3896
2748
1847
901
-446
-1829
-2719
-3354
-4216
-4997
-5085
-4602
-4139
-3686
-2465
-681
782
1802
3109
4807
5643
5325
4840
4773
4104
1983
-414
-1872
-3005
-5107
-7518
-8518
-8323
-8502
-9071
-8423
-6410
-4569
-3479
-1862
880
3304
4642
5786
7694
9550
10136
10077
10408
11049
10854
9627
8440
7700
6679
4692
2339
451
-1237
-3387
-5914
-7949
-9200
-10373
-11663
-12361
-11930
-11016
-10379
-9422
-7446
-4859
-2780
-1195
883
3396
5305
6190
6961
8148
8854
8346
7464
7119
6719
5337
3436
2199
1380
-46
-2018
-3359
-3783
-4428
-5538
-6049
-5289
-4250
-3835
-3070
-1102
1184
2458
3319
4949
6603
6727
5694
5186
4934
3264
238
-2053
-3173
-4899
-7698
-9616
-9483
-9070
-9637
-9717
-7799
-5044
-3485
-2421
-98
3064
5159
5938
7131
9138
10475
10374
9999
10382
10653
9692
8046
6813
5890
4254
1748
-663
-2517
-4441
-6826
-9120
-10614
-11520
-12379
-12976
-12680
-11449
-10069
-8637
-6693
-4010
-1340
757
2790
5007
7003
8069
8580
9178
9574
9172
8009
6986
6238
5102
3326
1542
435
-554
-2055
-3641
-4462
-4690
-5193
-5751
-5516
-4441
-3393
-2568
-1209
806
2613
3802
4945
6202
6763
6374
5752
5106
3606
1206
-960
-2604
-4561
-6972
-8554
-8941
-9167
-9617
-9211
-7295
-5078
-3630
-2098
536
3449
5264
6240
7689
9379
10189
9938
9671
9832
9522
8273
6601
5356
4237
2481
72
-2218
-4059
-5923
-8045
-10147
-11578
-12540
-13300
-13687
-13393
-12260
-10918
-9347
-7240
-4623
-1976
280
2574
4814
6639
7855
8752
9481
9706
9414
8755
8033
7262
6262
4831
3341
2217
1148
-384
-2008
-2900
-3338
-4122
-4984
-4806
-3743
-2808
-2061
-621
1597
3549
4804
6073
7525
8159
7574
6625
5877
4311
1488
-1359
-3445
-5505
-8206
-10313
-10984
-11162
-11500
-11254
-9356
-6873
-5063
-3299
-656
2510
4619
5940
7572
9343
10292
10230
10366
10664
10295
9076
7778
6818
5489
3401
1003
-1047
-3021
-5419
-8096
-10218
-11638
-13010
-14336
-14947
-14440
-13452
-12359
-10690
-8222
-5399
-2758
-212
2475
4992
6923
8212
9265
10147
10300
9733
9063
8560
7635
6005
4460
3442
2387
736
-975
-1972
-2492
-3275
-4241
-4498
-3768
-2783
-2176
-1231
674
2932
4515
5489
6876
8361
8654
7619
6572
5896
4227
1079
-1921
-3817
-5722
-8481
-10839
-11502
-11413
-11737
-11726
-10108
-7557
-5635
-4113
-1614
1629
4079
5407
6911
9022
10454
10620
10529
10875
10855
9718
8154
6944
5702
3676
1023
-1212
-3037
-5202
-7813
-9983
-11222
-12386
-13618
-14210
-13792
-12883
-11990
-10518
-8301
-5737
-3306
-984
1570
3995
6012
7400
8473
9418
9831
9560
8801
8142
7418
6187
4510
2933
1789
594
-859
-2206
-2997
-3453
-3935
-4107
-3573
-2576
-1644
-616
1010
2930
4440
5564
6718
7751
7885
7228
6441
5507
3772
1197
-1152
-3072
-5199
-7645
-9493
-10232
-10715
-11305
-11163
-9737
-7916
-6538
-4867
-2189
696
2787
4549
6849
9157
10447
10971
11689
12427
12184
10915
9682
8723
7095
4438
1640
-508
-2619
-5369
-8285
-10352
-11521
-12791
-14137
-14614
-13830
-12656
-11759
-10351
-7900
-5109
-2876
-871
1662
4216
5932
6935
7949
8944
9178
8609
7895
7386
6584
5101
3448
2175
1121
-202
-1655
-2701
-3301
-3746
-4101
-4095
-3500
-2542
-1521
-424
1127
2988
4433
5434
6553
7608
7525
6515
5773
5023
2985
-73
-2344
-3797
-6021
-8900
-10498
-10401
-10505
-11346
-10953
-8550
-6111
-4900
-3343
-139
3098
4749
5909
8021
10245
10991
10756
10999
11646
11360
9826
8278
7422
6368
4073
1212
-915
-2454
-4667
-7568
-9765
-10794
-11659
-12946
-13624
-12929
-11647
-10701
-9538
-7243
-4437
-2315
-650
1589
4175
5864
6514
7194
8225
8654
7944
6982
6505
5961
4600
2820
1554
709
-461
-2006
-3171
-3665
-4017
-4525
-4722
-4101
-3063
-2223
-1262
421
2456
3901
4888
6222
7496
7698
6972
6326
5651
3892
1293
-965
-2690
-4825
-7322
-8922
-9405
-9773
-10344
-9992
-8233
-6268
-4902
-3299
-638
2192
4008
5313
7179
9183
10115
10106
10383
10998
10771
9446
8161
7408
6196
3889
1334
-530
-2302
-4828
-7665
-9615
-10681
-11978
-13409
-13923
-13149
-12107
-11310
-9884
-7479
-4804
-2676
-630
1921
4404
6155
7306
8455
9425
9636
9172
8513
7804
6675
4992
3214
1683
256
-1368
-3037
-4252
-4973
-5494
-5859
-5722
-4968
-3989
-2810
-1177
835
2645
4134
5754
7347
8159
7986
7619
7198
5924
3532
1045
-922
-3113
-5867
-8312
-9564
-10251
-11051
-11397
-10488
-8602
-6774
-5056
-2734
338
3266
5428
7370
9590
11523
12463
12711
12966
13027
12185
10581
8922
7274
5078
2228
-606
-3087
-5600
-8404
-11004
-12765
-13945
-15034
-15703
-15305
-13999
-12517
-10883
-8497
-5480
-2647
-300
2134
4811
6984
8257
9057
9839
10300
9939
8931
7812
6783
5461
3591
1683
248
-917
-2351
-3844
-4649
-4841
-4965
-5116
-4679
-3505
-2219
-982
549
2458
4139
5372
6519
7482
7717
7124
6271
5263
3532
1024
-1433
-3438
-5549
-7942
-9805
-10583
-10888
-11238
-10965
-9489
-7395
-5538
-3614
-948
2052
4515
6424
8484
10567
11916
12418
12734
13070
12771
11599
10087
8674
6963
4543
1801
-716
-3102
-5788
-8570
-10798
-12358
-13665
-14840
-15262
-14578
-13366
-12081
-10388
-7783
-4863
-2389
-103
2458
5004
6758
7857
8821
9563
9696
9196
8483
7612
6482
5123
3602
2085
669
-633
-1919
-3078
-3882
-4359
-4614
-4591
-4078
-3224
-2260
-1063
436
2024
3286
4234
5134
5713
5636
4989
4164
3050
1291
-654
-2321
-3927
-5813
-7444
-8170
-8482
-8920
-8988
-8000
-6426
-5137
-3800
-1689
863
2955
4513
6321
8348
9787
10405
10840
11418
11494
10672
9459
8366
7049
5034
2586
269
-1896
-4293
-6870
-9131
-10801
-12087
-13264
-13985
-13807
-12825
-11597
-10270
-8257
-5523
-2763
-514
1656
4207
6541
8008
8836
9653
10277
10116
9279
8330
7343
5947
4131
2296
649
-1051
-2769
-4173
-5127
-5747
-6151
-6045
-5318
-4104
-2675
-1121
682
2510
4157
5480
6439
6833
6537
5888
4973
3561
1473
-765
-2579
-4313
-6294
-8077
-8977
-9277
-9703
-9826
-8835
-7024
-5516
-4288
-2154
864
3399
4906
6576
9005
10912
11446
11615
12352
12778
11820
10172
9001
7834
5610
2660
111
-2019
-4625
-7584
-9930
-11468
-12880
-14309
-14914
-14435
-13566
-12707
-11269
-8835
-6143
-3835
-1549
1252
4030
5995
7409
8866
10192
10653
10326
9965
9636
8739
7094
5364
3893
2247
124
-2053
-3696
-4920
-6122
-7164
-7443
-6835
-5840
-4677
-3058
-878
1292
3113
4811
6368
7216
7052
6498
5895
4678
2489
63
-1793
-3452
-5516
-7528
-8559
-8740
-8968
-9268
-8643
-6878
-4987
-3653
-2157
368
3186
5105
6347
8034
10119
11327
11419
11533
12102
12031
10567
8756
7587
6249
3616
349
-2105
-3975
-6474
-9416
-11485
-12484
-13445
-14492
-14659
-13762
-12608
-11514
-9842
-7377
-4813
-2554
-287
2271
4715
6559
7915
9093
10083
10557
10445
9997
9394
8512
7198
5642
3997
2199
190
-1738
-3301
-4676
-6002
-6909
-6937
-6312
-5524
-4499
-2828
-722
1158
2687
4141
5349
5738
5417
4849
3964
2390
311
-1548
-3110
-4820
-6549
-7622
-7935
-8069
-8167
-7632
-6212
-4552
-3167
-1661
452
2783
4589
5919
7409
9014
10059
10386
10601
10906
10690
9639
8307
7165
5731
3499
888
-1360
-3303
-5561
-8039
-9969
-11105
-12032
-12970
-13322
-12759
-11772
-10804
-9536
-7593
-5287
-3113
-1037
1218
3522
5455
6987
8378
9548
10163
10232
10106
9797
9010
7707
6209
4750
3162
1287
-638
-2241
-3483
-4564
-5435
-5816
-5621
-5002
-4054
-2784
-1248
314
1775
3150
4306
4983
5028
4658
4025
2981
1404
-429
-2162
-3854
-5569
-7021
-7952
-8546
-8957
-8832
-7888
-6542
-5262
-3789
-1680
775
2867
4551
6319
8194
9606
10306
10703
11049
10974
10150
8905
7666
6198
4080
1587
-672
-2763
-5168
-7735
-9759
-11089
-12262
-13393
-13907
-13465
-12504
-11444
-10046
-7999
-5550
-3165
-823
1669
4091
6088
7672
9120
10339
10936
10893
10557
10118
9324
7973
6291
4612
2976
1210
-632
-2253
-3515
-4536
-5288
-5529
-5226
-4623
-3778
-2489
-812
806
2159
3465
4685
5394
5413
5056
4451
3309
1618
-193
-1907
-3758
-5723
-7246
-8110
-8753
-9343
-9349
-8416
-7068
-5839
-4399
-2299
89
2097
3844
5803
7736
9020
9720
10386
10941
10788
9904
8878
7868
6384
4255
1988
-49
-2137
-4530
-6884
-8728
-10095
-11344
-12433
-12900
-12548
-11791
-10986
-9842
-7979
-5707
-3675
-1838
313
2670
4591
5912
7096
8317
9150
9347
9225
9047
8576
7594
6375
5217
3932
2288
608
-702
-1755
-2860
-3812
-4129
-3869
-3459
-2874
-1779
-264
1162
2322
3511
4704
5368
5271
4835
4319
3353
1709
-132
-1734
-3313
-5097
-6678
-7615
-8141
-8624
-8855
-8381
-7346
-6281
-5195
-3662
-1691
175
1738
3435
5390
7054
8042
8757
9637
10239
9930
8935
7950
6935
5235
2802
366
-1729
-3909
-6431
-8691
-10156
-11165
-12127
-12721
-12355
-11245
-10104
-8926
-7143
-4753
-2466
-593
1330
3477
5347
6651
7719
8813
9528
9609
9443
9281
8821
7709
6268
4915
3491
1729
-216
-1895
-3239
-4420
-5351
-5754
-5500
-4817
-3827
-2407
-561
1392
3107
4664
6069
6979
7165
6811
6096
4808
2929
866
-1156
-3292
-5510
-7290
-8400
-9263
-9968
-10028
-9233
-8109
-7053
-5620
-3555
-1383
421
2141
4192
6156
7502
8421
9360
10173
10285
9711
8928
8006
6538
4418
2098
-106
-2425
-5031
-7530
-9424
-10801
-12054
-13002
-13128
-12391
-11351
-10226
-8595
-6354
-4065
-2045
5
2260
4250
5623
6810
8105
9143
9478
9438
9548
9527
8839
7657
6564
5469
3905
1967
262
-1132
-2602
-4076
-4976
-5143
-5036
-4770
-3947
-2451
-770
686
2118
3697
5007
5608
5602
5418
4914
3702
1895
96
-1470
-3208
-5130
-6661
-7425
-7808
-8162
-8108
-7252
-5939
-4708
-3444
-1751
181
1765
2954
4245
5638
6581
6941
7236
7627
7564
6829
5982
5277
4181
2428
520
-1045
-2632
-4644
-6652
-8072
-9025
-9999
-10792
-10800
-10115
-9323
-8453
-7009
-4976
-3034
-1432
268
2292
4113
5248
6126
7197
8192
8544
8403
8369
8361
7857
6769
5651
4670
3361
1600
-127
-1446
-2679
-4033
-5075
-5428
-5292
-5071
-4528
-3347
-1826
-433
835
2277
3612
4360
4599
4678
4506
3643
2214
857
-346
-1830
-3570
-4930
-5606
-6034
-6441
-6413
-5656
-4522
-3439
-2245
-645
1080
2489
3583
4678
5783
6495
6718
6742
6756
6549
5881
4973
4075
3040
1638
18
-1453
-2879
-4524
-6214
-7572
-8519
-9356
-10062
-10260
-9824
-9051
-8186
-6969
-5224
-3279
-1485
250
2149
3990
5401
6470
7468
8343
8758
8685
8466
8213
7671
6624
5336
4102
2814
1266
-441
-1918
-3125
-4229
-5163
-5672
-5659
-5332
-4727
-3764
-2478
-1080
284
1651
2885
3751
4181
4340
4241
3641
2536
1279
41
-1313
-2806
-4099
-4965
-5581
-5994
-5945
-5347
-4448
-3444
-2190
-597
1081
2556
3817
5036
6143
6891
7207
7268
7155
6749
5977
4978
3866
2565
1028
-610
-2172
-3730
-5382
-6964
-8201
-9091
-9846
-10389
-10424
-9881
-9055
-8085
-6743
-4961
-3068
-1300
472
2371
4107
5403
6431
7429
8244
8547
8449
8306
8137
7622
6657
5584
4579
3422
1949
428
-846
-2020
-3249
-4269
-4734
-4765
-4722
-4443
-3605
-2319
-1064
29
1261
2547
3459
3825
3977
3981
3456
2350
1107
-8
-1301
-2872
-4279
-5144
-5698
-6230
-6449
-6027
-5147
-4213
-3173
-1751
-84
1424
2698
4001
5321
6298
6764
7035
7316
7277
6632
5675
4808
3857
2411
617
-1007
-2424
-4020
-5802
-7295
-8308
-9132
-9881
-10216
-9915
-9247
-8435
-7344
-5813
-4048
-2356
-694
1062
2732
4087
5202
6257
7099
7483
7555
7567
7475
6986
6134
5232
4337
3237
1873
537
-617
-1745
-2845
-3637
-3969
-4043
-3995
-3533
-2494
-1231
-115
1007
2422
3819
4634
4912
5109
5173
4602
3335
2005
881
-513
-2320
-3894
-4749
-5371
-6184
-6674
-6296
-5412
-4695
-4009
-2785
-1113
353
1379
2437
3785
4975
5567
5815
6192
6527
6312
5572
4851
4263
3296
1776
237
-966
-2239
-3849
-5420
-6564
-7423
-8291
-8977
-9120
-8812
-8374
-7753
-6667
-5170
-3690
-2273
-652
1137
2716
3949
5093
6237
7083
7369
7377
7368
7098
6223
5016
3974
2919
1446
-266
-1613
-2530
-3441
-4417
-4985
-4828
-4293
-3817
-3165
-1849
-171
1178
2244
3550
4940
5662
5651
5562
5485
4756
3210
1606
428
-857
-2721
-4506
-5380
-5702
-6291
-6895
-6590
-5396
-4365
-3722
-2604
-715
1020
1977
2907
4408
5773
6223
6238
6663
7145
6798
5784
4979
4434
3378
1692
116
-1096
-2463
-4155
-5637
-6662
-7573
-8443
-8887
-8797
-8473
-7954
-7013
-5711
-4317
-2820
-1141
527
1976
3291
4608
5700
6315
6605
6826
6856
6378
5498
4599
3680
2471
1075
-160
-1236
-2325
-3267
-3800
-4057
-4221
-4113
-3540
-2664
-1795
-826
396
1649
2689
3533
4301
4822
4897
4586
4035
3291
2260
951
-467
-1816
-3021
-4128
-5030
-5577
-5795
-5700
-5263
-4483
-3490
-2351
-1036
319
1559
2729
3887
4817
5394
5791
6096
6144
5839
5362
4821
4055
3028
1911
768
-475
-1866
-3260
-4532
-5714
-6836
-7788
-8346
-8531
-8501
-8181
-7374
-6150
-4803
-3336
-1573
331
1991
3392
4836
6220
7084
7407
7634
7791
7450
6572
5637
4732
3530
2052
714
-344
-1452
-2648
-3568
-3972
-4149
-4346
-4315
-3795
-3009
-2266
-1408
-268
904
1796
2540
3313
3938
4105
3829
3421
2895
2059
849
-442
-1579
-2685
-3809
-4786
-5373
-5603
-5661
-5462
-4882
-3991
-2975
-1906
-725
579
1886
2971
3806
4613
5410
5903
5957
5833
5717
5371
4600
3622
2615
1449
2
-1539
-2987
-4376
-5766
-7022
-7936
-8475
-8637
-8435
-7850
-6858
-5510
-3873
-2066
-235
1562
3285
4806
6031
6944
7544
7732
7537
7064
6346
5394
4210
2912
1589
356
-807
-1941
-2913
-3632
-4065
-4294
-4311
-4076
-3586
-2865
-2001
-1052
-2
1154
2218
3051
3794
4500
4923
4878
4559
4175
3548
2525
1309
120
-1060
-2293
-3444
-4369
-5083
-5573
-5792
-5680
-5295
-4786
-4094
-3156
-2059
-999
19
1089
2110
2968
3705
4384
4821
4944
4952
4915
4609
3915
3036
2116
1058
-212
-1562
-2848
-4048
-5139
-6032
-6603
-6756
-6590
-6203
-5467
-4311
-2944
-1587
-221
1195
2540
3671
4539
5114
5432
5528
5324
4827
4176
3465
2583
1518
533
-254
-1000
-1844
-2548
-2875
-2980
-3083
-3087
-2749
-2184
-1607
-1001
-205
740
1607
2322
2993
3707
4279
4488
4419
4281
4028
3440
2542
1550
560
-485
-1596
-2658
-3583
-4340
-4854
-5119
-5179
-5072
-4722
-4093
-3341
-2575
-1741
-781
162
941
1658
2407
3069
3468
3677
3885
4042
3926
3492
2955
2427
1701
693
-346
-1255
-2158
-3116
-3914
-4344
-4510
-4554
-4407
-3925
-3141
-2276
-1404
-443
594
1517
2218
2796
3297
3581
3540
3305
3018
2630
2005
1222
517
-101
-759
-1454
-1992
-2312
-2550
-2736
-2743
-2508
-2186
-1870
-1428
-784
-88
498
1046
1696
2345
2800
3068
3288
3457
3412
3142
2764
2315
1728
1003
256
-459
-1183
-1891
-2475
-2872
-3143
-3316
-3305
-3079
-2718
-2302
-1795
-1172
-527
64
606
1147
1616
1958
2181
2318
2381
2328
2143
1871
1549
1160
701
210
-255
-720
-1159
-1522
-1801
-1969
-2050
-2029
-1894
-1621
-1252
-859
-416
73
585
1025
1370
1664
1881
1971
1901
1726
1475
1122
678
197
-263
-705
-1138
-1483
-1723
-1868
-1934
-1905
-1748
-1528
-1275
-965
-610
-250
83
403
721
991
1189
1354
1491
1560
1521
1431
1325
1147
859
517
184
-165
-543
-916
-1227
-1456
-1612
-1674
-1645
-1509
-1269
-960
-615
-237
176
579
908
1154
1381
1568
1625
1549
1450
1347
1153
865
591
341
59
-249
-519
-718
-914
-1096
-1199
-1215
-1175
-1106
-956
-716
-421
-111
216
586
954
1276
1530
1739
1885
1909
1822
1639
1388
1040
601
145
-322
-773
-1217
-1615
-1912
-2131
-2269
-2331
-2273
-2110
-1887
-1594
-1242
-838
-431
-39
346
690
966
1143
1232
1273
1251
1120
878
617
363
73
-249
-549
-787
-986
-1145
-1223
-1229
-1159
-1026
-820
-556
-257
88
426
756
1072
1360
1584
1725
1808
1810
1720
1537
1284
971
598
193
-211
-593
-952
-1269
-1504
-1638
-1689
-1655
-1514
-1271
-955
-590
-166
291
746
1172
1565
1913
2178
2345
2422
2406
2288
2068
1763
1394
964
496
18
-457
-911
-1321
-1661
-1931
-2128
-2221
-2215
-2120
-1943
-1679
-1342
-970
-572
-165
219
553
818
1003
1098
1097
997
805
546
241
-95
-450
-799
-1102
-1358
-1565
-1708
-1768
-1739
-1637
-1471
-1241
-945
-609
-261
98
469
834
1147
1411
1648
1832
1931
1943
1896
1781
1577
1300
976
625
242
-157
-539
-877
-1156
-1377
-1531
-1598
-1567
-1447
-1249
-979
-648
-264
142
557
971
1361
1693
1956
2154
2280
2310
2237
2080
1844
1531
1146
725
283
-176
-626
-1034
-1383
-1674
-1899
-2032
-2061
-2011
-1883
-1679
-1404
-1073
-716
-352
8
355
660
888
1047
1141
1149
1060
889
657
373
43
-309
-660
-996
-1293
-1536
-1716
-1820
-1841
-1778
-1629
-1395
-1095
-745
-358
53
465
855
1205
1506
1743
1899
1977
1979
1890
1707
1459
1168
822
426
18
-356
-694
-1009
-1274
-1444
-1513
-1504
-1439
-1281
-1032
-742
-425
-76
288
623
924
1194
1415
1562
1635
1655
1607
1479
1293
1073
822
531
223
-77
-336
-559
-768
-924
-995
-1000
-978
-926
-812
-654
-485
-328
-170
-12
121
220
283
302
287
222
111
-28
-186
-356
-565
-758
-899
-1018
-1109
-1156
-1129
-1025
-862
-663
-448
-163
136
413
668
862
1062
1218
1263
1255
1207
1093
940
759
528
263
14
-204
-437
-661
-832
-955
-1004
-975
-935
-834
-654
-425
-164
118
403
645
871
1042
1177
1237
1210
1118
966
797
547
260
27
-195
-471
-649
-812
-948
-999
-1060
-993
-865
-771
-670
-434
-152
66
280
488
751
936
1059
1135
1148
1153
1064
907
710
478
209
-75
-362
-648
-942
-1184
-1329
-1446
-1542
-1555
-1483
-1358
-1169
-941
-697
-400
-66
218
498
803
1036
1172
1252
1357
1346
1207
1105
940
663
412
162
-148
-437
-675
-889
-1077
-1187
-1226
-1221
-1135
-979
-779
-540
-248
71
358
654
972
1162
1272
1407
1530
1492
1308
1196
1039
786
492
164
-135
-423
-696
-956
-1151
-1299
-1410
-1388
-1345
-1273
-1110
-885
-591
-314
-60
265
663
962
1129
1326
1533
1612
1551
1455
1324
1080
833
561
169
-203
-511
-819
-1095
-1301
-1509
-1622
-1621
-1558
-1476
-1355
-1113
-866
-581
-271
30
317
575
805
1010
1189
1215
1236
1159
994
896
647
383
123
-158
-391
-658
-857
-1006
-1141
-1211
-1203
-1097
-995
-829
-584
-364
-86
244
505
719
948
1129
1246
1292
1303
1265
1148
1007
841
646
404
126
-89
-327
-602
-795
-909
-996
-1079
-1087
-1021
-948
-844
-653
-448
-229
9
251
505
752
973
1075
1157
1249
1270
1172
999
875
726
489
228
-22
-240
-461
-669
-836
-978
-1058
-1085
-1098
-1046
-948
-825
-678
-506
-313
-152
21
192
314
448
536
546
571
566
520
429
317
242
114
-21
-141
-236
-327
-447
-502
-538
-535
-497
-477
-390
-261
-143
-28
94
237
347
428
505
551
550
537
525
460
363
280
188
68
-58
-151
-236
-343
-426
-463
-478
-499
-488
-426
-347
-243
-131
-15
128
268
377
489
593
655
674
674
649
584
492
375
264
126
-38
-189
-298
-401
-535
-620
-649
-640
-625
-611
-519
-398
-298
-180
-40
95
200
291
364
431
468
431
399
367
287
188
80
-32
-130
-239
-350
-417
-449
-469
-493
-468
-387
-315
-239
-115
18
129
240
353
432
485
526
552
521
464
416
333
246
136
25
-85
-191
-279
-369
-429
-475
-507
-507
-477
-430
-358
-269
-175
-60
65
199
305
387
486
585
636
643
644
605
538
450
328
193
45
-88
-207
-328
-428
-495
-547
-579
-590
-571
-544
-498
-398
-308
-222
-115
10
129
209
278
356
416
429
420
415
376
311
246
162
63
-29
-119
-198
-264
-318
-352
-367
-353
-320
-282
-240
-159
-68
10
77
144
224
282
327
342
347
348
321
295
235
169
91
16
-47
-133
-207
-276
-328
-365
-380
-390
-380
-334
-300
-241
-165
-86
10
82
160
246
305
341
364
380
371
333
284
228
163
79
1
-80
-155
-213
-280
-328
-342
-335
-335
-323
-275
-202
-139
-79
-2
76
162
207
230
276
303
296
267
246
210
152
80
18
-43
-114
-177
-220
-250
-278
-287
-273
-245
-206
-148
-88
-20
51
126
207
255
299
341
350
357
344
296
247
186
112
30
-53
-131
-204
-266
-310
-345
-369
-359
-331
-305
-267
-199
-121
-56
12
93
162
216
280
312
323
337
333
311
253
188
126
45
-28
-107
-183
-246
-304
-330
-343
-344
-334
-305
-250
-197
-133
-59
10
78
157
217
257
290
314
322
305
273
227
180
121
52
-15
-80
-133
-178
-223
-259
-263
-267
-258
-229
-187
-136
-78
-10
50
109
169
217
249
270
279
274
256
222
180
125
68
3
-54
-113
-174
-213
-244
-272
-277
-261
-243
-224
-188
-134
-85
-38
19
75
122
165
199
225
240
233
212
189
155
103
53
11
-37
-96
-153
-174
-192
-224
-236
-225
-198
-181
-147
-99
-47
2
44
108
163
195
219
244
254
246
229
185
140
88
36
-29
-90
-139
-185
-217
-251
-252
-257
-248
-217
-174
-124
-82
-22
37
90
146
188
225
253
269
276
277
251
216
181
132
85
18
-40
-84
-136
-178
-214
-220
-233
-238
-213
-179
-147
-103
-40
5
57
112
159
194
216
244
245
229
203
162
124
77
13
-47
-99
-153
-199
-236
-264
-269
-272
-256
-221
-180
-126
-81
-5
60
102
168
209
248
274
285
283
257
230
192
127
63
12
-54
-113
-165
-216
-241
-255
-260
-253
-239
-207
-159
-113
-69
-14
40
86
145
175
189
215
226
212
194
179
142
98
67
20
-27
-59
-101
-128
-149
-160
-161
-160
-134
-110
-84
-49
0
35
65
103
137
160
164
171
170
154
132
101
76
37
-9
-42
-82
-117
-146
-171
-189
-184
-188
-186
-152
-127
-95
-55
-11
33
58
97
137
143
144
154
156
143
122
101
67
35
1
-37
-76
-97
-122
-139
-146
-153
-146
-140
-118
-81
-54
-33
7
38
73
103
119
134
145
155
142
128
105
83
62
19
-7
-24
-60
-87
-101
-110
-116
-123
-110
-101
-87
-70
-53
-8
27
49
68
104
134
133
132
135
133
107
80
66
34
7
-23
-53
-79
-106
-109
-127
-140
-130
-120
-122
-104
-63
-44
-3
11
27
86
107
91
121
129
133
151
109
88
81
53
3
-30
-59
-98
-92
-115
-149
-145
-132
-136
-121
-94
-92
-52
4
20
-4
50
137
131
112
124
149
148
103
64
68
90
77
20
-11
-13
-65
-92
-75
-122
-155
-157
-158
-130
-67
-22
-43
-71
-4
90
74
62
73
97
127
127
96
37
48
58
27
-9
-56
-86
-88
-37
-67
-150
-124
-74
-58
-50
-6
22
-9
-5
68
108
36
-3
85
156
120
21
17
65
48
5
-26
-19
-56
-62
-5
-38
-103
-82
-7
7
-16
-47
-49
4
34
56
31
-4
7
24
30
30
-4
-45
1
35
-7
-89
-60
34
34
-16
-47
-10
35
54
43
20
-15
22
78
26
-29
-14
35
52
14
-62
-44
3
-28
-90
-115
-68
7
-26
-132
-53
84
47
-50
-1
100
70
-9
12
72
61
32
46
53
49
29
-14
-1
54
63
-11
-52
-70
-56
-37
-85
-78
-20
-8
-2
31
-26
-54
-2
37
44
-5
-16
66
72
30
26
14
16
9
-2
-14
-24
-25
1
-6
-35
-25
-9
-5
-11
-26
-17
8
16
-15
-16
42
79
43
-31
-30
23
33
-18
-25
15
16
5
-16
-20
-18
-52
-54
-16
-46
-102
-58
21
25
-62
-65
12
34
15
-31
10
55
21
35
59
44
22
44
61
16
-48
-15
76
58
-70
-100
18
31
-29
-55
-42
-10
-4
8
25
21
-3
24
71
55
17
12
64
63
-10
-19
31
39
-34
-66
-24
-8
-39
-40
-14
-17
-10
-5
-13
-4
-9
-9
21
29
19
0
-8
6
11
16
-3
-4
16
4
-6
10
24
24
-21
-15
16
3
-15
-25
-14
-23
-31
-26
-24
-8
-18
-38
-17
-1
-10
-27
-20
1
2
5
14
21
22
25
24
40
49
49
46
47
47
22
17
28
17
-13
-21
-8
-6
-31
-47
-49
-52
-55
-67
-63
-51
-31
-10
8
30
45
38
42
65
57
45
52
52
46
46
33
14
-2
-18
-28
-50
-71
-75
-68
-74
-78
-60
-43
-44
-43
-16
12
20
24
42
68
75
77
66
69
75
64
45
26
23
11
8
-11
-43
-56
-56
-39
-50
-64
-62
-53
-51
-58
-51
-36
-14
9
15
3
6
40
62
50
38
45
47
35
26
19
20
0
-18
-17
-22
-32
-51
-54
-51
-60
-60
-39
-22
-16
-5
13
32
31
28
47
68
59
52
55
55
50
25
11
2
-13
-17
-24
-35
-48
-54
-45
-47
-58
-42
-33
-46
-41
-14
4
-4
5
23
31
40
34
39
32
26
35
35
27
8
9
11
-1
-6
0
-6
-25
-17
-9
-6
-15
-20
-2
9
-7
-23
-13
-4
-3
-1
6
16
7
3
1
4
3
-7
-8
-3
-9
-7
2
4
-2
2
10
9
15
20
19
15
17
23
13
3
9
4
-5
-5
-4
-12
-18
-8
5
-9
-27
-15
-4
-4
-11
-17
-10
-1
-11
-17
-7
-2
2
-2
-2
5
7
10
10
9
5
6
13
6
-1
0
5
4
1
0
-1
-5
-6
-9
-11
-9
-20
-21
-12
-12
-18
-14
-5
0
-2
1
12
7
8
8
4
3
2
8
4
-2
-2
0
-4
-14
-17
-16
-18
-19
-20
-16
-9
-5
-6
-2
11
12
15
18
23
22
24
30
30
28
20
18
20
10
5
4
1
-10
-15
-12
-8
-9
-15
-7
-2
-5
-6
-2
0
1
5
5
10
5
-5
-3
-1
-6
-19
-18
-13
-14
-14
-13
-10
-10
-10
-7
-5
0
3
7
6
7
20
22
20
11
9
11
9
4
0
1
-6
-6
-8
-9
-17
-20
-16
-17
-23
-28
-17
-7
-7
-10
-13
-9
0
6
6
7
7
10
16
12
8
10
9
3
5
8
1
-3
1
8
8
9
14
18
21
29
33
33
38
45
45
41
44
41
32
27
21
16
6
3
-4
-17
-27
-36
-47
-61
-63
-68
-66
-73
-79
-75
-65
-56
-55
-51
-37
-16
-1
7
17
37
52
64
72
73
80
85
86
84
75
67
61
47
30
13
-3
-16
-28
-44
-61
-75
-76
-73
-79
-82
-69
-56
-53
-44
-28
-15
-8
7
22
29
31
38
52
53
44
32
33
35
26
15
9
9
3
-7
-14
-15
-15
-22
-21
-11
-1
-6
0
17
28
30
33
42
35
30
32
33
30
14
6
1
-7
-25
-43
-56
-62
-65
-74
-73
-66
-63
-55
-40
-26
-14
4
29
49
57
66
83
93
90
83
79
77
61
50
36
20
4
-15
-28
-39
-48
-57
-56
-50
-50
-50
-35
-17
-8
-3
8
21
31
39
40
43
41
40
29
19
8
-8
-27
-43
-57
-72
-90
-101
-106
-112
-113
-108
-99
-91
-85
-68
-44
-21
-5
17
39
54
71
91
104
104
109
119
124
118
110
108
95
84
70
55
40
24
14
-7
-23
-31
-36
-49
-63
-62
-63
-64
-71
-77
-70
-50
-46
-44
-38
-23
-4
7
21
25
36
46
53
56
54
48
49
44
31
19
6
-3
-11
-24
-41
-57
-67
-65
-70
-80
-81
-77
-74
-67
-56
-46
-34
-18
4
19
19
23
33
42
40
36
31
33
36
22
17
14
6
-3
-10
-8
-7
-16
-23
-20
-17
-7
-12
-8
2
5
11
8
14
18
24
29
35
34
35
40
35
30
19
17
19
13
3
-8
-6
-2
-9
-15
-17
-16
-26
-33
-30
-25
-23
-18
-20
-15
-8
-13
-14
-4
11
16
8
5
12
16
7
1
7
11
7
3
3
-3
-14
-16
-4
-1
-15
-19
-8
2
1
3
13
17
16
16
24
33
35
33
34
35
31
27
26
13
-3
-15
-18
-23
-33
-38
-42
-47
-47
-37
-39
-43
-40
-21
-11
-20
-17
-2
13
15
11
19
30
33
26
37
47
40
26
27
36
31
20
16
25
26
15
8
13
10
0
-11
-15
-11
-24
-39
-36
-24
-30
-47
-50
-38
-34
-38
-38
-30
-20
-13
-8
-3
6
17
21
23
28
35
40
40
37
34
36
33
21
14
15
3
-15
-21
-9
-9
-34
-45
-32
-25
-38
-45
-35
-25
-21
-12
5
15
5
13
32
41
31
17
29
35
29
19
18
18
8
-3
-5
-3
-8
-14
-11
-7
-7
-10
-6
0
1
1
6
22
26
24
25
29
34
34
34
23
18
21
18
4
-11
-16
-19
-18
-17
-33
-40
-33
-26
-29
-39
-32
-16
-16
-22
-17
-13
-11
-7
0
-2
-9
-4
5
-1
-9
-3
4
6
7
11
11
2
4
13
12
13
10
12
15
14
4
-10
-11
-6
-7
-15
-16
-16
-17
-18
-17
-21
-20
-14
-8
-10
-9
0
1
3
10
22
24
20
19
22
22
14
8
4
7
2
0
-1
-5
-4
-8
-15
-14
-11
-11
-11
-4
0
-4
-2
10
16
13
15
27
31
26
24
23
17
11
11
8
-2
-9
-12
-17
-28
-31
-26
-26
-33
-37
-33
-30
-25
-22
-19
-9
0
5
6
6
16
20
21
24
29
32
29
23
16
10
2
0
-2
-2
-4
-10
-11
-13
-18
-22
-21
-16
-15
-16
-13
-8
-7
-8
-9
-1
1
-3
-2
4
7
1
-1
4
5
-1
-6
-2
0
-2
-8
-10
-7
-4
-3
-3
-2
0
6
9
13
17
17
20
25
26
28
31
34
34
28
26
24
21
16
7
7
1
-7
-12
-13
-16
-29
-34
-32
-34
-29
-21
-25
-31
-25
-11
-9
-7
0
7
6
11
19
22
17
14
22
22
17
8
4
6
5
-1
0
0
-9
-14
-7
-2
-10
-16
-14
-13
-16
-15
-8
-5
-6
-7
0
-2
-10
-4
4
9
3
4
14
15
12
12
21
21
15
19
19
17
13
14
22
17
12
9
11
4
-5
-3
-2
-8
-13
-6
-1
-8
-13
-7
-5
-11
-9
-3
3
-4
-10
-4
-2
-4
-9
-2
2
0
-6
-9
-5
-6
-8
-7
-6
-8
-8
-4
-3
-11
-13
-5
2
0
-3
0
0
0
0
1
-1
2
4
7
8
1
0
0
4
-2
-6
-1
-2
-7
-10
-10
-9
-10
-13
-17
-13
-9
-14
-16
-7
0
-2
0
3
8
14
17
25
25
28
30
33
39
38
35
29
28
28
22
13
9
7
-1
-7
-9
-11
-18
-22
-26
-25
-22
-23
-21
-15
-9
-7
-4
-2
1
1
-1
1
2
-1
-9
-12
-12
-15
-25
-32
-36
-36
-36
-34
-32
-31
-29
-21
-12
-3
2
6
16
21
30
38
40
44
47
48
43
40
28
20
13
5
-3
-10
-17
-29
-35
-39
-40
-43
-43
-39
-35
-28
-24
-21
-13
0
8
19
28
36
45
54
62
62
62
60
58
53
47
40
36
31
23
14
3
0
-8
-18
-22
-23
-24
-27
-30
-28
-27
-30
-29
-25
-23
-19
-18
-17
-13
-7
-8
-10
-12
-7
-5
-9
-12
-15
-13
-14
-14
-13
-16
-14
-8
-6
-4
-2
0
3
6
7
7
12
15
12
11
10
11
9
5
4
2
-1
-2
-1
-3
-8
-11
-9
-7
-6
-6
-4
-1
1
11
