SAMPLES:	12829
BITSPERSAMPLE:	16
CHANNELS:	1
SAMPLERATE:	16000
NORMALIZED:	FALSE
1
0
0
0
0
0
0
0
-1
-3
-2
0
1
2
1
2
2
0
0
0
0
0
-1
0
-1
-1
-3
-5
-6
-6
-6
-7
-7
-7
-7
-9
-7
-7
-7
-5
-5
-3
-2
-1
-1
-1
0
0
0
0
1
3
1
2
3
4
4
4
5
5
6
6
5
7
10
10
11
11
12
9
10
13
12
10
8
8
7
5
5
3
0
-1
-1
-2
-4
-5
-6
-8
-10
-10
-10
-8
-8
-10
-10
-10
-10
-10
-10
-9
-8
-8
-7
-9
-8
-9
-9
-9
-7
-7
-7
-7
-4
-3
-4
-3
0
-1
0
0
1
3
4
6
5
5
6
9
7
6
6
7
7
5
6
6
7
8
7
5
6
7
8
9
11
12
13
11
12
9
10
11
10
9
8
6
4
1
-1
-2
-5
-7
-8
-11
-14
-16
-16
-18
-18
-19
-20
-21
-20
-20
-18
-18
-17
-16
-15
-14
-12
-11
-9
-8
-6
-3
0
0
2
4
5
5
7
9
9
8
9
10
9
7
8
8
8
8
7
7
6
5
8
10
10
11
11
15
15
14
14
16
19
19
18
16
15
15
12
11
9
5
2
1
-1
-4
-7
-8
-10
-12
-13
-13
-15
-15
-16
-15
-13
-14
-13
-12
-12
-13
-10
-9
-8
-7
-8
-7
-8
-9
-9
-8
-8
-8
-7
-7
-4
-3
-3
-1
1
3
4
4
6
8
9
8
8
10
11
10
10
11
8
6
7
7
8
7
6
7
7
6
6
6
6
7
8
9
9
10
10
8
6
5
5
4
4
2
0
-1
-2
-3
-6
-9
-8
-8
-10
-9
-9
-9
-10
-9
-8
-8
-9
-8
-6
-4
-2
-2
-3
-2
0
-1
0
1
1
2
2
2
1
4
4
3
2
2
2
-1
0
0
-1
0
-1
-1
-3
-3
-2
-2
-1
-2
-3
-1
-1
0
0
-1
0
-1
1
1
0
1
1
1
0
0
-1
0
0
0
0
0
0
0
0
0
0
0
1
0
0
0
0
0
2
0
0
0
-1
0
0
1
0
0
1
0
0
0
1
0
1
1
1
1
1
4
2
2
2
2
4
2
1
2
2
2
1
1
0
0
0
0
0
0
-1
-1
-2
-3
-2
-1
1
-1
0
0
0
0
1
0
1
2
2
2
1
1
2
1
1
1
0
-1
0
0
0
-1
0
-1
0
0
0
1
0
1
1
1
1
3
3
2
1
1
2
2
2
1
1
1
1
0
0
0
0
-1
-1
0
-1
-1
-2
-1
0
1
1
0
0
0
1
0
1
1
1
1
1
1
1
1
0
-1
-1
-1
0
0
-1
0
0
-1
-1
-2
-1
0
1
0
0
-1
2
0
1
1
1
0
2
3
1
1
0
0
0
0
0
0
-1
0
0
-1
-1
-2
-1
0
-1
0
1
0
1
1
1
0
0
0
0
0
1
0
0
-1
-1
-3
-2
0
-1
-2
-3
-3
-2
-2
-2
-3
-2
0
0
0
0
2
2
2
1
1
1
2
1
0
0
0
0
-1
0
-2
-4
-2
-3
-4
-5
-4
-2
-1
0
-1
-1
-1
0
1
3
3
5
4
4
5
5
6
6
5
3
1
2
2
1
-1
-1
0
-1
-2
-6
-5
-5
-5
-5
-5
-5
-2
-2
-3
0
0
1
2
4
5
3
5
5
4
5
5
5
4
2
2
2
3
1
-1
0
0
1
0
1
-1
-2
0
0
0
0
1
2
2
0
0
0
0
0
0
0
0
0
1
0
-1
-1
0
0
0
1
1
3
2
1
2
3
2
3
3
3
3
2
1
1
0
0
-1
-2
-1
-1
-2
-3
-3
-2
-2
-2
-2
-2
0
-1
0
0
0
0
0
0
0
0
-1
-1
-1
-3
-3
-3
-1
-1
-2
-4
-2
-2
-1
0
-1
-1
1
2
3
1
3
2
3
3
2
2
2
2
2
2
1
0
0
1
-1
0
0
0
-1
-1
0
0
0
1
0
0
0
0
0
1
1
-1
-2
-1
0
-1
-2
-2
-2
-2
-4
-4
-5
-4
-3
-4
-4
-4
-3
-1
-1
-2
-2
0
0
-1
-1
0
0
0
0
0
1
1
0
1
0
0
0
0
-1
0
-1
-1
-2
-1
0
0
0
0
0
-1
-1
-3
-1
0
0
0
-1
0
-1
-2
-2
-1
-1
-1
-2
-1
0
1
2
2
2
2
3
4
3
4
4
4
3
3
1
1
-1
-2
-2
-3
-4
-5
-7
-8
-8
-8
-6
-5
-5
-4
-3
-1
0
2
3
3
5
5
5
5
4
5
4
3
1
1
1
0
1
-2
-3
-2
-2
-2
-2
-3
-1
1
0
0
1
1
3
3
2
2
3
3
2
2
0
0
1
-1
-2
-3
-2
-1
-2
-2
-4
-2
-2
-1
0
0
1
2
1
2
2
1
1
1
3
3
1
1
1
1
0
-1
-1
-2
-1
-1
-2
-2
-4
-4
-3
-2
0
0
0
0
1
1
0
1
0
2
2
2
1
0
1
1
0
0
0
1
0
0
0
0
0
0
-1
1
0
0
0
0
2
2
3
3
2
2
4
3
3
3
3
2
2
4
4
3
2
1
0
-1
0
1
0
0
-1
0
0
0
0
0
0
0
0
1
2
1
1
1
1
-1
0
0
0
2
2
1
0
0
1
1
0
-2
-2
-1
-1
0
0
0
1
1
0
0
-1
0
1
2
-1
0
-1
1
1
0
0
0
1
1
1
3
1
2
1
1
0
0
1
1
0
0
-1
-1
-2
-4
-5
-5
-4
-3
-3
-4
-2
-4
-3
-2
-1
0
0
1
3
2
3
3
4
4
5
4
3
1
1
1
-1
-2
-3
-1
-3
-5
-5
-6
-5
-5
-4
-4
-1
1
0
1
2
3
3
4
3
5
6
5
6
4
3
4
3
2
0
1
0
0
-1
-1
-1
-1
-1
-2
-2
-1
1
0
1
1
1
2
2
1
2
2
1
-1
0
0
0
-2
-1
-2
-1
-4
-4
-3
-3
-3
-3
-2
0
-1
0
0
1
1
1
2
3
2
2
3
3
3
2
2
2
0
1
1
0
0
0
0
-1
-2
-1
0
-1
-1
-1
0
-1
-2
-3
-1
0
-1
0
-1
0
0
0
-1
0
1
0
0
2
1
1
0
0
0
0
0
-1
0
-1
-1
0
0
0
-1
0
0
-1
0
-1
2
2
0
1
1
1
0
0
0
1
0
0
-1
-3
-4
-4
-3
-1
-1
-3
-3
-4
-3
-2
-3
-1
0
3
3
1
2
3
3
1
0
1
0
0
-2
-1
0
1
-1
-3
-2
-4
-4
-3
-1
-1
-3
-3
0
0
-3
-2
-1
0
0
-2
-1
0
1
0
1
-1
0
2
3
2
0
0
1
3
3
3
4
4
3
0
0
1
1
2
1
1
0
0
-2
-2
1
0
-3
-4
0
0
-1
-3
-2
0
0
2
2
1
0
2
2
0
-1
0
0
0
1
-1
0
0
0
-1
0
2
1
1
1
0
2
3
5
5
5
1
3
3
2
1
5
7
3
1
0
2
1
0
0
0
0
0
1
1
-2
-4
-1
1
0
-2
-1
2
3
-1
-2
1
4
0
-3
0
3
2
1
0
0
2
2
1
-1
-1
1
0
0
1
0
0
1
2
0
0
0
1
-2
0
3
2
0
-1
0
0
-1
-2
-2
-1
1
1
0
-1
2
3
1
0
2
4
4
2
2
3
3
2
2
1
0
0
0
-1
-1
-3
-1
-1
-3
-4
-5
-4
-3
0
-2
0
0
2
3
3
3
4
5
6
5
3
3
3
1
2
1
2
0
-2
-3
-6
-7
-4
-2
-3
-5
-5
-4
-3
-1
-2
-2
-1
1
-1
1
3
3
1
2
3
2
0
0
1
0
0
0
-1
-1
-3
-3
-2
-1
1
1
0
1
3
3
0
0
2
4
2
1
2
2
3
2
-2
-2
-1
-1
0
0
-1
-1
-1
0
-1
0
-1
0
2
1
3
4
2
2
4
2
3
4
2
2
1
0
0
0
-1
-1
-1
0
-1
-2
-1
0
0
0
1
0
0
2
1
1
1
2
2
2
0
0
1
2
2
-1
0
0
1
0
0
0
0
-1
0
0
2
1
0
1
2
0
-1
0
-1
1
-1
0
0
1
1
-1
0
-2
-2
-2
-2
-2
-2
-2
-2
-1
-2
-2
-1
-2
-1
0
1
-1
0
0
0
1
1
1
1
2
2
1
1
1
-1
-1
0
-2
-3
-3
-2
-3
-4
-3
-2
-4
-3
-4
-2
-2
-2
-2
-1
0
0
0
0
0
1
1
2
1
0
0
2
0
-1
0
0
1
-2
-3
-3
-1
1
0
-1
-2
-1
0
-1
-1
-1
-1
1
1
0
1
1
1
1
1
2
0
0
1
0
-1
-1
1
1
-1
-3
-4
-3
-5
-5
-5
-3
-4
-3
-6
-5
-5
-5
-4
-3
0
-1
-1
2
2
1
0
1
2
4
4
2
1
1
1
1
0
0
0
0
0
-2
-3
-3
-3
-3
-3
0
-1
0
-1
-1
1
0
1
2
2
2
0
1
4
1
1
2
0
0
-1
1
0
-1
-1
-3
-3
-2
-2
-3
-3
-3
0
-1
-1
0
-1
0
0
0
0
0
0
-2
0
0
-1
-1
-1
0
0
0
-2
-2
0
1
0
0
0
1
0
0
2
1
1
3
3
4
0
0
1
-3
-2
0
1
0
-3
-2
1
-2
-2
-3
-3
0
-1
0
0
-1
1
2
3
1
1
2
4
1
-1
0
0
-1
1
-2
-2
-1
-4
-3
-4
-3
-4
-1
-2
-3
-4
-2
1
2
2
0
1
1
3
2
1
3
4
5
5
3
1
0
0
0
0
0
0
-1
-2
-1
-2
-4
-3
-3
-3
-1
-1
0
1
0
0
0
1
-1
1
1
4
4
2
5
6
4
2
2
5
3
2
2
2
2
0
1
0
0
-2
0
1
0
-1
0
1
1
-1
0
0
0
0
0
1
0
1
0
-1
-1
0
0
-1
0
0
0
-3
-1
-1
-2
0
-3
-2
-2
-3
-1
-3
-2
-1
0
0
-1
-2
1
0
1
2
0
2
2
0
-1
0
0
-1
0
-1
-2
-2
-3
-2
-3
-4
-4
-2
-3
-3
-2
-2
-1
0
1
0
-1
1
1
0
0
1
0
0
2
0
-1
-1
-1
-1
-3
-2
-1
1
-1
-2
-1
-2
-1
-1
0
0
0
0
0
1
0
1
0
0
0
0
0
-2
-1
0
0
1
0
1
0
0
0
1
1
1
2
1
3
3
2
1
1
2
1
1
0
0
0
0
0
0
0
0
1
1
0
0
0
0
1
0
1
2
0
2
-1
1
1
0
1
0
0
0
-1
-2
-2
-1
-1
-1
-2
-3
-3
-3
-2
-2
0
0
0
0
0
1
0
1
2
3
3
2
1
3
4
2
2
2
2
0
0
0
0
0
0
-1
-2
-2
0
0
-2
-2
-2
0
0
1
0
0
0
0
1
-1
1
1
0
1
3
4
3
1
2
-1
0
0
0
0
1
2
1
1
-2
-1
1
1
0
-1
3
6
3
-1
-1
2
6
3
2
2
0
0
0
2
-2
-3
0
0
0
-4
-4
-5
-1
3
-1
-7
-3
2
1
1
0
0
1
8
6
-1
0
9
10
0
-5
5
15
7
-4
-8
1
9
1
-8
-9
-4
-3
-4
-6
-5
-1
3
5
-1
-5
1
11
11
-3
-3
12
20
11
3
8
9
-2
-7
2
11
0
-17
-15
6
8
-7
-20
-20
-4
2
2
-6
-8
1
3
6
12
8
-4
0
12
14
6
3
11
17
5
-7
-7
0
3
-6
-17
-3
8
-13
-23
0
13
-7
-19
-4
11
13
6
-9
-10
20
28
-4
-15
12
24
-1
-9
3
-2
-4
13
5
-22
-16
11
9
-12
-17
-9
0
11
8
-20
-29
-3
14
0
-9
6
4
-5
4
5
-10
-9
7
14
6
11
14
-8
-15
6
7
-13
-4
24
8
-22
-20
-1
3
-4
-1
-7
-14
-5
3
-4
-15
-4
11
5
-11
-18
-7
10
12
-2
-14
-4
7
0
-11
1
12
-3
-20
-12
1
-7
-5
7
-3
-16
-3
22
13
-7
-8
6
13
9
12
6
3
6
13
11
-1
5
8
0
2
5
-5
-15
-1
4
-8
-19
-10
-4
-17
-16
-1
10
-5
-18
-8
8
10
-5
-4
3
9
7
-1
-1
6
8
4
0
-1
4
1
-2
-1
-1
2
6
1
-8
-2
9
3
-12
-10
1
3
-3
-4
2
5
-5
-7
-5
-4
-1
-2
-1
0
6
7
-4
-4
8
11
1
1
7
10
1
-4
3
8
4
-4
-1
2
-2
-5
-5
-9
-12
-7
-2
-4
-4
1
2
-1
-4
-2
-1
2
7
5
5
6
7
5
2
2
0
1
5
5
-1
-4
-4
-1
-2
-5
-6
-5
-3
-3
-3
-4
-6
-4
0
1
0
1
3
3
2
2
5
5
5
5
6
4
3
2
1
2
2
-1
0
0
-1
-3
-4
-3
-2
-2
-1
-3
-2
-1
-1
0
0
0
1
1
2
3
0
0
2
4
3
1
0
0
1
0
0
0
0
0
1
0
-1
0
1
1
0
-1
-1
0
1
2
0
0
3
4
1
-1
-1
0
2
1
0
-1
-2
1
0
-2
-3
-1
0
0
1
-1
0
1
2
2
2
2
2
3
2
2
1
3
3
2
0
1
1
2
0
0
1
2
0
0
0
1
1
2
2
-1
0
2
2
1
0
0
2
1
-1
-1
-1
-1
-1
-1
-1
0
1
1
1
0
0
-1
0
1
0
2
1
0
0
0
0
-1
-4
-2
0
-1
-2
-6
-4
-4
-4
-2
-3
-1
-1
-2
-3
-2
0
-1
-1
0
0
-1
-1
-1
0
0
0
0
0
-1
-1
0
0
1
0
3
1
2
3
3
2
1
2
0
3
2
3
3
2
-1
-4
-3
-1
-3
-4
-3
-4
-5
-6
-5
-4
-4
-3
-3
-4
-3
-1
0
-1
0
0
0
-1
-2
-3
-2
0
0
-1
0
1
0
-1
1
2
0
-1
3
4
1
4
5
6
4
4
5
3
1
0
1
1
3
2
-1
0
-1
-1
-1
-1
0
-1
0
0
0
-2
0
-2
-2
-2
-2
0
0
-2
-3
-4
-4
-3
-3
-4
-5
-4
-4
-3
-3
-3
-3
-1
0
0
-1
-1
-1
0
0
0
-2
1
0
-2
-3
-2
-1
-2
-1
-1
-1
0
0
-1
-3
0
0
-1
-1
1
0
1
0
0
0
0
1
0
-1
0
0
-1
-4
-3
-3
-1
-1
0
-1
0
2
2
3
4
3
6
4
2
6
2
0
-4
-7
-7
-8
-12
-18
-20
-20
-20
-22
-23
-24
-21
-16
-14
-16
-13
-5
-2
-4
-7
-3
1
0
-4
-9
-14
-19
-18
-13
-9
-5
4
25
47
66
83
107
132
148
159
170
176
174
170
162
140
106
68
45
26
0
-40
-68
-63
-43
-36
-47
-33
15
67
101
129
182
250
303
327
329
329
317
283
221
132
23
-90
-215
-356
-521
-699
-863
-1007
-1135
-1262
-1390
-1491
-1544
-1543
-1526
-1511
-1466
-1332
-1120
-879
-636
-360
-22
372
770
1126
1463
1821
2180
2476
2664
2790
2894
2934
2852
2672
2429
2116
1717
1237
712
146
-453
-1032
-1572
-2090
-2564
-2932
-3153
-3271
-3301
-3186
-2894
-2438
-1892
-1249
-490
325
1135
1928
2728
3459
4017
4408
4664
4755
4601
4225
3686
2984
2088
1027
-76
-1163
-2256
-3355
-4402
-5272
-5913
-6364
-6664
-6785
-6635
-6216
-5647
-5010
-4238
-3278
-2217
-1195
-242
709
1679
2631
3474
4155
4716
5232
5697
6018
6142
6130
6061
5922
5620
5138
4548
3948
3293
2493
1573
633
-278
-1211
-2154
-3034
-3837
-4581
-5213
-5647
-5886
-6024
-6039
-5803
-5286
-4623
-3942
-3159
-2127
-915
267
1317
2335
3420
4442
5201
5674
6006
6222
6187
5817
5185
4391
3449
2363
1120
-236
-1607
-2884
-4031
-5103
-6079
-6823
-7244
-7381
-7324
-7080
-6568
-5780
-4791
-3685
-2493
-1245
-6
1208
2372
3389
4167
4722
5173
5482
5503
5251
4916
4582
4115
3474
2829
2319
1873
1410
1019
780
651
588
626
785
973
1105
1189
1280
1359
1338
1108
675
153
-419
-1088
-1911
-2840
-3739
-4544
-5277
-5942
-6397
-6513
-6371
-6092
-5607
-4758
-3586
-2267
-921
520
2098
3653
5030
6158
7120
7876
8261
8229
7873
7257
6315
5017
3476
1833
136
-1587
-3314
-4962
-6397
-7494
-8265
-8803
-9119
-9058
-8551
-7753
-6839
-5794
-4508
-3059
-1622
-295
965
2192
3300
4175
4800
5302
5724
5979
5977
5756
5490
5205
4841
4354
3765
3181
2641
2154
1706
1321
984
668
473
466
502
415
292
287
313
105
-302
-707
-1097
-1702
-2528
-3293
-3903
-4525
-5225
-5784
-5986
-5897
-5745
-5520
-4981
-3945
-2661
-1464
-307
1090
2772
4321
5476
6443
7462
8311
8630
8476
8178
7832
7115
5889
4486
3164
1834
285
-1343
-2762
-4007
-5179
-6250
-7075
-7622
-7999
-8243
-8321
-8166
-7783
-7280
-6718
-6052
-5192
-4210
-3209
-2197
-1150
-11
1162
2255
3218
4124
4985
5678
6096
6286
6368
6299
5973
5378
4698
4067
3444
2759
2084
1591
1324
1228
1249
1342
1466
1623
1790
1811
1508
920
219
-645
-1894
-3461
-4980
-6273
-7541
-8874
-9876
-10216
-10008
-9531
-8750
-7368
-5414
-3110
-640
1879
4403
6832
9126
11119
12570
13468
13930
13951
13330
12106
10630
8978
6910
4434
1985
-146
-2213
-4398
-6404
-7911
-9091
-10130
-10872
-11164
-11147
-11025
-10645
-9927
-8962
-7905
-6790
-5559
-4220
-2792
-1397
-92
1105
2271
3395
4352
5090
5611
5998
6208
6177
5890
5374
4771
4090
3266
2315
1407
768
316
-85
-365
-328
121
779
1422
2026
2706
3454
3989
4080
3766
3210
2436
1239
-396
-2160
-3827
-5449
-7118
-8568
-9412
-9651
-9582
-9264
-8342
-6680
-4667
-2639
-521
1868
4291
6413
8245
9862
11185
12010
12344
12325
11994
11316
10200
8664
6834
4882
2874
761
-1535
-3921
-6106
-7934
-9507
-10987
-12210
-12899
-13044
-12890
-12515
-11713
-10477
-9043
-7607
-6072
-4310
-2470
-792
628
1997
3410
4721
5780
6554
7132
7465
7525
7341
6899
6123
4996
3705
2411
1170
-42
-1130
-1884
-2229
-2201
-1802
-993
193
1623
3069
4323
5337
6189
6789
6689
5665
4157
2687
1057
-1223
-3852
-5993
-7447
-8769
-10038
-10515
-9939
-8991
-8175
-6948
-4769
-2226
-212
1366
3251
5404
7123
8182
9069
10020
10629
10698
10521
10368
9988
9036
7637
6103
4540
2749
599
-1824
-4267
-6448
-8411
-10290
-11987
-13138
-13671
-13912
-13858
-13204
-11862
-10311
-8877
-7254
-5206
-2960
-949
802
2470
4096
5612
6904
7863
8429
8650
8592
8179
7336
6215
4905
3348
1550
-190
-1502
-2424
-3166
-3662
-3559
-2719
-1451
33
1737
3533
5075
6253
7301
8031
7839
6575
4918
3387
1513
-1128
-3971
-6105
-7558
-9039
-10415
-10801
-9986
-8865
-8060
-6944
-4841
-2241
-192
1218
2791
4773
6517
7566
8324
9272
10149
10496
10413
10328
10237
9649
8385
6766
5129
3352
1054
-1685
-4419
-6809
-8981
-11118
-12899
-13958
-14322
-14292
-13890
-12806
-11042
-8994
-7009
-5006
-2776
-463
1565
3176
4515
5737
6777
7458
7787
7885
7834
7507
6788
5820
4810
3751
2403
776
-781
-1960
-2839
-3650
-4272
-4389
-3889
-3010
-1925
-493
1250
2932
4246
5330
6441
7232
7054
5927
4598
3461
1936
-462
-3102
-5031
-6325
-7758
-9254
-9837
-9299
-8608
-8284
-7483
-5494
-3147
-1600
-527
1200
3555
5415
6397
7339
8761
10012
10429
10369
10489
10604
9978
8447
6581
4796
2907
455
-2608
-5711
-8263
-10284
-12277
-14196
-15292
-15256
-14669
-13963
-12616
-10169
-7271
-4747
-2428
344
3377
5745
7211
8393
9644
10487
10503
10089
9742
9323
8365
6943
5622
4612
3464
1781
-50
-1427
-2296
-3184
-4327
-5170
-5209
-4568
-3819
-3102
-1963
-197
1713
3075
4005
5153
6350
6582
5462
4036
3198
2088
-397
-3523
-5625
-6674
-8188
-10244
-11157
-10377
-9447
-9361
-8745
-6412
-3644
-2080
-1137
824
3601
5552
6379
7326
8987
10505
11068
11059
11146
11197
10650
9199
7156
5040
2914
333
-3039
-6560
-9258
-11239
-13325
-15528
-16670
-16255
-15244
-14276
-12688
-9753
-6245
-3324
-820
2101
5363
7869
9132
9840
10669
11362
11213
10243
9183
8442
7614
6155
4387
3009
2011
716
-1142
-2775
-3608
-4126
-4951
-5869
-5980
-5061
-3826
-2756
-1516
462
2929
4937
6153
7211
8549
9305
8363
6310
4628
3370
1016
-2741
-5947
-7501
-8749
-10952
-12724
-12225
-10529
-9782
-9613
-7830
-4397
-1784
-856
296
2907
5494
6486
6828
8071
9781
10501
10145
9912
10173
9956
8508
6299
4185
2302
23
-3036
-6308
-8953
-10828
-12508
-14121
-14946
-14541
-13430
-12173
-10428
-7734
-4569
-1863
320
2632
5131
7068
7948
8232
8555
8757
8341
7378
6497
5929
5130
3753
2301
1493
1077
111
-1530
-2885
-3306
-3419
-3930
-4491
-4318
-3389
-2270
-1114
376
2367
4486
6209
7351
8227
9254
9898
9074
6769
4422
2968
1152
-2298
-6165
-8328
-9115
-10643
-12770
-13101
-11222
-9669
-9660
-8839
-5477
-1803
-402
-53
2019
5389
7240
7219
7616
9347
10671
10329
9599
9745
10031
9097
7014
5112
3786
2171
-480
-3756
-6475
-8355
-10101
-12161
-13836
-14194
-13577
-12919
-12112
-10201
-7250
-4508
-2534
-460
2270
4753
6071
6587
7187
7786
7714
7028
6307
5744
5059
4126
3209
2517
1915
1216
297
-592
-1149
-1484
-2013
-2801
-3219
-2842
-1977
-1248
-625
421
2066
3745
4896
5734
6721
7566
7239
5648
3983
3018
1707
-1282
-5001
-7235
-7934
-9246
-11533
-12398
-10840
-9297
-9387
-8849
-5529
-1504
57
160
2120
5766
7908
7740
7875
9516
10697
10071
9097
9320
9710
8683
6526
4653
3498
2129
-224
-3345
-6180
-8116
-9714
-11658
-13516
-14102
-13469
-12783
-12259
-10743
-7698
-4604
-2596
-770
1940
4875
6524
7047
7635
8388
8498
7692
6768
6215
5618
4574
3332
2507
2127
1646
692
-390
-966
-1045
-1314
-2072
-2694
-2597
-1991
-1440
-927
-17
1317
2665
3613
4320
5264
6341
6535
5162
3195
2066
1374
-665
-4137
-6876
-7841
-8674
-10504
-11644
-10517
-8735
-8371
-8113
-5516
-1534
671
930
2095
5005
7184
7249
7081
8205
9298
8754
7655
7811
8690
8341
6369
4422
3514
2710
697
-2384
-5209
-7187
-9030
-11233
-13010
-13454
-12991
-12590
-12025
-10239
-7209
-4253
-2141
-174
2372
4921
6395
6822
7078
7493
7473
6599
5409
4574
4081
3341
2328
1625
1426
1220
469
-330
-529
-349
-588
-1354
-1828
-1659
-1147
-672
-69
873
1991
3273
4634
5900
6840
7474
7670
6878
5258
3701
2448
306
-3201
-6414
-8025
-9118
-11167
-12894
-12446
-10939
-10473
-10261
-7788
-3781
-1436
-963
592
4169
6909
7087
6903
8440
10252
10160
9060
9174
10183
9917
7964
6074
5223
4222
1847
-1461
-4405
-6484
-8450
-10834
-13019
-13917
-13609
-13268
-13056
-11760
-8905
-5992
-4327
-2962
-505
2418
3997
4214
4627
5621
6103
5540
4978
5121
5325
4855
4134
4094
4550
4513
3628
2672
2328
2114
1230
-89
-1001
-1369
-1708
-2138
-2014
-997
348
1375
2150
3334
5071
6590
6900
5916
4619
3735
2732
474
-2859
-5727
-7337
-8782
-10977
-12601
-12068
-10438
-9986
-10166
-8238
-4097
-1017
-435
358
3478
6761
7587
7312
8650
10945
11526
10439
10167
11277
11611
9862
7446
6027
5039
2933
-495
-3914
-6264
-8033
-10161
-12535
-13995
-13997
-13396
-13055
-12458
-10622
-8009
-6035
-4931
-3341
-745
1442
2183
2499
3738
5173
5543
5351
5873
6862
6958
6282
5981
6319
6184
4977
3561
2623
1923
714
-813
-1926
-2422
-2632
-2804
-2465
-1373
125
1463
2592
3990
5677
7039
7278
6400
5271
4374
3160
643
-2750
-5449
-6995
-8579
-10953
-12554
-12115
-10973
-10891
-10864
-8554
-4845
-2716
-2388
-926
2733
5759
6295
6394
8380
10944
11571
10888
11233
12418
12117
9984
8055
7203
5830
2746
-960
-3751
-5613
-7521
-9821
-11955
-13025
-12890
-12328
-11928
-11191
-9414
-7255
-5781
-4689
-2767
-233
1348
1702
2301
4008
5596
5915
5704
6135
6930
6999
6444
6076
5858
5008
3365
1825
932
144
-1257
-3071
-4292
-4454
-4055
-3651
-3095
-1855
-93
1623
3192
4893
6717
7854
7716
6651
5571
4794
3448
750
-2663
-5214
-6567
-7976
-10046
-11361
-10832
-9839
-9793
-9589
-7232
-3760
-1976
-1716
-292
3137
5945
6529
6812
8616
10742
11166
10598
10999
11978
11488
9345
7393
6467
5165
2324
-1189
-3979
-5926
-7916
-10247
-12232
-13192
-13372
-13385
-13190
-12096
-10007
-7885
-6396
-4887
-2354
641
2673
3529
4502
6238
7659
7861
7451
7473
7658
7093
5919
4979
4329
3205
1410
-260
-1229
-2015
-3330
-4858
-5637
-5287
-4577
-4044
-3192
-1444
901
2879
4437
6206
8196
9341
8725
7291
6385
5691
3595
-209
-3718
-5604
-7015
-9478
-12002
-12434
-11270
-10861
-11309
-10062
-6371
-3111
-2166
-1363
1698
5578
7439
7681
8832
11029
12221
11830
11535
12189
12331
10817
8591
7102
6131
4257
1088
-2216
-4641
-6485
-8645
-11077
-12827
-13605
-13945
-14139
-13625
-11949
-9839
-8147
-6627
-4273
-1093
1631
3149
4171
5607
7080
7700
7460
7144
6939
6321
5273
4342
3727
2867
1436
40
-815
-1409
-2350
-3622
-4489
-4659
-4387
-3969
-3292
-2010
-315
1467
3133
4855
6787
8316
8655
7803
6799
6256
5087
2273
-1217
-3680
-5185
-7295
-9931
-11211
-10719
-10243
-10731
-10408
-7765
-4538
-2949
-2272
-146
3389
5824
6549
7399
9360
10966
10894
10407
10860
11427
10530
8405
6813
6075
4833
2360
-481
-2554
-4199
-6182
-8364
-10046
-11028
-11871
-12624
-12616
-11609
-10177
-8927
-7503
-5230
-2410
197
2189
3918
5602
6857
7563
7826
7775
7234
6175
5117
4368
3703
2677
1332
158
-634
-1221
-2000
-2924
-3617
-3933
-3903
-3511
-2599
-1274
108
1403
2867
4611
6379
7535
7529
6689
5816
5091
3612
830
-2262
-4483
-6239
-8557
-10885
-11724
-11270
-11262
-11808
-10969
-8047
-5222
-4100
-3081
-372
3097
5123
5998
7664
10021
11381
11310
11487
12563
12998
11724
9727
8449
7454
5501
2498
-432
-2656
-4717
-7139
-9529
-11050
-11797
-12479
-13194
-13170
-11886
-10211
-9010
-7854
-5690
-2597
-21
1525
2966
5108
7136
7961
8040
8327
8705
8164
6830
5968
5717
4933
3042
1108
259
-194
-1395
-3024
-4009
-4141
-4079
-4014
-3255
-1717
-49
1403
2714
4424
6352
7699
7755
6695
5842
5323
3926
961
-2272
-4185
-5702
-8329
-11197
-12064
-11190
-11251
-12498
-12056
-8802
-5669
-4937
-4398
-1388
2603
4462
4716
6424
9636
11387
10915
10822
12577
13850
12497
10097
9057
8787
6769
2799
-724
-2624
-4392
-7523
-10928
-12678
-12967
-13412
-14352
-14287
-12549
-10492
-9164
-7855
-5315
-2060
366
1703
2991
5031
6989
7965
8204
8499
8983
8879
8249
7676
7372
6657
4903
2937
1599
723
-642
-2698
-4412
-5226
-5316
-5187
-4830
-3797
-2172
-363
1226
2889
4992
6726
7044
6118
5378
5264
4317
1693
-1344
-3255
-4458
-6380
-8536
-9297
-8868
-8781
-9347
-8732
-6225
-3765
-2814
-2315
-369
2501
4284
4792
5671
7516
8968
9188
9313
10396
11302
10643
8940
7739
7052
5271
1952
-1615
-4342
-6770
-9701
-12527
-14323
-15179
-15808
-15975
-14859
-12640
-10343
-8422
-6165
-3173
-118
2171
3778
5365
6853
7849
8430
9025
9603
9583
9069
8696
8583
8089
6700
4948
3414
1865
-78
-2162
-3756
-4916
-6051
-6828
-6543
-5222
-3666
-2226
-469
1845
4242
6176
7374
7717
7337
6516
5340
3394
577
-2274
-4566
-6674
-9040
-10809
-10955
-10348
-10309
-10232
-8405
-5124
-2707
-1702
-203
2670
5287
6291
6861
8335
9830
10165
9976
10515
11357
11072
9668
8315
7328
5801
3081
-194
-3287
-6252
-9232
-11990
-14081
-15559
-16619
-16920
-16070
-14191
-11982
-9776
-7270
-4229
-1091
1482
3546
5519
7331
8423
8797
9248
10067
10525
9972
8994
8645
8657
7838
5856
3840
2593
1315
-901
-3408
-4811
-5244
-5964
-7000
-6840
-4939
-2798
-1563
-455
1855
4835
6740
6974
6554
6461
6133
4499
1604
-1225
-3287
-5359
-8095
-10543
-11255
-10689
-10474
-10774
-9781
-6730
-3535
-1890
-791
1731
5012
6804
7060
7840
9720
10685
9854
9195
10105
10860
9517
7241
6255
6032
4207
654
-2500
-4437
-6638
-9954
-12894
-14170
-14637
-15586
-16362
-15354
-12792
-10395
-8822
-6838
-3533
-31
2312
3782
5592
7729
8988
9269
9675
10645
11067
10334
9518
9466
9463
8218
6053
4314
3146
1505
-999
-3347
-4678
-5589
-6752
-7569
-7075
-5382
-3670
-2431
-943
1555
4520
6370
6454
5926
5927
5742
3941
696
-2088
-3788
-5656
-8430
-10613
-10549
-9470
-9351
-9602
-7832
-4097
-1191
-185
999
3875
6702
7527
7347
8168
9528
9509
8317
7905
8615
8644
7101
5374
4749
4298
2465
-471
-3062
-4812
-6914
-9878
-12434
-13565
-14112
-15338
-16253
-15261
-12927
-11090
-9939
-7822
-4260
-848
1276
3021
5437
7877
9157
9479
9963
10790
11056
10354
9450
9089
8786
7602
5732
4131
3016
1559
-582
-2597
-3825
-4590
-5397
-5877
-5295
-3949
-2593
-1208
674
3024
4992
6075
6408
6345
6024
5028
2988
225
-2327
-4400
-6680
-9228
-10823
-10855
-10496
-10677
-10136
-7455
-3960
-1819
-526
1953
5428
7636
8079
8644
10130
10957
10056
8995
9298
9774
8577
6454
5446
5337
4090
1366
-1203
-3021
-5081
-8029
-10820
-12645
-14096
-15776
-17092
-16912
-15507
-13928
-12430
-10163
-6793
-3174
-48
2679
5439
7903
9482
10211
10676
11067
10760
9527
8195
7494
6963
5654
3848
2601
1959
1047
-489
-1892
-2586
-2953
-3547
-4047
-3660
-2379
-1079
-154
1090
3150
5327
6483
6531
6414
6504
5959
4016
1251
-1119
-3070
-5523
-8466
-10525
-11017
-11156
-11806
-11846
-9789
-6641
-4471
-3097
-695
2958
5821
7010
7962
9733
11211
11152
10484
10632
11142
10446
8528
7067
6536
5538
3020
-28
-2264
-4188
-6835
-9888
-12118
-13536
-15050
-16417
-16596
-15343
-13788
-12468
-10556
-7468
-3786
-649
1869
4345
6841
8795
9770
10139
10327
10134
9193
7710
6479
5680
4592
2847
971
-103
-627
-1504
-2764
-3715
-3888
-3845
-3766
-3235
-2069
-677
428
1592
3241
5212
6609
6777
6230
5855
5681
4638
2216
-438
-2261
-3848
-6125
-8393
-9159
-8951
-9476
-10363
-9550
-6697
-4337
-3772
-2933
-60
3342
4902
5397
7001
9358
10379
9965
10202
11595
12091
10583
8692
8067
7708
5745
2427
-521
-2591
-4938
-8029
-10860
-12547
-13759
-15174
-16113
-15571
-13873
-12391
-11149
-9138
-5911
-2586
-155
1977
4450
6980
8620
9533
10422
11089
10892
9813
8795
8080
6919
4805
2332
467
-791
-2161
-3939
-5465
-6043
-5884
-5574
-5007
-3649
-1620
234
1632
3252
5415
7283
7781
7040
6254
5805
4790
2469
-490
-2866
-4751
-6908
-9203
-10482
-10592
-10867
-11567
-11221
-8910
-6145
-4691
-3676
-1228
2360
5103
6485
8082
10499
12327
12670
12682
13543
14108
12848
10419
8660
7640
5585
1947
-1772
-4371
-6648
-9610
-12532
-14176
-14854
-15587
-16212
-15509
-13407
-11191
-9462
-7541
-4574
-1194
1584
3658
5543
7572
9261
10356
10960
11192
11035
10287
9150
8001
6818
5191
2889
479
-1320
-2678
-4188
-5849
-6959
-7119
-6770
-6120
-4826
-2754
-535
1246
3044
5302
7475
8423
7981
7237
6650
5519
3085
41
-2380
-4392
-6876
-9588
-10965
-10850
-10986
-11902
-11890
-9637
-6766
-5256
-4348
-2139
1263
3864
5162
6711
9143
11094
11532
11548
12487
13450
12848
10887
9122
8057
6407
3384
-217
-3305
-5900
-8706
-11622
-13816
-15097
-15930
-16413
-15909
-14152
-11969
-9934
-7745
-4825
-1525
1294
3572
5658
7580
9016
10053
11023
11671
11586
10883
10160
9642
8821
7298
5280
3277
1484
-404
-2429
-4256
-5673
-6773
-7545
-7492
-6334
-4535
-2810
-1158
1100
4097
6817
8099
8128
8011
7961
6935
4376
1396
-937
-3200
-6159
-8907
-9989
-9974
-10641
-11788
-11409
-8979
-6588
-5716
-4947
-2610
394
2207
3203
5076
7613
9032
9203
9955
11869
13103
12284
10582
9605
8877
6807
3307
-342
-3591
-7004
-10742
-13885
-15877
-17222
-18479
-19095
-17998
-15373
-12521
-10188
-7632
-4075
-251
2719
4943
7217
9389
10574
10962
11668
12760
13049
12021
10868
10587
10361
8972
6631
4470
2727
670
-1868
-4178
-5842
-7158
-8297
-8661
-7663
-5662
-3601
-1817
351
3465
6712
8529
8550
8028
7859
7023
4353
798
-1876
-3892
-6754
-10010
-11433
-10798
-10523
-11576
-11701
-9158
-5869
-4410
-3915
-1954
1296
3472
4279
5764
8389
10201
10307
10592
12371
14006
13476
11492
10164
9577
7865
4259
194
-3108
-6190
-9895
-13628
-16093
-17352
-18483
-19531
-19265
-17119
-14335
-12102
-9914
-6793
-3053
115
2533
4898
7279
9011
9988
10933
12091
12783
12511
11869
11526
11200
10141
8316
6376
4544
2488
68
-2271
-4090
-5529
-6740
-7353
-6850
-5361
-3649
-1990
68
2789
5477
7043
7383
7182
6681
5415
3049
136
-2622
-5299
-8116
-10592
-11815
-11873
-11915
-12162
-11385
-8913
-5965
-3998
-2449
-7
3062
5422
6824
8489
10666
12137
12378
12509
13460
14201
13405
11516
9940
8815
6885
3606
-119
-3410
-6580
-10197
-13738
-16264
-17912
-19435
-20602
-20290
-18321
-15889
-13677
-11054
-7365
-3224
294
3198
6102
8887
10792
11773
12619
13478
13659
12874
11823
11158
10493
9191
7288
5325
3550
1653
-607
-3044
-5155
-6700
-7826
-8530
-8432
-7265
-5424
-3471
-1262
1577
4613
6708
7418
7506
7496
6775
4598
1520
-1245
-3604
-6346
-9286
-11065
-11360
-11487
-12106
-11807
-9461
-6421
-4614
-3474
-1030
2591
5252
6312
7670
10192
12096
12135
11819
12818
13850
12862
10568
9198
8783
7125
3619
135
-2256
-4761
-8456
-12168
-14440
-15805
-17516
-19168
-19218
-17453
-15251
-13455
-11286
-7889
-3810
-260
2486
5088
7848
10149
11477
12218
12926
13436
13187
12330
11590
11141
10311
8599
6430
4475
2671
482
-2144
-4652
-6600
-7982
-8722
-8588
-7646
-6259
-4516
-2112
865
3591
5204
5858
6315
6523
5574
3218
636
-1354
-3497
-6472
-9150
-10076
-10017
-10695
-11744
-11091
-8388
-5825
-4719
-3599
-816
2702
5001
6183
7939
10432
12033
12141
12176
13087
13606
12403
10262
8826
7947
6042
2718
-687
-3282
-5870
-9233
-12579
-14880
-16512
-18224
-19459
-19116
-17501
-15767
-13969
-11269
-7570
-3800
-416
2877
6041
8632
10608
12362
13824
14453
14199
13669
13268
12663
11560
10097
8425
6565
4547
2503
387
-1860
-4059
-5831
-6952
-7420
-7126
-6090
-4624
-2981
-928
1707
4214
5583
5785
5725
5622
4607
2283
-431
-2665
-4855
-7507
-9834
-10787
-10878
-11381
-11970
-11090
-8551
-6127
-4819
-3350
-568
2625
4746
6121
7977
10089
11292
11477
11864
12821
13025
11670
9739
8530
7492
5141
1548
-1841
-4457
-7292
-10786
-13901
-15886
-17367
-18859
-19489
-18421
-16434
-14747
-13028
-10140
-6232
-2654
142
2961
5951
8364
9981
11530
13129
13825
13427
12780
12601
12446
11584
10125
8509
6992
5374
3521
1516
-567
-2660
-4564
-5765
-5955
-5416
-4732
-3963
-2452
41
2742
4465
5004
5255
5590
5345
3702
1203
-987
-2943
-5350
-7998
-9510
-9625
-9791
-10626
-10782
-8958
-6314
-4690
-3669
-1642
1246
3304
4355
5949
8251
9581
9519
9794
11324
12511
11904
10447
9602
8979
7219
4329
1406
-1396
-4808
-8804
-12278
-14608
-16549
-18763
-20504
-20525
-18919
-17057
-15526
-13393
-9925
-5969
-2699
121
3293
6449
8644
10044
11627
13291
13903
13299
12652
12673
12601
11555
9869
8299
6790
4882
2679
515
-1657
-3992
-6058
-7052
-6927
-6251
-5430
-4137
-1869
1113
3939
5687
6511
7128
7514
6714
4322
1611
-470
-2665
-5831
-8901
-10093
-9979
-10418
-11372
-10920
-8462
-5946
-4555
-3048
-353
2424
3915
4924
6858
9060
9933
9706
10150
11664
12547
11796
10403
9525
8664
6656
3670
628
-2435
-6167
-10299
-13632
-15788
-17705
-19798
-21036
-20467
-18614
-16603
-14456
-11474
-7749
-4124
-880
2454
5846
8445
9924
11063
12452
13499
13387
12399
11621
11403
10976
9737
8037
6547
5141
3289
1062
-1039
-2859
-4732
-6464
-7274
-6816
-5746
-4785
-3535
-1251
1733
4029
5013
5520
6158
6134
4536
2053
-2
-1707
-4121
-7040
-8890
-9088
-8992
-9638
-9946
-8481
-5863
-3906
-2786
-1090
1603
3969
5182
6324
8225
9871
10233
10130
10902
11961
11774
10364
9132
8480
7259
4843
1949
-641
-3309
-6567
-9880
-12409
-14175
-15865
-17436
-18001
-17096
-15451
-13856
-11972
-9094
-5555
-2452
133
2940
5890
7944
8802
9515
10569
11105
10508
9545
9201
9127
8515
7392
6356
5482
4237
2525
692
-976
-2629
-4413
-5877
-6576
-6407
-5789
-5064
-3918
-2056
287
2182
3152
3756
4378
4457
3259
1390
-60
-1343
-3432
-5973
-7329
-7292
-7453
-8377
-8547
-6909
-4818
-3783
-2960
-919
1730
3358
4167
5770
8122
9539
9626
9940
11217
12024
11276
10017
9429
8815
6915
4140
1711
-509
-3485
-7139
-10278
-12448
-14430
-16586
-18110
-18188
-17173
-15954
-14498
-12044
-8537
-4857
-1631
1547
5028
8180
10259
11519
12673
13596
13591
12649
11577
10806
9886
8389
6646
5134
3671
1825
-362
-2354
-3965
-5522
-7132
-8333
-8473
-7714
-6731
-5611
-3810
-1109
1611
3420
4563
5726
6719
6478
4838
2972
1506
-302
-3060
-5703
-6978
-7475
-8481
-9613
-9261
-7407
-5797
-5065
-3789
-1114
1603
3055
4175
6323
8741
9818
9898
10615
11972
12285
11116
9856
9205
8093
5671
2781
239
-2432
-5844
-9377
-12015
-14011
-16123
-18085
-18850
-18194
-16947
-15601
-13659
-10629
-6985
-3450
-128
3347
6814
9528
11276
12646
14019
14741
14194
13010
12137
11422
10050
8053
6221
4701
2891
605
-1599
-3340
-4872
-6478
-7872
-8515
-8208
-7248
-6043
-4607
-2618
-3
2572
4313
5295
6145
6841
6555
5022
3174
1707
100
-2181
-4451
-5730
-6273
-7016
-7822
-7655
-6358
-4992
-4190
-3154
-1224
932
2433
3558
5152
6922
8000
8402
8954
9841
10119
9371
8274
7432
6379
4357
1713
-836
-3335
-6283
-9485
-12123
-14033
-15764
-17423
-18267
-17797
-16556
-15255
-13650
-11049
-7639
-4310
-1385
1592
4787
7577
9539
11057
12532
13622
13797
13343
12923
12514
11568
9950
8166
6496
4624
2354
12
-1982
-3657
-5240
-6537
-7114
-6822
-5977
-4913
-3563
-1695
557
2539
3774
4523
5212
5577
4964
3489
2024
857
-679
-2833
-4658
-5386
-5697
-6535
-7313
-6805
-5312
-4252
-3797
-2666
-511
1443
2511
3620
5518
7330
8063
8326
9211
10310
10312
9216
8223
7646
6411
3923
1075
-1330
-3842
-7132
-10553
-12998
-14645
-16435
-18190
-18669
-17550
-15965
-14606
-12643
-9326
-5493
-2335
377
3556
6873
9144
10293
11392
12773
13429
12812
11796
11259
10794
9492
7483
5673
4295
2653
374
-1895
-3454
-4535
-5765
-6956
-7196
-6248
-4925
-3855
-2550
-343
2202
3889
4554
5148
5968
5997
4631
2798
1504
233
-1912
-4355
-5735
-6075
-6664
-7715
-7916
-6650
-5114
-4343
-3547
-1684
632
2125
3033
4566
6614
7885
8169
8701
9937
10731
10312
9482
9081
8518
6854
4426
2148
-113
-3182
-6875
-9991
-12192
-14368
-16833
-18458
-18409
-17416
-16443
-15093
-12455
-8896
-5642
-2923
126
3586
6307
7789
9006
10636
11877
11895
11336
11196
11234
10608
9339
8111
7018
5605
3738
1758
-117
-1940
-3704
-5228
-6275
-6622
-6223
-5475
-4601
-3198
-1009
1194
2425
3004
3855
4684
4277
2657
1186
230
-1353
-3879
-5847
-6328
-6503
-7496
-8293
-7457
-5620
-4436
-3845
-2494
-266
1507
2392
3521
5401
6981
7498
7899
9204
10678
11024
10434
10073
9992
9073
6927
4414
2056
-749
-4386
-8028
-10786
-12975
-15327
-17432
-18201
-17528
-16355
-15107
-13153
-10148
-6776
-3759
-904
2220
5241
7523
9111
10587
12074
13024
13146
12822
12586
12299
11387
9777
7965
6290
4435
2045
-497
-2585
-4225
-5899
-7416
-7953
-7359
-6457
-5734
-4477
-2170
370
2002
2875
3889
4955
5058
3879
2340
1080
-412
-2666
-5069
-6628
-7434
-8300
-9307
-9547
-8593
-7261
-6323
-5306
-3424
-1061
804
2173
4004
6385
8240
9165
10112
11698
12914
12762
11900
11376
10753
8805
5753
2865
270
-2997
-6997
-10431
-12728
-14770
-17027
-18498
-18328
-17190
-16070
-14660
-12134
-8740
-5494
-2700
280
3603
6536
8527
9989
11570
13009
13602
13330
12912
12701
12166
10809
8989
7340
5757
3707
1238
-957
-2542
-3957
-5486
-6642
-6785
-6070
-5202
-4377
-3039
-958
1098
2324
3036
3966
4736
4310
2822
1475
533
-1063
-3597
-5662
-6427
-6994
-8315
-9291
-8622
-7197
-6568
-6268
-4759
-2291
-549
291
1742
4166
6090
6778
7499
9177
10672
10697
9946
9751
9732
8473
5895
3365
1417
-950
-4362
-7793
-10127
-11848
-13918
-15850
-16389
-15571
-14646
-13909
-12291
-9387
-6231
-3722
-1318
1652
4597
6652
8063
9643
11168
11820
11728
11753
12040
11830
10881
9784
8854
7720
6038
4086
2195
331
-1596
-3405
-4771
-5600
-5926
-5764
-5095
-3891
-2234
-383
1238
2419
3354
4084
4151
3259
1946
724
-731
-2798
-4868
-6030
-6595
-7470
-8408
-8341
-7237
-6269
-5836
-4973
-3169
-1413
-424
604
2524
4600
5689
6295
7626
9509
10553
10377
10084
10189
9779
8041
5615
3404
1079
-2142
-5874
-8964
-11236
-13516
-15904
-17372
-17368
-16592
-15782
-14491
-12026
-8833
-5901
-3293
-284
3077
5855
7688
9255
10953
12195
12554
12520
12627
12539
11754
10580
9536
8479
6864
4687
2501
513
-1465
-3447
-5154
-6331
-6860
-6631
-5780
-4580
-3028
-1011
1099
2604
3513
4301
4765
4125
2455
914
-149
-1716
-4179
-6266
-6922
-7094
-7958
-8772
-8222
-6768
-5900
-5513
-4212
-1929
-83
868
2204
4608
6877
7933
8585
10035
11710
12211
11594
11024
10654
9409
6987
4361
2009
-793
-4462
-8067
-10716
-12832
-15161
-17267
-18112
-17678
-16835
-15850
-14082
-11268
-8077
-5120
-2122
1271
4590
7140
8998
10745
12341
13176
13113
12752
12498
11964
10790
9272
7845
6395
4584
2546
600
-1226
-3078
-4767
-5901
-6390
-6430
-6115
-5324
-4011
-2279
-407
1188
2219
2851
3407
3649
2962
1449
18
-1055
-2462
-4386
-5821
-6169
-6350
-7089
-7445
-6403
-4772
-3968
-3568
-2112
210
1892
2716
4046
6181
7757
8231
8778
10105
11084
10659
9623
9073
8547
6961
4487
2183
140
-2458
-5631
-8380
-10297
-12108
-14208
-15789
-16059
-15447
-14823
-14057
-12309
-9502
-6588
-4097
-1429
1804
4831
6866
8327
9945
11394
11867
11543
11248
11132
10569
9411
8210
7177
5975
4391
2707
1096
-591
-2349
-3883
-4979
-5672
-5981
-5813
-5191
-4173
-2764
-1141
260
1174
1834
2392
2464
1689
439
-647
-1726
-3280
-4964
-5854
-5954
-6210
-6759
-6623
-5333
-3858
-3068
-2349
-791
1219
2646
3567
4927
6752
8058
8558
9160
10320
11124
10744
9751
9072
8406
6786
4268
1785
-468
-3179
-6461
-9390
-11500
-13475
-15700
-17367
-17625
-16921
-16118
-15007
-12851
-9751
-6584
-3646
-463
2961
5908
8038
9842
11672
13049
13480
13332
13252
13156
12491
11223
9859
8583
6957
4770
2406
247
-1839
-4080
-6131
-7454
-7948
-7942
-7584
-6632
-4923
-2735
-659
945
2206
3330
4056
3869
2815
1544
368
-1127
-3146
-4978
-5934
-6399
-7121
-7829
-7616
-6522
-5513
-4879
-3832
-1999
-145
1191
2586
4618
6711
8041
8924
10171
11649
12386
12064
11399
10816
9813
7842
5228
2610
-93
-3291
-6748
-9777
-12232
-14540
-16757
-18222
-18429
-17714
-16668
-15226
-12895
-9695
-6279
-3069
111
3333
6206
8438
10215
11743
12852
13306
13234
12936
12540
11939
10963
9581
7909
6105
4219
2131
-198
-2527
-4520
-6060
-7165
-7689
-7477
-6671
-5495
-3902
-1855
192
1669
2567
3251
3658
3277
2052
670
-514
-1928
-3790
-5336
-5888
-6050
-6649
-7220
-6719
-5382
-4455
-4071
-3085
-1164
594
1596
2795
4848
6826
7808
8468
9789
11182
11416
10700
10161
9770
8466
6097
3678
1608
-869
-4070
-7144
-9413
-11374
-13596
-15533
-16303
-15996
-15385
-14629
-13133
-10610
-7626
-4779
-1974
1039
3986
6342
8109
9711
11106
11782
11635
11274
11113
10791
9898
8635
7447
6281
4767
2911
1014
-793
-2623
-4376
-5732
-6473
-6605
-6242
-5443
-4253
-2642
-723
1021
2096
2613
2984
3054
2236
622
-904
-2068
-3495
-5331
-6556
-6580
-6338
-6638
-6734
-5611
-3926
-3003
-2628
-1520
369
1754
2376
3417
5326
6981
7681
8384
9842
11159
11232
10551
10168
9791
8353
5851
3317
1104
-1457
-4664
-7738
-9975
-11759
-13688
-15344
-15796
-15119
-14246
-13383
-11783
-9156
-6309
-3883
-1448
1431
4198
6075
7381
8889
10360
10954
10681
10487
10663
10452
9439
8177
7193
6049
4218
2030
91
-1624
-3537
-5447
-6672
-6979
-6708
-6159
-5189
-3592
-1510
592
2203
3172
3696
3907
3511
2235
405
-1385
-3045
-4889
-6688
-7659
-7611
-7350
-7380
-6945
-5323
-3234
-1921
-1194
127
2057
3477
4188
5225
6868
8081
8481
9089
10413
11406
11163
10329
9806
9162
7492
4981
2438
-95
-3157
-6539
-9392
-11544
-13601
-15662
-16912
-16867
-16052
-15085
-13724
-11507
-8714
-5973
-3386
-553
2439
4938
6691
8188
9839
11202
11741
11709
11736
11831
11437
10466
9325
8116
6479
4292
1992
-132
-2264
-4505
-6498
-7758
-8190
-7950
-7196
-6025
-4378
-2235
102
2037
3229
3890
4230
4004
2890
1186
-503
-2133
-4034
-5924
-6964
-7055
-7032
-7220
-6821
-5314
-3492
-2306
-1456
-68
1680
2932
3681
4740
6215
7248
7648
8310
9641
10685
10630
10085
9861
9512
8082
5731
3338
969
-2044
-5635
-8818
-11185
-13350
-15615
-17178
-17296
-16476
-15539
-14297
-12100
-9140
-6285
-3748
-1021
1927
4473
6332
7992
9716
11115
11840
12139
12424
12551
12157
11235
10013
8541
6674
4468
2144
-179
-2482
-4632
-6371
-7473
-7888
-7703
-6992
-5789
-4110
-2132
-124
1674
3039
3845
4118
3964
3318
2080
474
-1157
-2766
-4387
-5698
-6374
-6668
-6926
-6872
-6033
-4696
-3543
-2587
-1309
319
1732
2812
4003
5424
6612
7354
8110
9167
10066
10264
9893
9403
8731
7389
5281
2786
84
-2990
-6320
-9384
-11937
-14193
-16134
-17241
-17205
-16352
-15079
-13242
-10645
-7587
-4559
-1683
1195
3953
6250
8007
9484
10753
11615
11955
11936
11782
11461
10809
9722
8270
6637
4856
2856
680
-1446
-3337
-5029
-6448
-7270
-7264
-6627
-5703
-4472
-2700
-442
1739
3394
4531
5364
5790
5414
4274
2808
1245
-676
-3003
-5095
-6382
-7138
-7981
-8736
-8628
-7542
-6291
-5381
-4308
-2564
-619
802
1955
3581
5524
6908
7591
8443
9858
10989
11022
10401
9954
9441
7955
5452
2778
202
-2817
-6404
-9737
-12232
-14258
-16153
-17428
-17385
-16260
-14744
-12939
-10427
-7252
-4085
-1281
1356
3992
6252
7792
8898
9942
10798
11071
10819
10542
10358
9909
8921
7622
6296
4832
3059
1100
-685
-2269
-3841
-5255
-6059
-6018
-5486
-4841
-3958
-2489
-542
1278
2541
3417
4128
4459
4127
3214
2109
908
-615
-2410
-3955
-4760
-5132
-5702
-6367
-6313
-5275
-4086
-3434
-2901
-1703
-34
1285
2173
3354
5038
6431
7096
7711
8864
9878
9799
8901
8080
7359
5914
3547
940
-1542
-4180
-7124
-9797
-11758
-13312
-14782
-15797
-15676
-14559
-13167
-11729
-9803
-7188
-4443
-1980
426
2956
5200
6820
8215
9775
11144
11713
11611
11468
11345
10727
9362
7611
5765
3736
1453
-816
-2788
-4485
-6011
-7161
-7537
-7096
-6181
-5105
-3787
-2033
-17
1794
3070
3909
4454
4604
4196
3303
2239
1093
-332
-2015
-3419
-4133
-4560
-5294
-6099
-6159
-5378
-4592
-4232
-3693
-2431
-886
347
1617
3537
5656
7151
8228
9701
11458
12405
12193
11465
10702
9525
7407
4634
1678
-1430
-4838
-8212
-10947
-13056
-14983
-16681
-17446
-16962
-15693
-14196
-12393
-9957
-7085
-4148
-1270
1637
4356
6541
8293
9997
11677
12789
13081
12893
12610
12096
10956
9161
6971
4586
2013
-649
-3189
-5420
-7306
-8751
-9574
-9579
-8701
-7154
-5275
-3328
-1137
1392
3797
5386
6068
6332
6240
5450
3886
2078
289
-1757
-3996
-5744
-6559
-7018
-7694
-8101
-7454
-6061
-4887
-4035
-2742
-886
748
1880
3215
5138
6902
7875
8603
9836
11174
11640
11160
10479
9798
8484
6233
3571
935
-1939
-5295
-8600
-11132
-13025
-14774
-16252
-16707
-15913
-14475
-12771
-10653
-7924
-4893
-1963
879
3645
6091
7906
9258
10523
11591
12079
11928
11520
11035
10248
8985
7373
5579
3526
1214
-1111
-3157
-4911
-6549
-7918
-8614
-8401
-7478
-6206
-4661
-2789
-581
1743
3753
5142
5886
6174
5980
5126
3672
1945
112
-1936
-4026
-5603
-6474
-7067
-7681
-7876
-7177
-5933
-4793
-3787
-2454
-855
461
1501
2781
4340
5525
6096
6705
7788
8840
9144
8812
8413
7955
6977
5288
3223
979
-1603
-4547
-7383
-9669
-11595
-13460
-14977
-15480
-14865
-13662
-12185
-10220
-7587
-4633
-1786
966
3704
6156
7880
9028
10158
11271
11809
11511
10959
10599
10094
8962
7339
5689
3966
1877
-416
-2398
-3968
-5485
-6937
-7716
-7417
-6428
-5335
-4094
-2283
69
2338
4065
5333
6286
6735
6410
5476
4276
2799
797
-1575
-3639
-5020
-6078
-7228
-8165
-8287
-7622
-6750
-5899
-4714
-3090
-1491
-195
1155
2870
4525
5601
6285
7155
8191
8800
8769
8411
7927
7042
5555
3684
1630
-700
-3399
-6216
-8728
-10782
-12505
-13931
-14816
-14852
-14040
-12650
-10827
-8522
-5788
-2923
-194
2428
4955
7071
8479
9373
10179
10866
10984
10472
9830
9357
8707
7485
5910
4397
2882
1064
-960
-2723
-4064
-5237
-6264
-6732
-6333
-5325
-4142
-2827
-1114
992
2997
4457
5383
6021
6281
5813
4626
3140
1597
-204
-2371
-4421
-5801
-6624
-7377
-8015
-7968
-7106
-5969
-4916
-3667
-1982
-282
1039
2220
3643
5080
6018
6525
7061
7685
8011
7854
7430
6839
5876
4424
2708
930
-1087
-3507
-6031
-8113
-9733
-11203
-12494
-13180
-13011
-12258
-11173
-9680
-7639
-5261
-2937
-735
1551
3834
5638
6784
7708
8781
9643
9810
9470
9225
9117
8617
7523
6204
4974
3546
1703
-192
-1681
-2845
-4088
-5229
-5654
-5168
-4264
-3403
-2392
-892
937
2562
3674
4412
4885
4907
4315
3246
2001
601
-1100
-3009
-4657
-5716
-6442
-7160
-7692
-7525
-6675
-5705
-4836
-3765
-2301
-788
439
1574
2900
4229
5180
5835
6593
7434
7896
7803
7500
7151
6441
5108
3390
1588
-437
-2849
-5378
-7536
-9305
-10983
-12488
-13275
-13065
-12266
-11321
-9984
-7863
-5237
-2740
-504
1911
4412
6350
7571
8660
9952
10784
10705
10246
10085
9983
9206
7844
6515
5296
3734
1728
-156
-1634
-3078
-4672
-5964
-6365
-6053
-5601
-5039
-3975
-2282
-409
1191
2471
3562
4363
4602
4184
3349
2324
962
-865
-2855
-4404
-5406
-6292
-7247
-7796
-7452
-6532
-5665
-4914
-3782
-2211
-741
378
1571
3109
4535
5430
6156
7232
8416
9058
9079
8915
8686
8017
6659
4847
2788
382
-2470
-5384
-7910
-10071
-12128
-13937
-14883
-14729
-13843
-12660
-11042
-8756
-6023
-3270
-662
1879
4181
5965
7253
8380
9439
10087
10116
9866
9768
9732
9270
8258
7021
5793
4363
2526
533
-1291
-2930
-4567
-5935
-6584
-6446
-5934
-5248
-4091
-2285
-218
1545
2889
3960
4749
4914
4370
3337
2050
485
-1417
-3315
-4791
-5712
-6390
-7001
-7199
-6632
-5563
-4582
-3749
-2662
-1305
-130
782
1845
3145
4203
4872
5653
6819
7847
8236
8262
8320
8132
7215
5689
4005
2125
-322
-3190
-5805
-7870
-9696
-11542
-12956
-13356
-12873
-12023
-10992
-9368
-7115
-4785
-2750
-756
1516
3582
4903
5754
6829
8042
8706
8786
8927
9319
9370
8794
7972
7203
6112
4374
2308
448
-1121
-2794
-4589
-5978
-6450
-6134
-5574
-4916
-3803
-2021
41
1702
2790
3646
4355
4552
3868
2667
1528
363
-1204
-3021
-4274
-4742
-5101
-5728
-6079
-5529
-4489
-3856
-3581
-2911
-1627
-442
181
863
2178
3726
4759
5420
6411
7647
8396
8420
8188
7892
7098
5649
3912
2067
-163
-2797
-5222
-7136
-8831
-10623
-12081
-12647
-12445
-11917
-11182
-9825
-7908
-5829
-3800
-1525
1010
3132
4544
5695
7173
8515
9022
8856
8801
9013
8767
7832
6752
5906
4768
2855
727
-838
-1982
-3443
-5155
-6214
-6181
-5503
-4738
-3807
-2423
-605
1313
3015
4306
5070
5362
5259
4736
3707
2384
977
-562
-2232
-3618
-4319
-4769
-5475
-6142
-5993
-5120
-4509
-4390
-3996
-2785
-1382
-470
361
1776
3557
4895
5789
6843
8019
8649
8477
8051
7550
6516
4790
2860
1056
-1008
-3465
-5730
-7416
-8864
-10429
-11732
-12205
-12035
-11584
-10839
-9527
-7709
-5703
-3497
-1015
1502
3535
5014
6392
7839
8875
9063
8724
8484
8341
7810
6817
5762
4837
3628
1970
308
-932
-1979
-3277
-4585
-5286
-5086
-4448
-3783
-2994
-1767
-95
1587
2888
3693
4247
4566
4474
3795
2688
1523
340
-944
-2378
-3606
-4289
-4576
-4838
-5149
-5046
-4342
-3487
-2878
-2343
-1473
-324
711
1556
2442
3536
4665
5544
6110
6512
6872
7020
6678
5822
4699
3520
2182
509
-1386
-3225
-4897
-6526
-8097
-9338
-10131
-10623
-10878
-10644
-9711
-8276
-6635
-4834
-2755
-449
1773
3621
5074
6285
7285
7912
8009
7875
7798
7633
7059
6193
5521
4884
3766
2136
630
-475
-1724
-3295
-4609
-5106
-5089
-5055
-4831
-3986
-2546
-1092
51
1036
2035
2869
3204
3017
2525
1936
1195
175
-1034
-2141
-2893
-3453
-4027
-4531
-4693
-4408
-3923
-3380
-2751
-1960
-988
9
953
1839
2743
3675
4481
5103
5608
6042
6306
6287
5967
5384
4601
3641
2477
1011
-668
-2326
-3876
-5401
-6963
-8307
-9164
-9522
-9544
-9275
-8447
-6964
-5105
-3223
-1316
812
2948
4613
5751
6766
7781
8331
8217
7971
7992
7899
7211
6223
5404
4536
3130
1382
-167
-1580
-3155
-4756
-5795
-6171
-6300
-6259
-5744
-4557
-3049
-1659
-426
751
1802
2526
2834
2773
2356
1630
720
-301
-1439
-2582
-3530
-4286
-4964
-5536
-5692
-5301
-4675
-4082
-3358
-2203
-812
423
1524
2711
3936
4892
5597
6280
6889
7164
7031
6711
6254
5523
4471
3212
1794
140
-1627
-3308
-4869
-6428
-7894
-8956
-9491
-9634
-9449
-8766
-7507
-5850
-4030
-2033
140
2273
4092
5558
6843
7955
8688
8915
8901
8900
8756
8197
7353
6560
5682
4350
2605
914
-531
-2060
-3789
-5298
-6174
-6542
-6728
-6659
-6041
-4911
-3649
-2512
-1418
-361
495
1027
1231
1195
881
335
-329
-1032
-1703
-2380
-3001
-3467
-3739
-3784
-3636
-3280
-2713
-2022
-1242
-391
548
1532
2439
3240
3932
4547
5072
5459
5678
5634
5354
4930
4365
3594
2549
1355
139
-1185
-2648
-4079
-5304
-6344
-7312
-8063
-8369
-8237
-7788
-7055
-5938
-4485
-2877
-1197
522
2208
3757
5100
6246
7170
7835
8280
8535
8547
8256
7733
7059
6193
4982
3458
1854
336
-1170
-2776
-4288
-5427
-6114
-6472
-6559
-6300
-5620
-4617
-3487
-2324
-1144
12
982
1676
2127
2390
2430
2178
1698
1105
483
-177
-881
-1518
-2008
-2327
-2490
-2504
-2332
-2003
-1569
-1046
-414
320
1053
1701
2291
2864
3395
3789
3989
4048
4018
3865
3501
2936
2249
1421
379
-851
-2144
-3406
-4655
-5877
-6960
-7774
-8220
-8272
-7960
-7321
-6346
-5002
-3368
-1625
103
1787
3405
4834
5966
6819
7462
7846
7884
7638
7247
6709
5921
4886
3751
2556
1233
-198
-1586
-2847
-4009
-5029
-5753
-6066
-6033
-5730
-5103
-4119
-2872
-1527
-168
1160
2321
3181
3735
4029
4023
3644
2954
2137
1296
410
-502
-1295
-1850
-2225
-2493
-2609
-2503
-2236
-1933
-1601
-1156
-612
-86
380
866
1423
1973
2429
2827
3228
3588
3775
3747
3575
3246
2642
1709
560
-679
-2011
-3443
-4859
-6090
-7024
-7634
-7885
-7730
-7163
-6213
-4942
-3437
-1799
-144
1442
2898
4132
5076
5746
6195
6417
6365
6066
5629
5137
4539
3750
2797
1793
782
-299
-1463
-2585
-3561
-4366
-4980
-5318
-5279
-4874
-4206
-3303
-2123
-727
675
1921
2998
3900
4509
4760
4700
4378
3812
3030
2146
1254
382
-450
-1203
-1832
-2332
-2734
-3051
-3256
-3334
-3324
-3244
-3064
-2755
-2349
-1862
-1253
-513
304
1150
2016
2891
3704
4337
4726
4872
4744
4271
3457
2397
1147
-275
-1781
-3206
-4426
-5421
-6149
-6520
-6491
-6098
-5415
-4479
-3332
-2054
-748
499
1653
2699
3617
4354
4875
5188
5338
5344
5181
4819
4259
3537
2667
1666
557
-623
-1795
-2901
-3861
-4603
-5078
-5262
-5143
-4685
-3923
-2941
-1803
-560
717
1935
3014
3901
4564
4970
5104
4958
4557
3962
3182
2235
1175
86
-987
-2036
-3005
-3837
-4485
-4932
-5175
-5199
-4990
-4554
-3936
-3156
-2223
-1168
-49
1082
2190
3229
4141
4870
5381
5635
5587
5225
4581
3688
2562
1247
-158
-1557
-2885
-4057
-5008
-5682
-6047
-6082
-5786
-5200
-4378
-3351
-2161
-893
343
1510
2609
3589
4368
4890
5188
5293
5189
4840
4266
3532
2680
1705
621
-480
-1524
-2480
-3347
-4060
-4535
-4748
-4722
-4469
-3966
-3224
-2301
-1262
-156
980
2095
3103
3929
4549
4955
5102
4956
4552
3926
3103
2114
1024
-95
-1183
-2183
-3062
-3789
-4324
-4650
-4760
-4676
-4416
-3992
-3413
-2706
-1897
-1015
-90
845
1762
2611
3346
3927
4318
4494
4414
4064
3469
2665
1685
584
-551
-1650
-2653
-3497
-4109
-4454
-4536
-4369
-3976
-3385
-2629
-1778
-890
-9
835
1607
2266
2798
3189
3440
3552
3526
3357
3062
2653
2126
1500
814
109
-617
-1344
-1999
-2518
-2890
-3120
-3167
-3009
-2665
-2176
-1545
-786
27
827
1581
2286
2886
3310
3532
3575
3441
3122
2656
2069
1385
651
-94
-816
-1483
-2033
-2449
-2763
-2960
-3000
-2870
-2615
-2280
-1873
-1394
-855
-289
267
803
1290
1711
2050
2296
2427
2399
2210
1898
1461
890
223
-473
-1171
-1847
-2433
-2878
-3175
-3319
-3295
-3090
-2723
-2222
-1627
-979
-300
394
1041
1596
2055
2430
2687
2791
2753
2607
2389
2077
1651
1166
683
180
-368
-912
-1379
-1776
-2142
-2414
-2522
-2500
-2397
-2167
-1750
-1213
-646
-24
682
1392
2009
2520
2940
3227
3335
3259
3025
2650
2142
1531
863
186
-499
-1152
-1708
-2143
-2466
-2672
-2724
-2609
-2358
-2000
-1537
-987
-383
240
861
1438
1935
2335
2618
2751
2739
2586
2282
1855
1327
689
-33
-759
-1441
-2122
-2796
-3340
-3682
-3874
-3945
-3841
-3519
-3005
-2342
-1600
-817
27
892
1680
2324
2840
3254
3506
3546
3415
3149
2756
2264
1679
1028
346
-321
-954
-1537
-2048
-2476
-2770
-2911
-2935
-2849
-2603
-2167
-1619
-1026
-359
373
1105
1776
2364
2828
3126
3251
3232
3060
2710
2204
1602
948
278
-385
-1029
-1595
-2043
-2370
-2579
-2629
-2508
-2273
-1932
-1467
-896
-300
285
886
1461
1926
2261
2508
2651
2622
2414
2099
1729
1256
672
41
-568
-1150
-1733
-2275
-2719
-3043
-3245
-3318
-3258
-3048
-2666
-2144
-1534
-888
-198
541
1245
1830
2291
2650
2884
2961
2904
2709
2372
1937
1457
948
392
-176
-692
-1140
-1535
-1867
-2100
-2224
-2270
-2245
-2095
-1816
-1445
-1028
-559
-42
499
1028
1495
1865
2141
2321
2356
2233
2002
1674
1236
733
213
-308
-819
-1271
-1628
-1901
-2069
-2107
-2024
-1846
-1575
-1210
-778
-308
164
616
1042
1415
1721
1963
2105
2135
2065
1920
1705
1394
1014
589
132
-341
-806
-1248
-1663
-2010
-2237
-2361
-2411
-2337
-2098
-1735
-1326
-861
-300
288
833
1312
1744
2109
2341
2446
2458
2366
2139
1807
1444
1041
565
52
-415
-836
-1248
-1620
-1891
-2070
-2190
-2203
-2076
-1851
-1579
-1237
-796
-313
137
543
934
1282
1529
1652
1705
1691
1550
1315
1036
737
379
-28
-412
-756
-1071
-1371
-1588
-1697
-1739
-1731
-1633
-1436
-1159
-842
-503
-132
253
624
942
1208
1433
1581
1638
1623
1555
1412
1205
952
655
349
33
-299
-615
-881
-1086
-1258
-1345
-1318
-1211
-1042
-817
-513
-182
137
454
760
1042
1253
1406
1517
1556
1506
1377
1214
996
702
381
70
-233
-546
-851
-1095
-1279
-1415
-1498
-1519
-1462
-1345
-1172
-925
-639
-342
-52
228
506
730
871
950
966
924
819
669
498
303
96
-121
-331
-510
-664
-795
-884
-934
-931
-873
-756
-615
-443
-232
-9
206
397
560
694
796
845
842
795
716
607
481
329
135
-59
-216
-361
-533
-684
-751
-755
-736
-673
-524
-317
-105
115
368
620
802
921
1040
1131
1133
1051
937
826
662
435
219
22
-194
-429
-619
-759
-892
-1017
-1081
-1085
-1059
-993
-866
-690
-489
-256
-9
241
470
667
826
931
977
963
895
782
617
415
206
2
-212
-450
-656
-809
-940
-1045
-1102
-1095
-1044
-950
-809
-623
-416
-200
34
280
522
733
905
1049
1165
1230
1216
1149
1046
891
671
409
135
-144
-428
-704
-955
-1155
-1286
-1343
-1334
-1257
-1117
-911
-639
-340
-41
268
593
899
1145
1327
1462
1551
1552
1457
1309
1112
852
534
197
-136
-480
-825
-1136
-1381
-1557
-1686
-1736
-1681
-1542
-1342
-1072
-717
-322
73
468
862
1221
1509
1720
1852
1894
1831
1677
1443
1138
765
355
-66
-483
-874
-1231
-1529
-1760
-1916
-1978
-1948
-1832
-1637
-1375
-1046
-660
-241
191
615
1017
1374
1669
1888
2008
2021
1921
1731
1464
1121
712
268
-174
-610
-1024
-1384
-1662
-1861
-1986
-2013
-1922
-1718
-1449
-1119
-710
-244
229
667
1069
1427
1719
1921
2021
2027
1934
1755
1503
1180
794
376
-44
-462
-860
-1211
-1496
-1713
-1834
-1838
-1737
-1555
-1306
-979
-591
-186
211
599
959
1258
1488
1646
1726
1716
1617
1448
1204
902
556
174
-210
-584
-951
-1274
-1525
-1712
-1834
-1875
-1813
-1669
-1465
-1197
-861
-474
-84
297
667
1012
1301
1502
1624
1683
1658
1552
1377
1144
853
508
152
-209
-569
-904
-1197
-1416
-1560
-1621
-1601
-1507
-1333
-1081
-777
-458
-113
244
579
879
1135
1339
1469
1531
1527
1446
1294
1084
837
564
262
-49
-355
-633
-872
-1073
-1210
-1286
-1292
-1222
-1096
-909
-673
-401
-109
180
455
701
917
1088
1205
1268
1252
1182
1064
878
639
377
104
-189
-480
-734
-956
-1133
-1258
-1321
-1322
-1266
-1159
-1004
-790
-542
-276
-7
250
490
719
914
1035
1102
1121
1085
995
841
645
425
191
-54
-299
-518
-704
-851
-951
-992
-980
-921
-817
-669
-485
-287
-74
136
342
531
694
814
894
939
934
889
798
678
527
349
156
-44
-233
-416
-574
-708
-813
-867
-884
-856
-785
-671
-523
-349
-145
62
271
472
639
778
876
931
929
879
803
677
503
324
134
-81
-287
-483
-664
-817
-923
-989
-1022
-1003
-934
-814
-657
-459
-244
-15
217
430
632
798
910
969
991
954
860
717
535
352
136
-89
-303
-498
-651
-783
-880
-928
-922
-862
-777
-642
-456
-246
-34
176
406
611
780
914
1006
1054
1050
985
878
732
542
339
108
-114
-327
-539
-720
-877
-985
-1045
-1053
-1011
-919
-782
-602
-379
-157
62
292
517
704
847
962
1030
1039
994
909
774
587
376
164
-59
-295
-500
-661
-792
-906
-976
-984
-952
-875
-753
-596
-400
-184
22
221
404
568
697
776
823
824
779
701
590
450
281
92
-85
-253
-427
-570
-679
-741
-756
-743
-684
-592
-457
-297
-153
-4
144
293
433
556
646
701
715
685
625
527
410
283
145
-2
-137
-258
-357
-417
-463
-501
-540
-551
-502
-446
-398
-320
-201
-61
67
183
284
380
460
499
529
539
505
439
381
310
201
59
-75
-172
-277
-375
-457
-495
-498
-487
-456
-393
-270
-135
-63
-15
76
197
282
314
341
354
368
380
360
278
175
98
26
-43
-139
-247
-322
-346
-347
-359
-367
-322
-245
-187
-149
-78
39
151
219
251
297
351
373
341
282
248
212
163
87
17
-14
-40
-102
-224
-315
-337
-320
-304
-298
-244
-152
-62
-6
10
38
80
120
155
182
197
186
203
252
279
226
123
45
1
-48
-103
-157
-221
-256
-244
-206
-180
-159
-130
-76
-35
-1
14
33
71
89
103
110
143
164
152
105
70
83
87
48
-20
-52
-55
-72
-103
-108
-77
-63
-70
-80
-73
-51
-25
6
29
58
92
144
189
190
160
137
129
101
54
17
19
17
-2
-22
-45
-63
-98
-151
-197
-203
-196
-198
-198
-178
-112
-65
-55
-41
2
70
82
71
81
118
174
224
253
201
144
126
127
79
-22
-94
-108
-87
-101
-172
-234
-235
-202
-197
-220
-216
-180
-131
-67
9
104
179
205
203
237
268
240
197
160
142
116
50
-23
-72
-103
-129
-179
-225
-220
-193
-158
-151
-166
-143
-70
4
21
40
87
132
149
143
168
192
215
239
242
216
160
135
104
58
-28
-102
-104
-147
-207
-274
-292
-301
-321
-298
-255
-175
-133
-70
8
92
189
256
302
321
340
330
313
263
188
135
74
-16
-101
-144
-184
-220
-279
-314
-326
-308
-297
-282
-196
-123
-19
54
120
181
226
296
307
315
325
345
326
285
252
179
58
-75
-172
-286
-368
-440
-466
-457
-424
-355
-312
-240
-176
-92
5
76
117
154
250
322
353
345
360
378
318
222
151
80
-25
-129
-250
-301
-333
-364
-314
-281
-246
-206
-148
-38
21
61
94
140
194
208
213
205
216
206
168
116
84
62
23
-18
-79
-129
-158
-158
-173
-186
-198
-183
-117
-65
-46
-35
21
76
124
155
188
214
194
192
199
186
152
131
79
35
-25
-55
-78
-109
-115
-138
-129
-153
-174
-205
-192
-164
-161
-154
-149
-86
-28
28
28
55
97
120
145
148
171
173
178
154
128
84
20
-12
-35
-77
-121
-134
-103
-61
-55
-43
-38
-55
-47
-50
-31
2
0
41
89
137
142
113
90
64
45
16
34
64
68
55
44
32
-27
-76
-111
-150
-153
-142
-105
-84
-55
-35
-32
3
21
30
23
40
100
143
167
187
194
186
150
115
65
12
-34
-78
-113
-166
-202
-235
-236
-231
-220
-183
-132
-71
-20
24
85
145
191
230
246
265
259
218
183
143
92
20
-58
-122
-180
-227
-264
-286
-284
-243
-202
-171
-137
-78
-22
24
91
156
213
243
253
263
276
272
233
176
139
113
69
-2
-75
-133
-191
-238
-271
-271
-272
-253
-221
-179
-147
-131
-88
-17
51
84
122
176
226
249
237
227
207
190
167
128
96
55
15
-39
-89
-128
-172
-194
-208
-224
-222
-222
-187
-125
-70
-28
18
93
147
187
207
233
253
263
250
206
173
139
93
24
-57
-119
-176
-221
-263
-294
-302
-290
-265
-257
-219
-155
-109
-59
-11
43
100
132
184
235
248
250
246
244
220
179
133
76
16
-31
-81
-137
-176
-205
-226
-226
-214
-209
-201
-176
-118
-72
-18
33
91
156
188
221
228
226
213
194
164
118
74
35
31
-9
-45
-77
-104
-119
-162
-167
-167
-142
-123
-88
-35
2
40
68
99
111
106
105
113
110
91
59
33
21
5
-24
-56
-69
-85
-106
-113
-112
-109
-97
-94
-76
-61
-55
-27
-7
24
46
58
84
103
104
90
80
67
59
68
52
18
5
16
10
-31
-73
-93
-103
-113
-123
-113
-85
-42
2
2
-9
3
40
52
31
26
42
60
48
35
39
56
50
37
51
72
78
62
58
71
62
21
-23
-58
-65
-74
-81
-78
-88
-75
-76
-78
-69
-70
-67
-77
-57
-23
27
62
55
62
78
96
93
68
43
35
53
38
4
-25
-36
-26
-34
-49
-83
-104
-104
-99
-73
-54
-31
7
57
111
127
128
151
165
138
97
75
54
16
-24
-31
-35
-77
-103
-99
-71
-64
-112
-132
-104
-67
-62
-64
-31
20
77
96
104
109
116
109
84
65
48
41
22
19
14
5
-16
-27
-16
-51
-97
-120
-98
-81
-103
-105
-75
-29
-9
-14
-18
-4
30
40
33
56
95
128
145
135
112
65
16
-13
-48
-86
-117
-116
-99
-114
-122
-117
-103
-89
-105
-100
-62
-13
9
6
18
42
91
113
106
112
132
150
126
108
109
117
91
39
-3
-42
-59
-88
-111
-130
-150
-152
-136
-115
-98
-64
-44
-28
-6
11
40
58
75
96
124
176
189
162
138
115
102
63
3
-62
-100
-108
-139
-177
-200
-168
-128
-118
-98
-51
13
30
29
48
78
83
73
73
66
56
47
56
65
28
-5
2
13
-18
-59
-58
-45
-35
-36
-20
2
-6
-7
1
18
7
-10
-7
-2
21
18
12
24
48
58
37
25
12
-2
-21
-40
-57
-58
-29
-9
-4
-2
31
64
57
51
50
55
48
34
25
14
4
-19
-32
-42
-60
-68
-75
-71
-72
-68
-56
-38
-14
-12
-9
-3
6
5
-7
-4
2
25
45
52
59
60
59
60
51
35
13
-2
0
-4
-21
-37
-37
-29
-26
-30
-34
-24
-11
1
5
1
14
24
30
20
12
10
3
-5
-11
-8
-5
-2
-6
-7
-7
-10
-10
-9
-9
-9
-2
5
8
6
-9
-26
-40
-45
-43
-40
-22
0
18
34
48
54
52
44
43
45
41
37
32
33
33
32
31
17
-7
-31
-49
-63
-79
-86
-85
-77
-61
-43
-21
2
31
57
73
80
81
86
85
80
64
51
45
38
23
5
-1
-9
-27
-46
-60
-68
-70
-74
-81
-85
-73
-51
-38
-26
-2
17
31
38
44
49
50
54
52
41
31
24
16
7
-5
-12
-17
-23
-28
-37
-40
-45
-44
-38
-30
-29
-34
-29
-12
0
0
8
25
33
32
26
20
14
5
-3
-2
3
10
14
14
18
21
19
19
14
13
15
12
8
-3
-6
-14
-28
-35
-40
-43
-44
-38
-25
-20
-21
-12
-1
10
19
24
35
40
38
41
43
46
43
41
33
17
4
-11
-18
-30
-40
-49
-49
-42
-43
-45
-47
-44
-42
-38
-33
-18
-1
10
24
33
37
31
23
20
13
4
1
5
8
5
3
2
-1
-8
-16
-16
-17
-24
-30
-23
-14
-13
-16
-8
0
1
0
5
13
15
15
26
39
45
43
45
49
47
36
19
6
-11
-27
-35
-44
-51
-55
-53
-47
-44
-40
-38
-36
-30
-20
-9
-2
5
18
32
41
50
53
55
56
55
49
35
26
17
9
2
-5
-9
-12
-13
-16
-23
-23
-19
-18
-15
-13
-14
-5
7
16
17
20
27
30
24
23
25
21
14
3
-1
-6
-16
-22
-21
-22
-31
-31
-24
-15
-12
-11
-2
7
14
14
16
20
23
24
19
17
13
5
-1
-13
-18
-21
-20
-22
-26
-26
-23
-19
-18
-14
-8
1
7
12
11
11
18
22
21
19
20
26
28
23
19
11
3
-4
-10
-18
-26
-32
-29
-24
-20
-11
-5
0
0
0
6
8
9
11
16
18
18
17
18
13
7
1
-1
-1
-1
-1
0
1
0
1
-2
-5
-8
-6
-9
-11
-8
-3
1
4
9
5
1
-1
-3
-6
-12
-10
-8
-8
-6
-4
2
7
7
7
6
9
10
9
8
8
5
5
4
-1
-5
-9
-11
-11
-11
-11
-14
-17
-15
-13
-12
-11
-7
-3
0
8
13
11
9
12
19
23
19
20
27
28
23
11
7
6
0
-8
-15
-18
-18
-18
-19
-18
-17
-16
-18
-21
-21
-17
-8
-1
4
15
26
31
31
30
29
25
16
8
4
6
4
-3
-12
-15
-17
-23
-26
-30
-33
-35
-34
-31
-26
-20
-12
-2
3
7
12
15
18
21
31
37
35
30
25
17
5
-11
-22
-20
-20
-22
-27
-30
-25
-20
-18
-21
-22
-15
-11
-2
1
5
11
18
25
28
29
31
33
32
28
21
15
5
-5
-13
-20
-19
-16
-17
-18
-13
-6
-9
-7
1
4
4
5
15
20
20
19
13
9
7
7
1
-3
-11
-18
-20
-23
-29
-32
-28
-24
-20
-17
-18
-15
-7
3
5
3
4
10
16
19
19
18
18
13
4
0
-1
-4
-13
-22
-23
-20
-16
-13
-11
-10
-3
1
1
2
6
11
20
28
33
30
24
25
28
22
10
1
2
-6
-17
-23
-25
-26
-27
-25
-26
-26
-21
-18
-18
-12
-5
-2
1
8
18
19
19
14
20
23
22
11
4
8
7
8
8
8
6
10
14
4
1
-1
-6
-5
-2
-7
-16
-11
-3
-6
-14
-21
-12
1
9
3
-5
15
31
30
13
4
14
0
-18
-15
-7
-4
-11
-10
-5
-5
-7
-8
-3
-6
-2
15
17
11
19
33
26
17
17
21
31
31
8
1
10
-7
-16
-7
-11
-18
-21
-41
-39
-29
-38
-19
4
2
-5
10
29
16
17
35
43
23
9
36
36
7
-7
7
23
2
-12
-18
-30
-28
-22
-20
-40
-33
-7
-7
-10
-5
-1
-13
8
39
37
7
-7
27
26
5
8
-2
-4
9
17
-5
-21
-10
-6
-18
-33
-15
13
3
-12
-5
1
-7
0
10
15
14
18
34
29
12
1
11
7
5
-2
-20
-4
9
6
-5
-16
-10
-5
0
7
-5
-8
3
16
16
-10
-26
9
26
-12
-19
-3
6
-6
3
13
-20
-21
4
11
-10
-6
17
13
1
3
10
2
-10
-11
-5
-26
-49
-27
-4
-16
-25
-14
5
-4
-18
-16
-14
5
4
7
22
29
21
10
36
40
18
22
23
2
-17
10
21
-20
-36
-9
13
-19
-39
-21
-16
-18
-16
-15
-16
-8
-3
9
10
1
-5
-12
11
19
-3
-9
4
11
22
14
-4
-1
-8
-4
-2
5
3
-1
8
-9
-13
3
8
-9
-9
7
12
11
6
-8
-20
-13
6
1
-22
-9
1
-8
-17
-11
6
7
1
-2
-11
-7
23
30
3
-3
24
17
-2
11
17
4
4
21
12
-10
-7
4
-5
-21
-21
-10
-12
-18
-18
-17
-14
-10
-10
-10
-7
2
11
7
7
18
14
7
26
22
14
10
1
-3
-12
-7
-6
-11
-15
-14
-6
-14
-19
-15
-9
-10
-5
9
11
11
15
14
15
29
32
17
10
12
18
17
8
-1
-6
0
2
-12
-17
-10
-5
-12
-20
-17
-18
-17
-11
-10
-4
1
5
9
11
13
13
16
13
11
11
6
11
11
6
1
-2
-3
-2
-8
-12
-10
-9
-9
-11
-8
-8
-14
-8
-7
-10
-9
-4
0
7
15
14
12
14
12
8
7
3
1
3
7
3
-2
-4
-6
-11
-15
-13
-12
-11
-12
-11
-5
-4
-4
-3
1
4
2
4
3
6
13
12
3
3
2
-2
-5
-6
0
-6
-13
-13
-9
-8
-6
1
-1
-2
1
1
-1
-1
4
8
6
7
10
5
0
-5
-8
-8
-4
-3
-6
-8
-4
-3
-9
-10
-8
-3
-3
-3
5
3
-1
0
11
11
0
3
12
9
-2
-3
6
4
-6
-5
1
-1
-13
-12
-1
0
-4
-2
4
2
-4
-3
9
9
1
6
12
10
2
-1
-4
-9
-9
-5
-4
-9
-8
-2
-3
-3
-4
-3
0
3
4
1
5
8
10
12
14
11
3
6
8
-1
-9
-13
-9
-15
-16
-10
-8
-6
-1
0
-2
-3
2
2
4
6
7
10
12
