SAMPLES:	14993
BITSPERSAMPLE:	16
CHANNELS:	1
SAMPLERATE:	16000
NORMALIZED:	FALSE
0
0
-1
0
0
0
1
0
0
0
1
0
0
0
0
0
0
0
0
0
0
1
0
1
0
-1
0
0
-1
0
0
0
-1
0
0
0
-1
0
-1
1
-1
1
0
0
0
0
0
1
0
1
0
0
0
0
0
0
0
0
0
0
0
1
0
0
-1
0
0
0
0
0
0
0
0
0
0
-1
0
0
1
0
0
-1
0
0
0
0
0
0
0
0
-1
0
1
0
0
0
0
1
0
0
0
0
0
-1
0
0
-1
0
0
0
0
0
0
0
0
0
0
0
1
1
1
1
0
0
-1
1
0
0
0
0
0
0
0
0
0
0
0
0
1
0
0
1
0
1
0
0
1
0
0
0
0
1
0
0
-1
0
0
1
1
0
0
-1
0
-1
-1
0
0
0
1
1
0
-1
0
1
0
0
0
0
1
0
1
-1
0
1
0
0
0
-1
0
0
0
1
0
-1
0
-1
-1
0
0
1
0
0
0
1
1
0
0
1
1
-1
0
-1
0
0
0
1
0
0
0
0
-1
0
0
-1
0
0
-1
-1
1
0
0
0
0
-1
0
1
0
0
0
-1
1
0
1
0
1
-1
0
0
0
-1
0
0
0
0
0
0
0
0
0
0
0
0
0
0
0
0
0
1
0
0
0
0
1
0
0
0
0
0
0
0
0
0
0
0
0
0
0
0
0
0
0
0
0
1
0
0
0
0
-1
0
0
1
0
0
0
0
0
-1
0
0
0
0
0
0
-1
0
0
-1
0
0
0
-1
0
0
0
0
-1
0
0
0
0
0
0
0
0
0
0
0
0
0
0
0
-1
0
0
0
-1
0
-1
0
-1
0
0
0
0
1
0
0
0
0
-1
1
0
0
0
0
0
1
0
0
0
0
0
0
1
0
0
0
0
-1
0
-1
1
1
1
1
0
1
1
1
1
1
1
1
1
1
0
0
0
1
0
1
1
0
1
0
0
0
0
0
1
-1
0
-1
-1
-1
-1
-1
-1
-1
-1
0
1
0
-1
0
0
0
0
-1
-1
1
0
0
1
0
0
1
0
0
0
-1
1
0
0
0
0
0
0
-1
0
0
0
0
0
0
0
0
0
0
0
0
0
0
0
0
0
0
0
0
-1
0
-1
0
-1
0
0
0
0
0
-1
0
-1
1
0
0
0
0
0
-1
0
-1
0
-1
0
0
0
0
-1
0
-1
0
1
0
0
0
0
0
0
1
0
0
0
0
0
0
-1
0
0
0
0
0
0
0
0
1
0
1
1
0
0
0
0
0
0
0
0
0
0
1
0
1
0
0
0
0
0
0
0
1
0
0
0
1
0
1
1
0
0
0
0
-1
0
0
1
0
0
0
0
0
0
0
0
0
0
0
0
0
-1
0
0
0
0
0
0
0
0
0
-1
0
1
0
0
0
0
0
0
0
-1
1
0
0
0
1
0
1
0
0
0
0
0
0
0
-1
0
1
0
0
0
1
0
0
0
0
-1
1
1
0
0
1
0
0
0
0
0
0
0
0
-1
0
0
0
0
1
0
0
0
0
0
0
-1
-1
1
0
0
1
0
0
-1
0
-1
1
0
1
0
0
0
0
1
-1
0
0
0
0
0
0
0
0
0
0
-1
-1
-1
-1
-2
-1
-1
-1
-1
0
-1
-1
-1
-1
-1
-1
-1
-1
-1
0
0
0
-1
0
0
1
0
0
1
1
1
2
3
3
3
2
2
1
2
2
1
2
2
1
1
0
1
1
0
0
0
0
1
0
0
0
0
0
0
-1
-1
-1
-1
-1
-1
-1
-2
0
-3
0
-1
0
0
0
0
-1
0
0
0
0
0
0
0
0
0
1
0
0
0
0
0
0
0
0
0
0
0
0
0
0
-1
0
0
0
1
0
0
0
0
-1
0
-1
0
1
0
0
1
0
0
0
0
0
0
0
0
0
0
1
-1
0
-1
0
0
-1
0
0
0
0
-1
0
0
0
0
0
1
0
0
0
0
0
0
0
-1
0
0
0
0
0
0
-1
0
0
0
0
0
0
-1
0
-1
0
0
0
0
1
0
0
0
0
0
0
0
0
0
0
0
0
1
0
0
0
0
1
0
-1
0
1
0
0
0
0
0
0
0
-1
-1
0
0
0
1
0
-1
0
0
-1
0
0
0
-1
0
0
1
0
0
0
0
0
0
1
0
0
0
0
1
0
0
0
1
1
0
0
0
0
0
0
1
0
1
0
0
0
1
0
0
0
-1
1
1
0
-1
0
0
0
0
0
0
0
0
0
0
0
1
0
1
0
0
0
0
0
-1
0
1
0
0
-1
0
-1
0
0
-1
0
0
0
0
0
0
0
0
0
0
0
0
0
0
0
0
0
0
0
0
0
0
0
0
0
0
0
0
0
0
0
0
0
-1
0
0
0
0
0
0
0
-1
0
0
0
0
0
0
0
0
0
0
0
0
0
0
0
0
0
0
0
0
0
0
1
-1
0
0
0
0
0
0
0
1
0
0
0
0
0
-1
0
0
0
0
0
0
0
0
0
0
-1
-1
-1
-1
0
-1
0
0
0
-1
1
0
-1
-1
0
-1
0
0
0
-1
0
0
0
0
0
0
0
1
0
0
-1
-1
0
0
0
-1
-1
-1
0
0
0
0
0
0
0
0
0
0
0
0
0
1
0
0
0
0
0
1
1
0
0
0
0
0
-1
0
0
0
0
0
0
1
0
0
1
0
0
0
1
0
0
1
0
1
1
0
0
0
0
0
0
0
0
0
0
1
0
1
1
-1
0
0
0
0
0
0
0
0
0
0
0
1
0
0
1
0
0
0
1
0
0
0
-1
0
0
0
0
0
0
0
0
0
0
1
0
0
0
-1
-1
0
0
0
0
0
0
0
0
0
0
-1
0
1
0
0
0
0
0
0
0
-1
0
1
0
0
0
0
-1
0
-1
-1
0
0
0
0
1
0
0
0
0
0
0
0
0
1
1
0
1
-1
0
0
0
0
0
0
0
0
0
0
0
0
0
0
0
0
0
0
0
0
0
0
0
0
0
0
0
0
-1
1
0
1
0
0
1
0
0
0
0
0
1
-1
0
0
0
0
0
1
0
0
-1
0
0
0
0
1
0
0
1
-1
-1
0
0
0
0
0
0
0
0
0
0
0
-1
0
0
0
1
0
0
0
0
1
0
-1
-1
0
0
0
-1
0
0
0
0
0
-1
0
0
0
0
-1
0
0
0
0
0
0
0
0
0
0
0
0
0
0
-1
0
0
0
0
0
0
0
0
0
1
0
-1
0
0
0
0
0
0
0
0
0
0
0
0
0
0
0
0
0
0
0
-1
0
0
0
0
0
0
0
0
0
0
0
0
0
1
0
0
0
0
0
0
0
1
0
0
0
1
1
0
0
0
-1
1
1
0
0
0
0
0
0
0
1
0
0
0
1
0
0
0
0
0
-1
0
0
0
0
0
0
0
0
0
0
-1
-1
-1
0
0
0
0
-1
0
0
0
0
0
0
0
0
0
1
0
1
0
0
0
0
0
0
1
-1
0
1
-1
0
0
0
0
0
0
0
-1
0
0
0
-1
0
-1
0
0
0
0
0
-1
0
0
0
0
0
0
-1
0
0
0
0
0
0
0
0
-1
-1
0
0
0
0
0
1
0
0
0
0
0
-1
0
0
0
0
0
0
0
0
0
1
0
1
0
0
1
-1
1
0
0
0
-1
-1
0
0
0
-1
0
-1
0
0
0
-1
0
0
0
0
1
0
0
0
0
0
0
1
0
1
0
0
0
0
0
0
1
0
0
0
1
1
0
0
0
0
0
0
0
0
-1
1
0
0
0
0
0
0
0
1
0
0
-1
0
0
0
-1
-1
0
0
1
0
-1
0
0
0
0
0
0
-1
-1
0
0
-1
1
0
1
0
0
0
0
0
0
1
0
0
0
-1
0
0
0
0
0
1
-1
0
0
0
0
0
0
0
0
0
1
0
0
0
0
0
0
-1
0
0
-1
0
0
-1
0
0
0
0
0
0
0
0
1
0
0
-1
1
0
0
-1
-1
0
0
0
1
-1
0
0
0
-1
1
0
0
0
1
-1
0
0
0
0
0
0
0
0
0
0
0
-1
0
0
0
0
0
0
0
0
0
0
1
-1
0
0
-1
1
0
0
0
0
0
0
0
0
0
0
0
0
0
0
-1
0
0
0
0
0
0
0
-1
0
0
0
-1
0
0
-1
-1
0
0
0
0
0
1
1
-1
0
-1
0
0
0
0
0
0
0
0
1
0
0
0
0
-1
1
0
0
1
0
0
0
0
0
1
1
0
0
0
0
0
-1
0
-1
1
0
1
0
0
1
0
0
1
0
0
0
1
-1
-1
1
0
0
0
-1
0
0
1
0
0
0
0
0
0
-1
0
0
0
-1
0
0
1
1
-1
0
0
0
1
0
1
1
1
1
0
2
1
0
2
1
0
0
0
1
-1
1
0
0
0
-1
0
0
0
-2
-1
0
-1
-1
-1
-1
-1
-2
0
-1
-1
0
0
-1
-1
0
0
-1
1
0
-1
0
0
0
1
0
1
0
-1
0
1
0
1
1
1
1
1
1
0
0
0
1
0
0
-1
0
2
1
0
1
0
0
0
0
0
1
0
0
0
0
0
0
0
0
0
-2
-1
-1
0
-1
-1
-1
-2
0
0
-1
0
0
1
-1
0
-1
1
1
1
1
0
0
1
1
0
0
1
2
0
0
0
0
0
0
0
0
0
0
0
-1
-1
0
-1
-1
-1
0
0
-1
-1
0
0
0
0
0
0
0
0
1
0
0
0
-1
0
1
1
0
0
1
-1
0
0
0
0
0
-1
0
0
-1
0
0
0
1
0
0
0
0
0
0
1
0
0
0
0
0
1
0
0
0
1
1
0
0
0
-1
0
0
0
0
1
1
0
1
0
-1
1
0
0
-1
-1
0
0
0
0
0
0
0
0
-1
-1
0
0
-1
0
0
0
0
0
0
0
0
1
1
1
2
0
0
0
1
1
1
1
1
-1
-1
0
0
0
0
0
1
0
-1
0
0
-1
0
0
0
-1
-1
-1
-1
-1
-1
-1
0
0
0
0
0
0
-1
1
1
0
0
0
0
1
0
0
0
0
0
0
0
0
0
0
0
0
1
0
0
0
0
0
0
1
0
0
0
0
0
0
0
0
0
0
0
0
-1
-1
-1
-1
-1
-2
-1
-1
-1
-1
-1
-1
-2
0
0
-1
0
0
0
-1
1
0
1
1
1
1
1
1
1
1
1
1
1
1
0
1
0
0
0
0
0
0
0
0
0
0
1
0
-1
-1
-1
-2
-1
-2
-1
0
0
0
1
0
0
0
0
0
0
0
0
0
-1
0
0
1
0
0
1
1
1
1
1
2
0
0
0
0
0
0
-1
0
1
0
-1
-1
-1
-1
-2
-2
-2
-3
-2
-2
-2
-2
-2
-1
-1
-1
0
-1
-1
0
1
0
0
-1
0
1
1
1
1
2
2
2
2
3
2
2
2
1
1
1
0
0
0
0
0
0
-1
-1
-1
-1
0
0
1
0
0
1
1
2
3
4
4
5
5
6
6
7
7
7
9
9
9
7
7
8
7
4
2
2
-1
-3
-7
-10
-13
-16
-19
-22
-25
-28
-28
-28
-27
-25
-22
-19
-16
-12
-9
-4
1
5
10
14
17
20
21
21
21
20
19
18
17
15
11
8
7
6
3
1
1
2
1
0
0
1
2
3
4
5
7
9
10
11
11
10
9
6
3
1
-1
-5
-8
-12
-15
-20
-23
-25
-26
-28
-30
-29
-28
-29
-30
-27
-21
-18
-15
-11
-6
-1
3
10
13
16
19
24
27
28
29
32
33
32
31
32
32
31
28
26
23
21
17
13
6
2
-3
-9
-14
-20
-26
-32
-35
-36
-39
-42
-44
-42
-38
-35
-31
-25
-19
-12
-5
4
12
18
24
30
37
42
46
50
50
50
49
48
44
38
29
22
13
5
-2
-11
-20
-29
-39
-45
-52
-58
-63
-66
-69
-70
-67
-65
-60
-54
-45
-37
-31
-22
-10
2
11
19
29
40
47
53
57
63
65
65
66
66
62
56
49
43
35
24
14
7
-1
-11
-22
-26
-34
-40
-45
-46
-47
-47
-46
-42
-38
-34
-30
-22
-15
-9
-2
5
12
17
22
29
35
39
42
46
49
48
46
44
43
39
32
27
21
12
2
-4
-12
-21
-29
-35
-40
-45
-49
-51
-52
-51
-49
-45
-40
-35
-30
-25
-19
-14
-8
-4
1
7
10
13
16
18
21
20
22
23
22
21
21
20
18
14
13
11
11
10
7
4
3
2
0
0
-2
-2
-2
-4
-4
-3
-4
-6
-4
-3
-4
-3
-4
-4
-4
-4
-3
-3
-4
-2
-3
-1
0
-1
-1
0
0
1
0
1
2
2
3
2
1
2
1
2
3
1
2
0
1
1
0
0
0
0
0
-1
0
0
-1
0
0
0
0
1
0
0
-1
0
1
0
1
0
-1
0
0
1
0
0
0
0
-1
-1
-2
-1
-2
-1
-1
-2
-2
-1
-1
-1
0
-1
0
-1
-1
-1
0
0
-1
0
0
0
0
0
0
1
1
1
1
1
1
1
0
0
0
0
1
0
0
0
0
-1
0
0
0
0
-2
-1
1
0
0
0
0
0
0
0
0
0
0
0
1
1
1
1
0
2
1
1
1
0
1
1
1
2
1
0
0
-1
0
0
0
0
1
1
0
1
0
0
-1
0
-1
-1
-1
-1
-1
-1
-1
-1
-1
-1
-1
-1
-1
-1
0
-1
-1
0
0
0
0
0
0
0
0
0
1
1
1
1
1
1
1
2
1
1
1
2
1
0
0
0
0
0
0
0
1
1
0
0
0
-1
-1
0
0
0
1
0
0
-1
1
0
-1
-1
0
0
0
0
0
1
0
1
0
0
0
1
0
-1
0
-1
0
0
-1
0
0
0
-1
0
0
0
0
0
0
0
0
1
-1
0
0
0
0
-1
0
0
0
0
0
1
0
0
0
0
1
0
0
0
1
1
0
0
0
0
0
0
0
0
0
1
0
-1
0
0
0
0
0
0
0
0
0
0
1
0
1
1
1
0
0
0
0
0
0
0
0
0
0
0
0
-1
0
0
0
-1
0
-1
0
0
0
0
0
0
0
-1
1
0
1
0
0
0
0
1
1
0
-1
-1
0
-1
0
0
0
0
0
0
0
0
0
0
0
0
0
1
-1
0
0
0
0
1
1
1
0
0
-1
1
1
0
0
0
-1
0
1
0
0
0
1
0
0
0
0
0
0
0
0
0
0
0
0
0
0
1
0
1
0
-1
-1
-1
0
0
0
0
0
0
0
-1
0
0
1
-1
0
1
0
0
0
0
0
0
0
-1
0
0
0
0
0
0
0
0
0
0
0
0
0
0
0
0
0
0
0
0
0
0
1
0
1
0
0
0
1
0
0
-1
1
0
-1
0
0
-1
0
0
0
0
-1
0
0
0
0
1
0
0
0
1
0
0
1
-1
0
0
0
0
0
0
-1
0
1
0
0
0
1
-1
0
0
0
-1
0
0
0
-1
0
1
0
-1
0
0
-1
-1
0
0
0
0
-1
-1
-1
0
0
0
0
0
0
0
0
0
1
0
-1
0
1
0
1
0
0
0
-1
0
0
0
0
0
0
-1
1
0
0
0
0
1
0
0
0
-1
0
1
0
0
0
0
0
0
0
0
0
0
-1
1
-1
0
1
0
0
0
0
0
0
0
0
0
0
0
0
0
0
0
1
0
0
0
0
-1
1
0
0
0
0
0
0
0
0
0
0
0
0
-1
0
0
0
-1
0
0
1
1
0
0
0
0
-1
0
1
0
-1
0
0
0
0
-1
0
0
0
0
0
-1
-1
0
0
0
0
1
0
0
0
0
-1
0
0
0
0
0
0
0
0
1
0
-1
0
0
-1
0
0
0
0
0
0
0
0
0
0
0
1
0
0
0
0
-1
-1
0
-1
0
0
0
-1
0
0
0
0
1
1
-1
0
0
-1
-1
0
0
-1
0
0
-1
0
0
-1
1
-1
0
0
-1
0
0
0
0
0
0
0
1
0
0
-1
1
1
0
0
0
0
0
0
0
0
0
1
1
1
1
1
1
2
1
1
1
0
1
1
2
1
1
1
0
0
0
1
0
1
0
-1
-1
-1
0
-2
-1
-1
-1
0
-1
-2
-1
-1
-1
-1
0
-1
0
0
0
0
1
0
0
1
0
0
0
1
0
0
0
0
0
2
1
1
1
1
1
1
1
2
1
1
1
1
0
0
0
0
-1
0
-1
0
0
0
1
0
0
-1
-1
-2
0
-1
-1
-1
-1
0
-1
0
-1
-1
0
0
-1
0
0
0
0
-1
0
0
0
-1
0
0
1
0
0
0
0
1
0
1
0
0
0
0
-1
0
0
0
0
0
-1
0
0
0
1
1
0
0
-1
0
0
1
0
0
-1
1
0
0
0
0
-1
0
0
0
0
0
0
0
0
0
0
0
1
0
0
0
-1
-1
0
-1
-1
0
-2
-1
-2
-1
-1
-1
-1
-1
0
0
0
0
-1
0
-1
1
0
1
0
0
0
0
0
0
0
0
0
0
0
0
0
0
0
1
0
-1
0
0
0
0
0
0
-1
0
0
-1
0
0
0
0
0
0
0
1
1
0
0
0
0
0
0
0
-1
0
0
0
0
0
0
-1
-1
0
0
0
0
0
1
0
1
-1
0
0
-1
0
0
0
1
0
0
0
0
0
0
0
1
0
1
0
0
0
-1
-1
0
0
0
0
1
0
-1
0
0
0
0
1
0
-1
0
0
0
0
0
1
0
0
0
0
0
0
0
0
0
0
1
0
0
0
0
0
0
0
0
0
0
0
0
0
-1
-1
0
0
0
0
0
0
-1
0
0
-1
0
0
0
0
0
0
0
0
0
0
0
0
0
0
0
0
0
-1
0
0
1
0
0
-1
1
0
0
0
0
0
0
0
0
0
0
-1
1
0
0
-1
0
0
0
1
0
-1
0
0
0
0
0
0
0
1
-1
0
-1
0
-1
-1
0
0
0
1
0
0
0
0
0
1
0
-1
-1
0
0
0
0
0
0
0
-1
0
-1
0
1
0
0
0
0
1
0
0
0
0
0
-1
-1
0
0
0
0
-1
0
1
0
1
0
0
0
0
-1
0
0
0
-1
0
0
0
0
0
0
0
0
-1
0
0
0
1
0
1
0
-1
0
1
0
0
-1
0
0
0
0
0
0
1
0
1
0
0
-1
-1
0
1
0
1
0
0
0
1
0
0
0
0
0
-1
0
0
0
0
0
1
1
1
0
-1
0
0
0
0
0
0
0
0
0
0
1
0
1
0
0
1
0
0
1
0
0
1
0
0
1
0
0
0
0
0
0
0
0
0
0
0
1
0
0
-1
0
0
-1
0
-1
0
0
1
1
0
0
0
-1
0
0
0
0
0
0
1
0
0
-1
0
0
0
0
-1
0
1
0
0
0
0
0
-1
0
0
0
0
0
0
0
1
0
0
0
0
0
-1
0
0
0
0
0
1
0
0
0
0
0
0
0
1
0
-1
0
-1
1
0
0
0
0
-1
0
-1
0
0
0
0
-1
1
0
0
0
1
0
-1
0
1
1
0
-1
0
0
0
0
0
0
0
0
-1
0
0
0
0
1
-1
0
0
-1
0
0
0
0
0
1
1
0
0
0
-1
-1
0
0
0
1
0
0
0
0
0
0
1
0
0
-1
0
0
1
0
0
0
0
0
1
0
0
-1
0
0
0
0
0
0
0
0
1
0
0
0
0
0
0
0
0
1
0
0
0
0
0
0
-1
0
0
0
0
1
0
0
1
0
0
0
1
-1
0
-1
0
0
0
1
0
0
0
0
0
0
1
0
0
0
0
0
0
0
0
0
-1
0
0
0
1
0
0
0
1
0
0
0
0
0
0
0
0
0
0
1
0
1
0
-1
0
0
-1
0
0
0
-1
0
0
0
-1
0
-1
1
-1
1
0
0
0
0
0
1
0
1
0
0
0
0
0
0
0
0
0
0
0
1
0
0
-1
0
0
0
0
0
0
0
0
0
0
-1
0
0
1
0
0
-1
0
0
0
0
0
0
0
0
-1
0
1
0
0
0
0
1
0
0
0
0
0
-1
0
0
-1
0
0
0
0
0
0
0
0
0
0
0
1
1
1
1
0
0
-1
1
0
0
0
0
0
0
0
0
0
0
0
0
1
0
0
1
0
1
0
0
1
0
0
0
0
1
0
0
-1
0
0
1
1
0
0
-1
0
-1
-1
0
0
0
1
1
0
-1
0
1
0
0
0
0
1
0
1
-1
0
1
0
0
0
-1
0
0
0
1
0
-1
0
-1
-1
0
0
1
0
0
0
1
1
0
0
1
1
-1
0
-1
0
0
0
1
0
0
0
0
-1
0
0
-1
0
0
-1
-1
1
0
0
0
0
-1
0
1
0
0
0
-1
1
0
1
0
1
-1
0
0
0
-1
0
0
0
0
0
0
0
0
0
0
0
0
0
0
0
0
0
1
0
0
0
0
1
0
0
0
0
0
0
0
0
0
0
0
0
0
0
0
0
0
0
0
0
1
0
0
0
0
-1
0
0
1
0
0
0
0
0
-1
0
0
0
0
0
0
-1
0
0
-1
0
0
0
-1
0
0
0
0
-1
0
0
0
0
0
0
0
0
0
0
0
0
0
0
0
-1
0
0
0
-1
0
-1
0
-1
0
0
0
0
1
0
0
0
0
-1
1
0
0
0
0
0
1
0
0
0
0
0
0
1
0
0
0
0
-1
0
-1
0
0
0
0
0
0
0
0
0
0
0
0
0
0
0
0
0
1
0
1
1
0
1
0
0
0
0
0
1
0
1
0
0
0
1
0
0
-1
0
0
1
0
-1
0
0
0
0
-1
-1
1
0
0
1
0
0
1
0
0
0
-1
1
0
0
0
0
0
0
-1
0
0
0
0
0
0
0
0
0
0
0
0
0
0
0
0
0
0
0
0
-1
0
-1
0
-1
0
0
0
0
0
-1
0
-1
1
0
0
0
0
0
-1
0
-1
0
-1
0
0
0
0
-1
0
-1
0
1
0
0
0
0
0
0
1
0
0
0
0
0
0
-1
0
0
0
0
0
0
0
0
1
0
1
1
0
0
0
0
0
0
0
0
0
0
1
0
1
0
0
0
0
0
0
0
1
0
0
0
1
0
1
1
0
0
0
0
-1
0
0
1
0
0
0
0
0
0
0
0
0
0
0
0
0
-1
0
0
0
0
0
0
0
0
0
-1
0
1
0
0
0
0
0
0
0
-1
1
0
0
0
1
0
1
0
0
0
0
0
0
0
-1
0
1
0
0
0
1
0
0
0
0
-1
1
1
0
0
1
0
0
0
0
0
0
0
0
-1
0
0
0
0
1
0
0
0
0
0
0
-1
-1
1
0
0
1
0
0
-1
0
-1
1
0
1
0
0
0
0
1
-1
0
0
0
0
0
0
0
0
0
0
0
0
0
0
-1
0
0
0
0
1
0
0
0
0
0
0
0
0
-1
0
0
0
-1
0
0
1
0
-1
0
0
0
0
1
1
1
0
0
-1
0
0
-1
0
0
0
0
-1
0
0
0
0
0
0
1
0
0
0
0
0
1
0
0
0
0
0
0
0
-1
1
-1
0
-1
0
0
0
0
-1
0
0
0
0
0
0
0
0
0
1
0
0
0
0
0
0
0
0
0
0
0
0
0
0
-1
0
0
0
1
0
0
0
0
-1
0
-1
0
1
0
0
1
0
0
0
0
0
0
0
0
0
0
1
-1
0
-1
0
0
-1
0
0
0
0
-1
0
0
0
0
0
1
0
0
0
0
0
0
0
-1
0
0
0
0
0
0
-1
0
0
0
0
0
0
-1
0
-1
0
0
0
0
1
0
0
0
0
0
0
0
0
0
0
0
0
1
0
0
0
0
1
0
-1
0
1
0
0
0
0
0
0
0
-1
-1
0
0
0
1
0
-1
0
0
-1
0
0
0
-1
0
0
1
0
0
0
0
0
0
1
0
0
0
0
1
0
0
0
1
1
0
0
0
0
0
0
1
0
1
0
0
0
1
0
0
0
-1
1
1
0
-1
0
0
0
0
0
0
0
0
0
0
0
1
0
1
0
0
0
0
0
-1
0
1
0
0
-1
0
-1
0
0
-1
0
0
0
0
0
0
0
0
0
0
0
0
0
0
0
0
0
0
0
0
0
0
0
0
0
0
0
0
0
0
0
0
0
-1
0
0
0
0
0
0
0
-1
0
0
0
0
0
0
0
0
-1
-1
-2
-2
-2
-3
-3
-4
-4
-4
-4
-4
-2
-2
0
-1
1
3
5
7
10
12
14
18
19
22
23
25
26
26
27
27
27
26
25
22
20
17
14
10
5
1
-1
-5
-9
-13
-16
-19
-21
-24
-25
-27
-29
-29
-28
-29
-28
-28
-29
-30
-29
-28
-27
-28
-30
-32
-34
-36
-38
-41
-45
-49
-55
-60
-66
-71
-77
-82
-85
-89
-93
-97
-99
-98
-96
-90
-84
-77
-67
-52
-35
-17
0
20
46
74
101
128
158
189
223
253
278
300
323
350
370
380
381
380
378
369
350
325
301
273
240
194
146
99
55
7
-46
-99
-151
-206
-264
-320
-365
-403
-446
-492
-531
-553
-568
-586
-603
-605
-589
-563
-535
-504
-465
-414
-354
-289
-219
-148
-77
-3
70
144
219
292
353
401
447
495
538
567
581
584
584
581
575
560
532
493
449
406
362
306
240
174
109
45
-13
-63
-111
-163
-220
-269
-300
-320
-334
-339
-333
-324
-321
-318
-299
-265
-225
-188
-159
-137
-111
-83
-59
-43
-23
-1
8
-2
-23
-42
-53
-64
-90
-125
-156
-184
-211
-244
-278
-310
-333
-347
-353
-349
-334
-317
-300
-270
-219
-154
-85
-18
57
147
237
323
409
501
593
672
739
800
854
897
928
943
940
922
892
850
789
712
622
520
402
274
146
16
-123
-272
-426
-573
-715
-843
-957
-1056
-1143
-1223
-1287
-1329
-1347
-1340
-1309
-1259
-1187
-1100
-1000
-879
-730
-562
-397
-230
-49
145
334
513
691
875
1039
1176
1295
1402
1493
1554
1585
1598
1591
1552
1478
1383
1265
1115
944
769
588
373
130
-100
-307
-531
-772
-979
-1140
-1289
-1449
-1572
-1632
-1662
-1687
-1661
-1557
-1422
-1308
-1175
-956
-686
-465
-282
-30
311
614
796
953
1180
1409
1520
1537
1564
1603
1552
1380
1193
1035
819
472
92
-210
-484
-828
-1235
-1588
-1882
-2182
-2470
-2633
-2667
-2728
-2831
-2808
-2587
-2327
-2136
-1893
-1500
-1060
-647
-186
366
923
1414
1892
2417
2964
3443
3836
4216
4618
4916
5000
5012
5096
5165
4977
4571
4232
3970
3489
2689
1863
1180
428
-578
-1541
-2211
-2915
-3893
-4855
-5455
-5861
-6421
-6985
-7211
-7136
-7060
-6988
-6696
-6123
-5480
-4828
-4020
-3039
-2015
-985
105
1177
2138
3050
4015
4917
5614
6151
6640
7004
7111
7040
6896
6642
6153
5487
4793
4077
3175
2107
1055
91
-917
-2035
-3019
-3762
-4478
-5320
-6022
-6329
-6475
-6731
-6971
-6870
-6451
-6040
-5667
-5103
-4292
-3495
-2788
-1916
-802
239
995
1819
2943
4068
4803
5314
6029
6810
7285
7471
7680
7872
7725
7314
6976
6701
6103
5079
4067
3296
2372
1054
-310
-1355
-2349
-3633
-4908
-5785
-6438
-7321
-8216
-8599
-8575
-8660
-8870
-8698
-8005
-7229
-6613
-5863
-4729
-3450
-2332
-1228
115
1576
2872
3989
5046
6061
6958
7718
8342
8758
8932
8920
8777
8468
7980
7289
6443
5496
4499
3370
2099
818
-409
-1646
-2968
-4196
-5179
-6024
-6915
-7759
-8334
-8656
-8897
-9086
-9006
-8595
-8122
-7725
-7154
-6233
-5184
-4232
-3217
-1992
-733
398
1512
2690
3806
4814
5766
6636
7279
7760
8176
8424
8396
8227
8004
7616
7017
6338
5624
4748
3773
2862
1971
909
-198
-1091
-1864
-2798
-3788
-4534
-5042
-5583
-6130
-6460
-6638
-6861
-7033
-6829
-6405
-6111
-5886
-5275
-4306
-3435
-2685
-1712
-440
746
1695
2713
3971
5185
6062
6718
7379
8042
8479
8557
8498
8444
8258
7659
6757
5968
5225
4137
2677
1337
332
-757
-2158
-3461
-4412
-5382
-6531
-7485
-8028
-8470
-9086
-9565
-9690
-9562
-9369
-9163
-8828
-8272
-7463
-6663
-5917
-4950
-3727
-2578
-1632
-473
897
2119
3125
4119
5130
5946
6630
7199
7563
7774
7871
7741
7385
7108
6900
6327
5470
4955
4744
4118
3183
2775
2766
2119
958
576
861
352
-1093
-1856
-1529
-1763
-3117
-4101
-3974
-4085
-5225
-6077
-5765
-5392
-5887
-6333
-5725
-4716
-4243
-3939
-2976
-1560
-428
436
1628
3177
4482
5341
6137
7128
7954
8292
8377
8522
8476
7879
7011
6281
5563
4437
2995
1646
502
-703
-2104
-3398
-4447
-5455
-6622
-7666
-8307
-8825
-9508
-10134
-10310
-10193
-10151
-10085
-9681
-8995
-8245
-7414
-6487
-5482
-4323
-2961
-1599
-465
705
2159
3590
4595
5338
6273
7329
7978
8087
8141
8486
8739
8446
7888
7626
7531
6975
6109
5630
5436
4783
3751
3253
3203
2609
1354
521
409
-57
-1318
-2480
-2848
-3188
-4221
-5290
-5589
-5543
-6078
-6764
-6638
-5958
-5727
-5879
-5399
-4252
-3283
-2724
-1862
-444
887
1845
2806
4003
5091
5814
6408
6947
7262
7295
7236
7082
6634
5969
5226
4418
3451
2400
1328
140
-1046
-2060
-2946
-4030
-5149
-5942
-6481
-7192
-8049
-8558
-8754
-8935
-9290
-9397
-9095
-8600
-8136
-7723
-6956
-5874
-4732
-3797
-2832
-1506
-73
1118
1994
2963
4150
5228
5913
6255
6753
7344
7680
7553
7345
7442
7304
6706
5983
5642
5257
4370
3579
3319
3156
2350
1554
1560
1744
1080
-43
-255
22
-575
-1888
-2430
-2135
-2674
-4006
-4446
-3707
-3631
-4769
-5140
-4037
-3085
-3400
-3529
-2257
-877
-504
-382
831
2426
3109
3189
3721
4995
5845
5892
5749
6024
6390
6074
5371
4836
4578
3938
2816
1811
1184
622
-423
-1520
-2269
-2686
-3289
-4342
-5203
-5767
-6249
-7212
-8197
-8669
-8977
-9545
-10361
-10392
-9807
-9336
-9177
-8670
-7331
-6060
-5076
-3981
-2375
-814
79
921
2129
3576
4469
4878
5421
6187
6861
7064
7205
7417
7496
7084
6445
6153
6019
5525
4490
3650
3409
3328
2916
2295
2092
2166
1984
1343
903
1116
1033
44
-1183
-1290
-969
-1748
-3063
-3394
-2655
-2861
-3888
-3789
-2461
-1839
-2651
-2691
-1181
67
-129
-332
884
2265
2440
2249
3164
4571
4959
4494
4561
5243
5466
4852
4189
3976
3712
3028
2096
1422
1007
418
-536
-1610
-2292
-2691
-3480
-4728
-5827
-6317
-6894
-7986
-8901
-9071
-8976
-9465
-9864
-9384
-8336
-7658
-7367
-6478
-5069
-3787
-2981
-2125
-872
251
924
1430
2276
3208
3767
3979
4351
4962
5340
5260
5167
5403
5551
5180
4606
4532
4721
4497
3802
3543
3953
4193
3747
3264
3649
4060
3577
2468
2137
2458
1812
195
-976
-842
-1147
-2669
-3887
-3629
-3122
-4031
-4945
-4364
-3123
-3155
-3900
-3364
-1859
-1047
-1246
-760
709
1848
2080
2368
3507
4595
4853
4609
4757
5231
5331
4855
4360
4161
3911
3246
2394
1835
1450
741
-381
-1447
-2103
-2683
-3708
-4938
-5850
-6305
-6981
-7940
-8525
-8510
-8466
-8853
-8920
-8216
-7390
-7079
-6839
-5907
-4671
-3835
-3327
-2508
-1354
-392
299
1048
2061
3017
3746
4342
5016
5803
6426
6759
6873
7081
7350
7259
6859
6605
6663
6425
5643
5058
5101
5146
4404
3553
3452
3463
2658
1363
1007
1025
64
-1604
-2369
-2145
-2847
-4434
-5229
-4684
-4690
-5844
-6247
-5243
-4400
-4955
-5183
-3925
-2492
-2197
-2209
-992
572
1339
1566
2468
3924
4705
4803
4981
5668
6130
5907
5486
5225
5019
4409
3557
2776
2039
1247
173
-1011
-2127
-3022
-3846
-4958
-6194
-7126
-7660
-8231
-9056
-9578
-9555
-9481
-9694
-9739
-9006
-8071
-7592
-7247
-6284
-4871
-3821
-3088
-2052
-642
552
1378
2295
3595
4759
5472
5977
6776
7759
8261
8374
8467
8822
8933
8492
8097
8035
7968
7210
6286
6112
6191
5577
4446
4131
4296
3540
2071
1469
1717
917
-994
-2061
-1799
-2244
-4122
-5308
-4848
-4776
-6251
-7310
-6389
-5428
-6171
-6978
-5871
-4104
-3851
-4071
-2814
-648
303
336
1398
3389
4556
4478
4698
5712
6332
5991
5462
5459
5367
4629
3593
2812
2353
1649
524
-763
-1738
-2429
-3350
-4634
-5811
-6518
-7080
-7954
-8862
-9230
-9136
-9243
-9621
-9517
-8697
-7909
-7657
-7276
-6114
-4759
-3951
-3358
-2218
-745
341
1083
2095
3531
4791
5563
6210
7168
8234
8830
8888
8931
9198
9222
8597
7763
7368
7087
6232
5096
4587
4620
4156
3094
2650
2925
2727
1508
596
737
444
-1104
-2582
-2624
-2644
-4118
-5639
-5456
-4668
-5453
-6768
-6384
-4946
-4823
-5844
-5519
-3709
-2700
-3060
-2678
-595
1293
1658
1991
3697
5695
6309
6057
6603
7627
7703
6649
5890
5890
5477
4161
2774
2208
1840
905
-341
-1174
-1593
-2282
-3369
-4487
-5277
-6017
-6975
-8025
-8870
-9286
-9574
-9998
-10406
-10269
-9569
-9020
-8765
-8241
-7128
-6032
-5375
-4600
-3350
-2024
-1165
-365
882
2413
3635
4463
5533
6883
7971
8432
8788
9426
9871
9587
8880
8461
8287
7709
6626
5841
5758
5592
4671
3739
3789
4126
3445
2067
1515
1710
951
-965
-2221
-2120
-2492
-4327
-5829
-5490
-4798
-5635
-6840
-6338
-4867
-4646
-5389
-4892
-3070
-2033
-2218
-1770
153
1874
2353
2777
4236
5922
6527
6521
7002
7764
7814
6941
6160
5890
5390
4185
2775
1922
1368
476
-695
-1614
-2102
-2662
-3678
-4807
-5579
-6044
-6887
-8179
-9164
-9481
-9644
-10331
-10917
-10648
-9887
-9495
-9369
-8575
-7150
-5958
-5384
-4589
-3099
-1583
-691
-27
1196
2769
3874
4385
5131
6418
7391
7468
7317
7729
8187
7812
6885
6362
6356
5893
4826
4154
4304
4351
3453
2626
2828
3161
2421
1186
1021
1236
302
-1376
-1910
-1433
-2048
-3655
-4191
-3247
-3051
-4144
-4426
-3162
-2264
-2889
-3165
-1885
-599
-637
-760
468
2009
2506
2592
3592
5074
5738
5640
5867
6568
6765
6149
5444
5164
4782
3823
2631
1796
1265
527
-478
-1445
-2175
-2739
-3396
-4333
-5359
-6134
-6650
-7403
-8357
-8972
-9085
-9153
-9439
-9399
-8774
-7924
-7306
-6767
-5815
-4586
-3485
-2729
-1942
-829
276
1130
1850
2903
4129
4945
5422
6078
7058
7585
7379
7106
7144
7044
6301
5433
4943
4558
3922
3213
2988
3094
2873
2175
1766
1947
1808
748
-433
-739
-1028
-2282
-3707
-3984
-3781
-4562
-5613
-5450
-4390
-4261
-4969
-4693
-3293
-2470
-2877
-2817
-1486
-217
-59
94
1485
3171
3927
4182
5261
6828
7611
7534
7620
8182
8295
7683
6949
6502
5921
4848
3700
2775
1918
850
-402
-1652
-2790
-3760
-4786
-5993
-7210
-8071
-8729
-9573
-10405
-10741
-10701
-10890
-11136
-10811
-9906
-9122
-8702
-7980
-6658
-5288
-4431
-3671
-2379
-932
-20
524
1511
2978
4026
4508
5138
6333
7389
7696
7764
8145
8616
8398
7654
7169
7043
6625
5620
4836
4736
4694
4090
3311
3186
3271
2739
1684
1010
840
136
-1252
-2359
-2586
-2891
-3959
-4842
-4615
-4084
-4487
-5059
-4464
-3296
-3108
-3578
-3066
-1706
-1028
-1180
-703
733
1871
2218
2728
3986
5165
5578
5692
6152
6673
6638
6167
5745
5453
4912
4038
3167
2408
1616
670
-382
-1461
-2483
-3409
-4367
-5504
-6594
-7434
-8108
-8860
-9580
-9903
-9966
-10098
-10300
-10037
-9250
-8503
-8075
-7482
-6273
-4968
-4095
-3333
-2087
-652
269
885
1947
3374
4358
4808
5438
6598
7613
7950
8025
8399
8865
8797
8282
7884
7766
7344
6437
5729
5545
5276
4356
3484
3362
3258
2282
1040
714
650
-472
-2047
-2549
-2350
-3164
-4707
-5124
-4377
-4344
-5407
-5662
-4501
-3622
-4015
-4220
-2994
-1614
-1365
-1414
-321
1280
1984
2118
2885
4247
4970
4940
5075
5642
5885
5394
4786
4466
4109
3319
2376
1632
963
125
-878
-1791
-2601
-3414
-4377
-5441
-6394
-7144
-7810
-8618
-9369
-9782
-9850
-9880
-10048
-9954
-9328
-8441
-7793
-7211
-6134
-4724
-3551
-2744
-1641
-117
1155
1836
2510
3779
5099
5813
6192
6916
7897
8447
8566
8775
9111
9029
8443
7947
7748
7372
6439
5473
4980
4647
3879
2818
2297
2153
1500
181
-659
-603
-995
-2415
-3615
-3512
-3363
-4403
-5407
-5036
-4245
-4662
-5414
-4746
-3345
-3004
-3520
-2989
-1339
-383
-455
-12
1623
2980
3158
3376
4636
6087
6379
6033
6349
7107
7161
6328
5682
5536
5067
3941
2836
2178
1456
319
-809
-1633
-2438
-3401
-4359
-5225
-6138
-6978
-7630
-8288
-8958
-9356
-9468
-9672
-9901
-9682
-9009
-8442
-8141
-7551
-6427
-5300
-4533
-3727
-2504
-1272
-535
110
1215
2476
3184
3476
4171
5240
5938
6016
6144
6680
7041
6752
6239
6144
6174
5627
4697
4189
4137
3718
2763
2168
2196
1921
893
95
238
159
-1023
-2161
-2000
-1634
-2569
-3712
-3395
-2518
-2928
-3843
-3307
-1898
-1689
-2423
-2043
-530
215
-89
233
1683
2763
2804
3048
4348
5634
5845
5685
6195
6997
6961
6228
5785
5725
5272
4167
3200
2739
2234
1218
57
-702
-1251
-2033
-3152
-4226
-4992
-5684
-6568
-7543
-8186
-8429
-8697
-9189
-9494
-9183
-8649
-8440
-8337
-7711
-6585
-5669
-5122
-4391
-3109
-1761
-869
-183
842
2166
3196
3734
4267
5147
5972
6229
6203
6504
6944
6881
6375
6150
6269
6011
5214
4602
4486
4185
3266
2444
2252
1940
852
-209
-388
-573
-1707
-2933
-3038
-2839
-3663
-4694
-4507
-3739
-4047
-4861
-4417
-3052
-2673
-3353
-3084
-1521
-525
-768
-566
996
2387
2513
2633
3922
5353
5622
5346
5780
6591
6655
5916
5300
5147
4794
3841
2662
1851
1365
613
-578
-1729
-2361
-2813
-3779
-5077
-5915
-6157
-6651
-7756
-8582
-8493
-8196
-8586
-9125
-8722
-7664
-7092
-7069
-6495
-5097
-3829
-3208
-2563
-1218
276
1205
1761
2750
4187
5210
5579
5946
6856
7664
7730
7490
7659
8054
7857
7209
6880
6973
6703
5842
5163
4969
4608
3602
2673
2306
1842
701
-466
-870
-1190
-2280
-3567
-3972
-3899
-4576
-5646
-5798
-5132
-5117
-5866
-5818
-4658
-3925
-4348
-4440
-3268
-2079
-2009
-2096
-1018
507
1180
1273
2071
3538
4496
4578
4631
5258
5833
5645
4916
4439
4326
3884
2822
1777
1289
887
-38
-1228
-1925
-2233
-2954
-4150
-5059
-5356
-5752
-6713
-7557
-7648
-7456
-7756
-8218
-7962
-7215
-6811
-6682
-6047
-4898
-4026
-3521
-2698
-1389
-229
495
1328
2522
3703
4476
5147
6051
6950
7472
7651
7944
8360
8532
8320
8103
8105
8031
7579
6968
6612
6339
5700
4739
4031
3544
2738
1548
656
279
-489
-1826
-2845
-3006
-3327
-4534
-5535
-5409
-5005
-5641
-6501
-6081
-4939
-4752
-5397
-5070
-3593
-2684
-2817
-2563
-1055
380
735
1031
2317
3922
4575
4577
5054
5989
6388
5899
5296
5145
4942
4099
2841
1924
1423
640
-667
-1918
-2585
-3113
-4169
-5512
-6352
-6698
-7339
-8414
-9092
-9044
-9031
-9511
-9778
-9202
-8366
-8042
-7884
-7007
-5605
-4586
-4006
-3072
-1550
-241
510
1404
2772
4101
4826
5475
6528
7552
8006
8089
8529
9040
9050
8632
8402
8510
8222
7452
6803
6627
6313
5383
4408
3934
3604
2660
1439
754
459
-342
-1603
-2424
-2553
-2889
-3908
-4668
-4549
-4247
-4750
-5384
-5031
-4115
-3873
-4318
-3993
-2655
-1615
-1527
-1251
170
1796
2447
2652
3647
5231
6082
5893
5848
6490
6957
6384
5324
4801
4612
3871
2453
1267
727
64
-1238
-2730
-3645
-4190
-5146
-6535
-7693
-8210
-8653
-9465
-10220
-10372
-10145
-10210
-10398
-10043
-9210
-8556
-8265
-7645
-6466
-5337
-4636
-3840
-2493
-1074
-200
555
1832
3367
4313
4782
5646
6868
7646
7707
7907
8511
8826
8472
8063
8108
8030
7367
6639
6318
6059
5258
4421
3992
3562
2649
1606
1226
857
-92
-1233
-1665
-1673
-2384
-3407
-3743
-3386
-3580
-4442
-4639
-3914
-3417
-3869
-4107
-3236
-2122
-1719
-1548
-623
782
1728
2301
3242
4600
5684
6147
6500
7088
7619
7660
7248
6833
6475
5876
4968
3969
3129
2214
976
-370
-1519
-2472
-3639
-5029
-6270
-7139
-7917
-8886
-9753
-10177
-10326
-10595
-10910
-10811
-10301
-9859
-9648
-9208
-8318
-7380
-6718
-5936
-4659
-3254
-2252
-1367
59
1825
3178
3941
4873
6314
7580
8067
8231
8814
9534
9591
9057
8757
8834
8534
7597
6795
6489
6027
4928
3855
3362
2878
1787
537
-91
-576
-1565
-2719
-3275
-3549
-4311
-5192
-5350
-5124
-5426
-6033
-5863
-5026
-4630
-4794
-4477
-3330
-2287
-1785
-1105
226
1584
2457
3310
4593
5871
6643
7149
7854
8462
8556
8274
8063
7868
7271
6237
5091
4052
2972
1671
134
-1438
-2788
-3978
-5309
-6830
-8071
-8792
-9448
-10418
-11253
-11402
-11243
-11427
-11691
-11332
-10496
-10008
-9794
-9032
-7645
-6546
-5976
-5013
-3237
-1508
-539
375
2037
3957
5177
5827
6741
8056
9030
9345
9468
9834
10155
9987
9500
9170
9052
8700
7936
7059
6422
5978
5456
4595
3433
2341
1658
1157
199
-1166
-2131
-2453
-2937
-4096
-4946
-4733
-4426
-5204
-6208
-5837
-4592
-4332
-5081
-4976
-3516
-2368
-2276
-1863
-198
1432
1828
2072
3487
5337
6026
5811
6101
7007
7342
6856
6385
6332
5927
4795
3614
2926
2352
1134
-517
-1913
-2805
-3717
-5033
-6397
-7365
-8042
-8879
-9840
-10380
-10380
-10427
-10880
-11183
-10634
-9723
-9318
-9319
-8689
-7295
-6117
-5544
-4756
-3199
-1599
-590
342
1903
3639
4745
5411
6421
7749
8636
8867
9035
9444
9699
9445
9011
8807
8655
8193
7489
6927
6522
6007
5354
4750
4064
3121
2124
1495
936
-100
-1359
-2102
-2387
-3118
-4187
-4634
-4374
-4519
-5414
-5756
-5021
-4344
-4659
-4958
-4076
-2810
-2344
-2233
-1236
387
1330
1565
2295
3764
4869
5029
5082
5737
6364
6256
5764
5641
5733
5293
4332
3509
3108
2587
1447
1
-1226
-2079
-3018
-4396
-5929
-7126
-7831
-8520
-9386
-10093
-10294
-10257
-10344
-10310
-9851
-9204
-8838
-8487
-7679
-6564
-5737
-5142
-4157
-2729
-1434
-493
638
2237
3787
4818
5641
6753
7911
8545
8638
8697
8890
8865
8412
7831
7428
7079
6601
6013
5509
5102
4780
4454
3912
3124
2403
2014
1558
529
-677
-1348
-1680
-2509
-3713
-4209
-4023
-4295
-5326
-5736
-4874
-4101
-4453
-4877
-3908
-2346
-1695
-1605
-598
1221
2348
2628
3385
4985
6111
6143
6097
6748
7347
7066
6430
6184
6122
5518
4489
3641
3071
2287
987
-429
-1597
-2589
-3841
-5390
-6795
-7833
-8714
-9704
-10573
-10978
-11110
-11290
-11451
-11161
-10466
-9874
-9526
-8973
-7903
-6768
-5991
-5249
-4023
-2515
-1349
-473
776
2461
3922
4790
5567
6655
7664
8129
8195
8295
8369
8152
7667
7228
6909
6548
6118
5681
5279
4925
4781
4711
4270
3468
2861
2730
2316
1115
-96
-540
-788
-1951
-3440
-3881
-3500
-3895
-5339
-6002
-5135
-4286
-4793
-5471
-4651
-3054
-2374
-2351
-1339
674
2014
2285
3021
4890
6455
6585
6305
6946
7897
7803
6866
6351
6435
6020
4795
3686
3282
2856
1609
65
-925
-1513
-2586
-4212
-5552
-6332
-7171
-8428
-9492
-9860
-9967
-10393
-10848
-10642
-9903
-9318
-9057
-8517
-7404
-6208
-5417
-4690
-3509
-2105
-1011
-204
946
2439
3659
4389
5161
6324
7340
7735
7848
8215
8617
8542
8099
7801
7627
7212
6609
6143
5741
5096
4399
4012
3575
2645
1580
1048
667
-403
-1751
-2428
-2653
-3531
-4913
-5459
-5210
-5545
-6758
-7363
-6681
-6143
-6665
-7127
-6255
-4886
-4322
-4022
-2707
-653
761
1450
2662
4650
6245
6720
6886
7576
8240
8042
7232
6727
6511
5800
4547
3540
3196
2734
1573
248
-468
-817
-1723
-3160
-4385
-5075
-5886
-7159
-8294
-8785
-8991
-9535
-10130
-10061
-9362
-8755
-8530
-8041
-6928
-5673
-4805
-4028
-2823
-1399
-272
580
1699
3117
4392
5232
5983
6959
7954
8586
8826
9063
9326
9363
9058
8671
8382
7984
7418
6783
6166
5447
4780
4286
3598
2459
1279
696
224
-882
-2274
-3036
-3324
-4147
-5292
-5711
-5515
-5962
-7088
-7366
-6525
-6094
-6778
-7116
-6026
-4665
-4193
-3851
-2449
-555
622
1403
2860
4741
5860
6072
6402
7171
7518
7004
6234
5825
5398
4466
3365
2690
2317
1535
344
-619
-1034
-1526
-2672
-4048
-4997
-5583
-6529
-7815
-8714
-8934
-9097
-9658
-9930
-9344
-8413
-7997
-7750
-6766
-5288
-4277
-3845
-3020
-1577
-381
198
879
2215
3515
4203
4756
5824
7032
7611
7735
8087
8660
8794
8401
8025
7882
7553
6877
6239
5815
5302
4477
3781
3336
2759
1807
872
348
-254
-1208
-2151
-2624
-3063
-3958
-4723
-4852
-4820
-5408
-6094
-5937
-5318
-5228
-5571
-5255
-4212
-3403
-3096
-2451
-1085
174
848
1555
2901
4266
4865
5034
5555
6362
6629
6261
5912
5905
5743
5048
4261
3828
3530
2767
1590
624
55
-617
-1853
-3294
-4343
-5068
-6010
-7198
-8061
-8340
-8556
-9083
-9387
-8942
-8183
-7932
-7955
-7390
-6257
-5468
-5271
-4787
-3623
-2521
-2014
-1421
-55
1488
2358
2942
4142
5694
6604
6876
7399
8286
8673
8390
8206
8458
8444
7794
7143
6935
6709
6025
5276
4760
4193
3265
2331
1647
839
-264
-1355
-2088
-2860
-3872
-4705
-5131
-5483
-6162
-6651
-6521
-6170
-6147
-6237
-5737
-4783
-4033
-3585
-2820
-1551
-386
358
1132
2325
3541
4251
4620
5188
5913
6248
6095
5896
5933
5779
5151
4381
3869
3444
2599
1459
464
-298
-1229
-2454
-3596
-4449
-5236
-6203
-7053
-7452
-7551
-7728
-7979
-7875
-7346
-6817
-6516
-6117
-5300
-4424
-3908
-3493
-2648
-1506
-682
-198
579
1810
2908
3524
4133
5109
6021
6412
6516
6857
7280
7287
6906
6633
6607
6385
5838
5270
4924
4595
4067
3447
2774
2031
1214
487
-252
-1233
-2260
-3043
-3601
-4351
-5180
-5593
-5604
-5814
-6385
-6521
-5938
-5397
-5500
-5562
-4791
-3717
-3179
-2907
-2014
-666
226
685
1512
2864
3820
4026
4246
4971
5603
5477
5054
5045
5259
4983
4293
3853
3788
3510
2686
1765
1203
776
-125
-1424
-2546
-3207
-3862
-4856
-5757
-6163
-6246
-6484
-6713
-6513
-5903
-5353
-5101
-4731
-3987
-3109
-2586
-2281
-1710
-883
-169
302
955
1886
2731
3309
3901
4685
5397
5709
5774
5957
6229
6249
5951
5701
5698
5663
5298
4873
4670
4620
4287
3451
2518
1839
1429
525
-1048
-2368
-2886
-3300
-4633
-5970
-6107
-5741
-6290
-7431
-7403
-6415
-6089
-6734
-6846
-5714
-4687
-4512
-4293
-2980
-1283
-424
49
1189
2987
4181
4446
4732
5621
6474
6477
6043
6049
6463
6397
5655
5178
5347
5231
4119
2951
2515
2042
568
-1335
-2492
-3307
-4604
-6210
-7255
-7593
-8004
-8526
-8687
-8110
-7306
-6920
-6621
-5885
-4742
-3980
-3733
-3302
-2395
-1508
-1027
-498
588
1869
2716
3273
4174
5430
6330
6455
6416
6764
7189
7055
6485
6179
6193
6024
5445
4991
4880
4832
4301
3379
2539
2021
1560
431
-1066
-2200
-2654
-3305
-4627
-5585
-5598
-5459
-6253
-7079
-6606
-5571
-5597
-6451
-6190
-4653
-3683
-3821
-3461
-1698
-5
499
1021
2680
4548
5213
5160
5746
6855
7355
6926
6487
6575
6669
6167
5363
4966
4857
4370
3221
2059
1419
785
-518
-2397
-3823
-4661
-5708
-7286
-8635
-8901
-8909
-9422
-9895
-9343
-8104
-7568
-7508
-6850
-5430
-4405
-4287
-3921
-2819
-1624
-1159
-808
342
1852
2800
3174
4031
5418
6376
6461
6463
6998
7400
7079
6480
6371
6395
5991
5339
5047
5065
4870
4448
3913
3372
2805
2335
1644
425
-819
-1564
-2132
-3310
-4593
-5017
-4994
-5583
-6516
-6431
-5516
-5281
-5890
-5840
-4598
-3586
-3553
-3351
-2053
-638
-78
367
1703
3350
4114
4291
4925
6038
6604
6378
6130
6216
6183
5628
4968
4586
4263
3588
2631
1803
1242
533
-622
-1935
-3052
-3916
-5002
-6219
-7092
-7524
-7819
-8297
-8367
-7854
-7131
-6663
-6318
-5564
-4650
-3935
-3605
-3187
-2461
-1756
-1304
-950
-123
1034
2014
2610
3307
4484
5567
6005
6077
6385
6768
6563
5935
5586
5554
5300
4668
4279
4306
4357
4161
3775
3374
2872
2337
1660
583
-694
-1776
-2552
-3618
-4944
-5643
-5595
-5712
-6472
-6734
-5877
-5022
-5168
-5429
-4568
-3395
-3131
-3257
-2390
-872
-152
-15
916
2749
3975
4176
4567
5703
6572
6403
6005
6079
6108
5394
4463
4054
3841
3177
2123
1321
799
84
-872
-1860
-2802
-3786
-4798
-5594
-6240
-6731
-7072
-7216
-7130
-6854
-6251
-5553
-4985
-4532
-3936
-3122
-2565
-2263
-1855
-1131
-447
-92
484
1569
2733
3415
3955
4931
6003
6458
6331
6345
6570
6406
5728
5120
4910
4651
4146
3666
3553
3560
3399
3047
2468
1795
1178
644
-326
-1815
-3091
-3698
-4195
-5288
-6196
-6097
-5638
-5903
-6394
-5744
-4492
-4181
-4766
-4504
-3163
-2387
-2620
-2457
-1086
158
479
911
2372
3970
4490
4524
5164
6204
6463
5862
5464
5537
5370
4512
3701
3463
3261
2476
1383
762
476
-206
-1464
-2618
-3209
-3807
-4837
-5871
-6264
-6236
-6568
-7048
-6924
-6161
-5580
-5543
-5347
-4523
-3594
-3207
-3026
-2392
-1416
-774
-527
56
1170
2292
2855
3201
3910
4852
5477
5546
5536
5772
5984
5768
5271
5045
5121
5015
4498
3947
3769
3808
3493
2689
1793
1282
943
33
-1281
-2203
-2463
-2999
-4201
-4999
-4784
-4466
-5104
-5820
-5355
-4334
-4210
-4814
-4562
-3312
-2562
-2768
-2534
-1124
202
477
704
2020
3641
4274
4250
4832
5932
6401
6034
5727
5954
5975
5274
4410
4042
3871
3166
2025
1198
811
192
-1053
-2343
-3072
-3620
-4621
-5870
-6559
-6734
-7134
-7847
-8093
-7540
-7031
-7115
-7098
-6261
-5219
-4816
-4669
-3933
-2846
-2197
-1831
-1030
185
1100
1600
2310
3465
4505
4977
5242
5728
6243
6355
6126
6014
6062
5953
5519
5016
4754
4611
4377
3809
3081
2504
2092
1560
566
-495
-1189
-1601
-2382
-3514
-4114
-3984
-3976
-4656
-5113
-4506
-3650
-3653
-4007
-3412
-2139
-1615
-1803
-1335
112
1162
1222
1576
2970
4343
4616
4533
5248
6251
6369
5761
5492
5649
5333
4353
3528
3226
2835
1879
793
101
-351
-1109
-2215
-3240
-3974
-4690
-5642
-6534
-7048
-7257
-7602
-8005
-8011
-7529
-6953
-6666
-6358
-5679
-4816
-4189
-3800
-3165
-2258
-1516
-1110
-572
424
1461
2123
2556
3240
4152
4803
5030
5142
5424
5636
5479
5114
4943
4968
4756
4196
3702
3554
3507
3098
2365
1752
1486
1132
274
-732
-1265
-1527
-2250
-3262
-3662
-3415
-3534
-4259
-4527
-3821
-3159
-3349
-3593
-2924
-1937
-1664
-1720
-988
299
940
983
1630
3099
4132
4201
4358
5283
6062
5903
5445
5626
5917
5382
4378
3896
3954
3531
2371
1317
935
588
-434
-1798
-2648
-3041
-3822
-5109
-6093
-6264
-6362
-7018
-7650
-7432
-6697
-6437
-6569
-6146
-5064
-4285
-4140
-3811
-2852
-1952
-1668
-1457
-640
415
970
1227
1917
3000
3765
4040
4373
5008
5497
5556
5428
5412
5409
5165
4703
4218
3894
3665
3289
2644
1943
1536
1315
773
-176
-957
-1293
-1746
-2718
-3572
-3712
-3704
-4304
-5058
-5000
-4358
-4142
-4471
-4354
-3490
-2771
-2638
-2323
-1267
-212
204
564
1584
2812
3445
3715
4338
5183
5556
5431
5461
5751
5673
5065
4448
4154
3789
3004
2092
1451
920
105
-889
-1680
-2248
-2918
-3777
-4552
-5056
-5415
-5844
-6312
-6510
-6359
-6124
-5986
-5742
-5085
-4284
-3689
-3186
-2447
-1518
-868
-454
134
953
1581
1890
2327
3092
3808
4165
4470
5025
5537
5666
5602
5677
5724
5429
4876
4379
3924
3326
2697
2159
1587
871
257
-159
-685
-1420
-2067
-2440
-2885
-3630
-4260
-4439
-4554
-5031
-5416
-5174
-4714
-4638
-4677
-4143
-3189
-2544
-2260
-1669
-526
489
963
1435
2443
3511
3959
4121
4706
5481
5649
5286
5180
5376
5137
4299
3594
3301
2787
1661
603
201
-142
-1136
-2332
-2867
-3029
-3650
-4591
-5096
-5102
-5356
-6021
-6376
-6042
-5599
-5622
-5711
-5209
-4236
-3504
-3112
-2514
-1547
-666
-213
202
947
1797
2259
2387
2721
3466
4156
4380
4453
4809
5293
5440
5263
5125
5113
4956
4499
3947
3517
3213
2835
2241
1606
1196
1000
618
-58
-662
-924
-1203
-1883
-2571
-2739
-2706
-3188
-3898
-3957
-3396
-3198
-3561
-3542
-2756
-2052
-2002
-1828
-925
27
292
375
1147
2188
2605
2523
2794
3535
3911
3640
3389
3620
3767
3232
2486
2223
2172
1591
568
-142
-322
-671
-1610
-2535
-2829
-2909
-3514
-4377
-4710
-4596
-4816
-5427
-5661
-5307
-5026
-5161
-5181
-4616
-3865
-3445
-3203
-2613
-1685
-967
-654
-245
561
1333
1688
1917
2452
3096
3448
3557
3791
4144
4317
4268
4203
4249
4242
4035
3743
3545
3427
3223
2852
2445
2112
1829
1478
946
401
13
-243
-667
-1329
-1734
-1749
-1821
-2282
-2692
-2552
-2242
-2329
-2574
-2334
-1715
-1406
-1473
-1228
-455
198
339
491
1134
1871
2137
2158
2497
3015
3156
2946
2899
3072
3005
2552
2093
1865
1604
1040
366
-132
-511
-1052
-1783
-2385
-2742
-3138
-3755
-4343
-4655
-4813
-5098
-5430
-5553
-5424
-5264
-5164
-4927
-4447
-3878
-3381
-2858
-2172
-1454
-837
-260
364
996
1534
2009
2458
2882
3280
3670
4009
4220
4343
4499
4682
4695
4509
4363
4360
4226
3809
3393
3235
3069
2559
1912
1544
1354
867
97
-445
-612
-940
-1655
-2237
-2294
-2282
-2716
-3202
-3140
-2772
-2756
-2994
-2844
-2267
-1878
-1860
-1638
-952
-302
-77
119
753
1508
1863
1969
2301
2821
3045
2927
2862
2958
2908
2518
2071
1801
1526
984
318
-156
-470
-935
-1622
-2192
-2518
-2834
-3340
-3856
-4104
-4225
-4469
-4749
-4772
-4548
-4369
-4286
-4051
-3557
-3016
-2595
-2170
-1587
-951
-444
0
529
1099
1562
1926
2323
2767
3137
3382
3597
3849
4063
4149
4153
4153
4107
3981
3794
3585
3354
3058
2731
2409
2067
1674
1264
890
487
-7
-476
-811
-1143
-1611
-2011
-2174
-2294
-2577
-2823
-2748
-2526
-2503
-2579
-2374
-1930
-1589
-1401
-1076
-538
-39
291
643
1157
1650
1942
2158
2453
2730
2832
2809
2803
2770
2588
2273
1965
1679
1302
797
291
-157
-615
-1148
-1687
-2154
-2596
-3040
-3464
-3815
-4091
-4317
-4514
-4649
-4622
-4479
-4356
-4258
-4006
-3538
-3081
-2756
-2370
-1789
-1179
-707
-270
284
860
1321
1723
2172
2622
2968
3240
3532
3802
3939
3968
3996
4036
3980
3795
3563
3326
3081
2797
2490
2172
1802
1393
1023
706
305
-204
-641
-908
-1224
-1695
-2065
-2143
-2168
-2406
-2582
-2399
-2083
-2014
-2042
-1749
-1219
-886
-764
-445
135
600
787
1033
1529
1982
2143
2211
2436
2660
2648
2483
2367
2267
2014
1622
1260
943
554
59
-434
-841
-1210
-1644
-2128
-2513
-2772
-3024
-3353
-3638
-3752
-3781
-3841
-3892
-3776
-3516
-3256
-3023
-2702
-2242
-1744
-1303
-898
-432
68
505
864
1214
1575
1880
2114
2325
2543
2713
2804
2862
2904
2909
2843
2741
2628
2476
2254
1996
1765
1533
1255
959
706
469
175
-128
-354
-547
-810
-1115
-1344
-1466
-1600
-1784
-1878
-1826
-1770
-1800
-1741
-1496
-1260
-1163
-1031
-704
-354
-156
22
347
720
969
1153
1423
1734
1931
2022
2122
2236
2265
2173
2036
1897
1736
1504
1199
870
571
284
-46
-404
-726
-1005
-1309
-1652
-1942
-2151
-2366
-2627
-2844
-2935
-2975
-3047
-3079
-2982
-2813
-2662
-2483
-2196
-1844
-1527
-1225
-860
-458
-91
227
559
923
1259
1531
1781
2033
2269
2453
2580
2682
2752
2775
2762
2707
2613
2496
2352
2176
1957
1731
1524
1307
1045
747
470
227
-21
-315
-611
-831
-1006
-1209
-1433
-1573
-1607
-1638
-1719
-1752
-1656
-1521
-1446
-1377
-1202
-957
-752
-581
-344
-38
240
456
680
952
1192
1338
1436
1539
1620
1618
1531
1431
1333
1192
961
682
446
225
-74
-453
-795
-1049
-1323
-1675
-2019
-2254
-2438
-2671
-2898
-3013
-3051
-3114
-3173
-3102
-2925
-2764
-2616
-2370
-2011
-1655
-1349
-1008
-598
-186
172
534
915
1263
1574
1884
2186
2426
2614
2796
2960
3043
3061
3074
3096
3054
2907
2748
2645
2527
2305
2051
1864
1695
1437
1127
888
720
487
163
-110
-270
-434
-694
-935
-1040
-1089
-1222
-1363
-1366
-1276
-1258
-1297
-1215
-1008
-836
-758
-631
-373
-120
29
157
376
614
734
775
859
974
1001
925
849
818
736
556
328
146
-19
-246
-532
-799
-1012
-1239
-1508
-1764
-1953
-2118
-2319
-2508
-2616
-2662
-2720
-2762
-2736
-2639
-2539
-2437
-2261
-2022
-1767
-1535
-1274
-982
-687
-389
-81
230
504
762
1030
1317
1565
1745
1910
2085
2233
2297
2314
2347
2377
2339
2240
2152
2091
1987
1823
1665
1543
1396
1193
989
815
631
401
170
-4
-161
-360
-579
-739
-830
-918
-1032
-1107
-1091
-1046
-1026
-982
-857
-682
-531
-396
-210
19
233
411
590
789
970
1103
1216
1337
1436
1481
1486
1479
1456
1381
1262
1122
965
781
567
334
95
-143
-388
-633
-879
-1116
-1330
-1525
-1710
-1879
-2001
-2101
-2190
-2240
-2227
-2194
-2161
-2093
-1970
-1817
-1674
-1513
-1320
-1110
-906
-702
-477
-244
-29
176
390
601
776
916
1055
1194
1289
1324
1350
1388
1412
1374
1310
1264
1208
1115
996
889
784
649
477
308
165
23
-153
-327
-472
-599
-732
-863
-946
-987
-1025
-1064
-1049
-972
-893
-831
-735
-566
-371
-201
-36
174
417
635
819
1021
1241
1425
1556
1665
1780
1870
1901
1900
1885
1833
1734
1610
1481
1323
1118
889
674
454
200
-72
-323
-550
-787
-1031
-1240
-1407
-1554
-1694
-1808
-1881
-1914
-1916
-1908
-1883
-1820
-1717
-1602
-1485
-1342
-1172
-1001
-828
-645
-445
-257
-74
120
307
464
595
728
852
947
1005
1040
1070
1086
1066
1018
980
934
851
741
639
537
408
259
116
-22
-181
-334
-470
-599
-719
-826
-898
-951
-999
-1022
-994
-934
-881
-819
-702
-541
-383
-238
-70
123
307
476
649
830
990
1116
1226
1328
1406
1450
1460
1453
1419
1343
1233
1112
972
804
615
419
213
-10
-240
-473
-695
-904
-1110
-1304
-1466
-1602
-1724
-1815
-1859
-1868
-1864
-1839
-1773
-1667
-1549
-1415
-1247
-1057
-873
-682
-466
-237
-17
188
399
618
826
1017
1192
1362
1510
1629
1721
1788
1832
1857
1860
1832
1774
1706
1635
1537
1410
1269
1123
956
771
585
398
201
1
-186
-354
-509
-661
-795
-896
-977
-1040
-1076
-1082
-1071
-1050
-1013
-942
-843
-740
-644
-533
-394
-252
-127
-11
114
237
337
416
477
529
559
559
535
497
442
349
235
120
1
-150
-322
-487
-652
-825
-998
-1157
-1296
-1428
-1548
-1641
-1703
-1742
-1754
-1731
-1678
-1611
-1527
-1411
-1264
-1105
-942
-763
-562
-353
-148
61
284
510
725
922
1112
1300
1479
1638
1771
1884
1978
2047
2091
2128
2148
2138
2101
2046
1981
1895
1793
1684
1565
1426
1270
1111
952
781
601
425
254
75
-98
-252
-384
-501
-613
-706
-775
-823
-852
-866
-869
-860
-840
-804
-757
-706
-650
-588
-523
-462
-409
-352
-301
-265
-243
-241
-250
-273
-309
-362
-432
-512
-597
-688
-788
-887
-985
-1087
-1190
-1283
-1362
-1433
-1478
-1509
-1526
-1529
-1500
-1442
-1367
-1276
-1172
-1053
-921
-788
-637
-471
-307
-148
8
173
342
496
641
778
913
1028
1121
1208
1291
1357
1392
1418
1447
1462
1449
1427
1404
1372
1322
1259
1202
1143
1071
992
915
843
770
680
590
518
445
358
269
202
142
73
7
-40
-78
-110
-133
-146
-153
-153
-153
-144
-129
-110
-90
-70
-46
-28
-12
6
21
28
20
13
-3
-30
-58
-86
-132
-196
-247
-289
-341
-411
-478
-522
-562
-617
-670
-698
-717
-745
-768
-771
-759
-753
-741
-717
-682
-650
-612
-556
-499
-453
-404
-340
-281
-232
-189
-136
-80
-43
-7
41
90
114
129
153
187
209
211
218
228
237
242
243
252
251
246
248
253
251
244
241
247
249
245
247
245
243
249
251
248
242
248
261
265
264
272
290
298
299
307
325
332
325
331
347
358
347
343
356
360
342
323
319
315
289
253
232
212
177
132
102
74
29
-25
-65
-97
-141
-192
-235
-268
-305
-351
-387
-408
-427
-455
-489
-507
-507
-512
-525
-533
-528
-524
-526
-516
-496
-489
-492
-482
-461
-455
-461
-452
-428
-410
-401
-387
-361
-334
-316
-297
-266
-231
-204
-178
-144
-107
-78
-48
-6
34
69
105
155
207
245
282
326
372
405
426
457
492
522
539
554
575
602
617
620
624
638
648
646
644
645
648
644
632
624
621
616
597
577
566
551
522
489
467
451
415
368
324
288
247
194
137
86
30
-38
-107
-173
-238
-312
-388
-457
-515
-577
-650
-713
-762
-809
-861
-908
-944
-978
-1010
-1044
-1066
-1079
-1091
-1101
-1106
-1105
-1099
-1081
-1058
-1036
-1011
-969
-915
-866
-818
-751
-676
-598
-521
-436
-341
-242
-142
-34
73
178
284
388
497
597
687
777
862
943
1013
1077
1136
1184
1227
1258
1279
1290
1299
1300
1285
1261
1238
1211
1171
1125
1080
1027
969
911
859
805
739
672
611
552
489
425
369
313
254
197
141
85
31
-18
-71
-126
-183
-238
-293
-348
-398
-454
-511
-565
-616
-672
-733
-792
-848
-901
-960
-1014
-1061
-1108
-1156
-1203
-1242
-1274
-1304
-1326
-1346
-1358
-1367
-1364
-1354
-1338
-1310
-1271
-1230
-1179
-1118
-1046
-966
-882
-789
-689
-578
-464
-346
-224
-97
29
151
277
399
521
635
742
841
936
1022
1098
1167
1229
1278
1318
1353
1380
1392
1396
1398
1391
1379
1358
1331
1296
1262
1232
1191
1138
1084
1038
996
946
886
833
788
743
684
626
582
537
477
415
365
313
250
186
126
63
-2
-65
-125
-195
-268
-337
-403
-475
-555
-630
-708
-776
-838
-905
-979
-1043
-1094
-1150
-1206
-1257
-1289
-1320
-1354
-1386
-1400
-1404
-1408
-1404
-1385
-1357
-1325
-1289
-1250
-1190
-1111
-1027
-950
-870
-774
-675
-573
-463
-356
-248
-147
-37
72
175
272
365
465
547
622
695
759
814
863
912
948
973
1000
1028
1042
1038
1037
1044
1039
1013
981
971
963
936
896
864
846
827
795
749
721
704
675
629
585
554
533
515
481
446
404
368
348
320
267
218
196
165
111
51
9
-19
-74
-144
-207
-264
-336
-425
-497
-568
-649
-744
-817
-876
-954
-1042
-1127
-1183
-1237
-1300
-1341
-1359
-1385
-1424
-1440
-1410
-1385
-1373
-1324
-1243
-1163
-1102
-1010
-884
-771
-671
-544
-381
-247
-135
-6
148
291
417
546
663
755
829
922
1019
1072
1083
1093
1120
1134
1121
1092
1065
1024
959
895
853
804
735
663
608
542
478
421
371
329
290
255
226
206
195
192
195
213
225
223
231
265
294
300
310
336
348
326
320
346
343
304
265
244
213
159
111
54
-28
-94
-150
-217
-311
-406
-472
-541
-618
-703
-780
-845
-891
-938
-998
-1026
-1042
-1053
-1058
-1049
-1027
-995
-955
-909
-845
-779
-710
-638
-542
-442
-359
-263
-163
-63
22
110
195
256
310
379
444
485
505
504
517
540
540
500
474
467
434
388
351
320
273
235
218
183
140
106
81
54
39
35
17
7
14
26
28
33
51
73
96
121
134
152
180
202
216
234
264
273
263
258
267
268
257
235
211
196
175
140
109
87
63
30
-8
-33
-65
-99
-129
-151
-178
-208
-225
-234
-246
-269
-281
-281
-286
-283
-272
-260
-249
-238
-221
-196
-171
-142
-109
-84
-68
-44
-12
12
31
50
68
85
106
119
122
127
138
147
145
140
138
143
138
127
119
117
113
105
96
88
79
67
54
50
43
33
23
11
-1
-6
-12
-19
-25
-30
-34
-35
-36
-40
-41
-40
-34
-30
-30
-30
-23
-19
-18
-12
-9
-11
-8
-2
-1
-1
-2
-5
-12
-18
-26
-37
-48
-56
-64
-78
-89
-100
-113
-129
-140
-146
-161
-176
-182
-179
-182
-187
-188
-181
-175
-169
-161
-145
-130
-117
-102
-79
-53
-33
-7
16
41
66
93
118
144
169
188
206
226
247
258
267
276
282
283
280
277
276
270
256
243
228
216
199
180
159
141
127
106
85
70
53
29
12
-3
-15
-32
-42
-48
-63
-75
-81
-84
-92
-102
-106
-108
-114
-124
-133
-139
-140
-145
-150
-154
-155
-156
-158
-164
-170
-172
-172
-169
-169
-171
-171
-167
-167
-169
-162
-149
-142
-143
-136
-125
-112
-99
-87
-80
-71
-53
-34
-22
-15
-5
12
26
37
48
60
71
80
92
102
110
111
118
128
137
138
136
137
144
149
147
143
144
147
142
135
132
131
127
119
113
112
107
97
97
95
84
75
75
72
59
51
55
52
43
38
37
32
23
17
16
9
-1
-6
-8
-14
-26
-32
-36
-42
-51
-59
-65
-72
-81
-89
-89
-92
-98
-103
-106
-107
-109
-108
-107
-108
-108
-103
-99
-101
-102
-93
-82
-82
-85
-79
-67
-62
-62
-59
-50
-42
-39
-35
-27
-20
-16
-8
1
5
10
16
25
29
34
41
48
52
53
57
62
68
69
73
74
74
77
79
81
82
82
83
84
82
79
76
76
76
72
67
61
59
56
52
45
38
34
33
29
17
9
9
7
-4
-13
-13
-18
-30
-35
-37
-45
-55
-60
-62
-67
-74
-79
-80
-80
-85
-89
-87
-84
-85
-86
-81
-74
-70
-67
-61
-53
-46
-38
-27
-17
-11
-5
5
14
15
21
33
40
37
33
36
41
40
39
33
26
25
24
20
11
6
2
-4
-10
-11
-16
-21
-27
-32
-34
-33
-31
-35
-36
-30
-23
-21
-19
-11
-4
3
5
15
25
30
30
38
47
52
55
56
56
58
62
64
57
55
57
49
40
39
41
32
26
29
28
17
5
0
-3
-8
-12
-17
-21
-30
-34
-32
-30
-38
-40
-28
-18
-23
-23
-6
1
-1
4
22
29
25
39
53
38
17
33
56
47
24
21
24
13
8
10
2
-10
-22
-26
-31
-37
-42
-50
-51
-57
-67
-74
-80
-89
-90
-80
-71
-69
-66
-49
-42
-50
-50
-37
-28
-16
-9
-3
3
1
-2
0
6
4
-4
1
18
18
0
7
34
43
36
43
60
60
59
73
65
34
29
52
67
59
40
27
25
37
30
2
5
40
44
10
-12
0
12
4
-2
4
6
1
-13
-20
-13
7
15
6
6
15
25
31
39
52
53
47
44
42
46
50
43
32
30
27
11
-6
-13
-25
-35
-40
-49
-65
-83
-88
-92
-104
-111
-119
-112
-100
-122
-146
-123
-91
-97
-107
-91
-95
-121
-108
-60
-43
-52
-38
-11
6
27
60
75
74
69
68
90
114
104
81
94
109
93
90
121
124
80
55
70
89
79
59
39
20
23
38
21
-21
-32
-11
-6
-36
-79
-94
-59
-25
-40
-73
-71
-39
-12
-3
4
26
54
65
40
21
54
88
72
50
65
83
60
23
2
12
32
18
-20
-32
-21
-25
-40
-35
-38
-67
-72
-56
-62
-87
-92
-85
-90
-94
-98
-107
-95
-61
-50
-72
-71
-33
-11
-9
1
9
17
38
62
65
46
51
86
104
86
72
68
74
98
106
77
44
53
67
50
18
12
10
-6
-20
-33
-43
-39
-35
-51
-63
-60
-46
-39
-39
-35
-28
-21
-21
-19
-12
-1
1
-9
-13
-3
6
12
13
8
11
4
-6
-5
7
14
6
2
6
1
0
0
-3
-8
-9
-11
-18
-24
-22
-15
-14
-16
-16
-17
-17
-15
-10
-9
-9
-2
7
14
17
18
19
18
18
17
15
24
29
23
20
31
36
30
28
30
34
31
28
30
30
21
17
18
12
3
6
6
-1
-6
-9
-13
-15
-20
-20
-19
-18
-18
-23
-30
-23
-9
-10
-20
-23
-13
0
0
-15
-26
-23
-11
-9
-12
-10
-9
-10
-12
-5
1
0
3
7
1
-1
6
11
11
8
2
0
6
13
14
2
-4
4
6
-4
-6
-3
-4
-13
-7
1
-6
-13
-9
-9
-18
-14
-2
-1
-10
-12
-8
-1
3
3
4
4
8
4
0
2
10
10
8
5
0
4
7
3
-2
-3
1
6
4
1
0
1
4
11
10
2
4
10
5
-2
5
12
5
-2
10
22
17
6
1
10
23
22
8
4
10
17
18
8
4
6
12
10
2
-3
0
0
0
0
-2
1
2
-3
-11
-14
-3
-6
-17
-17
-18
-25
-30
-26
-26
-33
-31
-30
-37
-39
-33
-30
-32
-33
-26
-23
-18
-13
-19
-28
-27
-19
-16
-19
-10
-1
0
2
12
22
27
38
43
38
33
36
39
35
27
18
12
8
3
-1
-4
-3
5
7
1
-2
2
8
4
0
2
6
10
11
12
15
18
21
23
20
19
24
27
30
36
37
41
45
52
55
55
51
52
56
54
46
34
32
31
24
10
0
-6
-12
-18
-23
-27
-33
-37
-40
-48
-55
-58
-60
-60
-65
-76
-83
-84
-84
-92
-100
-104
-105
-105
-103
-97
-88
-78
-65
-50
-37
-22
0
19
30
38
55
72
78
78
81
87
91
86
75
67
63
61
55
49
46
44
37
28
23
18
13
10
7
0
-5
-12
-22
-30
-30
-30
-31
-32
-28
-20
-13
-11
-8
0
4
8
14
20
28
33
33
38
44
45
41
36
36
37
31
27
25
23
14
8
5
2
-7
-19
-28
-37
-41
-46
-53
-67
-73
-71
-69
-77
-83
-85
-84
-77
-70
-65
-61
-49
-35
-27
-17
-4
6
11
17
26
39
45
51
59
66
72
75
78
75
71
63
61
56
47
39
39
40
35
25
17
14
9
2
-5
-17
-27
-35
-37
-39
-43
-45
-41
-40
-41
-39
-29
-23
-22
-16
-9
-2
6
12
14
17
22
23
26
30
32
30
28
26
20
15
16
15
11
9
11
10
4
1
2
-1
-9
-16
-23
-29
-34
-40
-42
-42
-46
-49
-51
-49
-48
-47
-45
-42
-39
-34
-27
-19
-13
-6
0
3
8
13
16
17
18
17
19
24
25
25
28
30
30
30
30
33
34
35
36
35
32
30
23
17
9
2
-3
-9
-12
-15
-20
-24
-25
-24
-22
-24
-25
-24
-21
-19
-17
-15
-14
-13
-10
-12
-11
-7
-5
-5
-2
0
3
6
13
20
27
29
36
42
44
44
48
52
52
50
43
38
33
26
16
5
0
-4
-9
-14
-22
-23
-21
-19
-20
-20
-17
-12
-9
-10
-12
-13
-13
-16
-18
-22
-23
-24
-26
-28
-30
-29
-28
-27
-26
-24
-19
-13
-9
-9
-7
-2
0
1
1
-2
-3
-4
-5
-8
-11
-14
-17
-18
-17
-17
-18
-20
-20
-17
-12
-10
-6
-1
4
7
10
14
18
22
26
29
31
34
34
35
36
36
35
35
35
36
31
28
25
19
16
16
18
18
16
13
10
8
5
0
-2
-5
-10
-14
-17
-19
-19
-17
-14
-13
-11
-8
-5
-2
3
4
7
10
14
14
12
10
8
6
7
4
0
-4
-5
-8
-11
-15
-17
-20
-21
-22
-22
-22
-25
-25
-23
-24
-27
-27
-26
-25
-26
-27
-26
-23
-18
-15
-12
-8
-3
-4
-2
2
5
8
12
14
15
20
23
25
25
25
25
22
23
20
21
20
20
17
13
10
10
12
8
7
9
11
10
9
8
7
7
5
3
3
0
0
-1
-3
-4
-4
-6
-8
-6
-7
-9
-12
-12
-12
-10
-10
-8
-6
-2
-3
-5
-8
-6
-2
-1
-5
-7
-4
-4
-5
-9
-10
-9
-10
-11
-10
-9
-5
-5
-5
-4
-5
-1
2
3
6
5
7
7
6
5
6
8
8
6
7
10
11
9
9
7
7
7
4
2
-1
0
-2
-2
-3
-2
-5
-9
-13
-16
-15
-15
-18
-20
-21
-19
-17
-15
-13
-11
-10
-7
-3
2
6
5
4
10
14
15
14
12
12
15
15
14
15
19
19
18
18
18
19
19
19
16
16
12
9
7
5
0
0
-2
-8
-14
-15
-13
-13
-12
-11
-9
-9
-7
-6
-3
0
0
0
-5
-10
-7
-5
-5
-7
-10
-11
-7
-3
-1
-1
0
4
9
9
6
8
13
16
14
9
10
10
8
7
8
14
19
19
18
16
18
15
10
4
3
1
0
-6
-19
-28
-30
-33
-41
-51
-55
-56
-57
-61
-65
-62
-56
-49
-44
-33
-21
-14
-7
4
15
27
42
52
57
60
67
73
73
74
73
68
59
50
44
34
22
6
-4
-10
-22
-33
-42
-49
-55
-59
-67
-69
-62
-55
-58
-59
-43
-28
-22
-24
-13
10
25
31
31
42
60
72
73
71
77
84
80
76
81
84
69
49
39
34
22
7
-6
-19
-33
-53
-70
-76
-76
-83
-96
-100
-93
-87
-83
-76
-67
-57
-46
-38
-30
-16
2
13
17
22
36
51
57
55
53
60
63
62
51
48
49
41
29
17
11
3
-12
-29
-35
-35
-41
-54
-63
-67
-66
-65
-65
-62
-52
-41
-38
-37
-30
-12
6
14
15
20
37
54
59
56
62
72
80
76
74
80
88
86
71
58
60
61
53
42
32
22
16
9
-2
-12
-22
-34
-45
-52
-59
-68
-75
-78
-79
-80
-77
-72
-69
-68
-63
-53
-42
-40
-38
-31
-21
-9
-3
0
4
17
25
25
25
25
30
39
46
46
44
45
47
46
43
40
39
35
31
26
17
8
3
1
-4
-11
-13
-16
-23
-27
-30
-29
-26
-26
-27
-29
-25
-22
-22
-22
-16
-11
-12
-11
-8
-3
0
1
3
5
8
10
8
11
20
23
17
13
13
15
16
12
8
3
4
8
6
1
-4
-1
0
-5
-11
-11
-8
-8
-7
-5
-5
-4
-4
-3
-5
-5
0
1
0
-1
0
3
6
6
8
8
8
8
10
12
11
9
8
8
7
7
6
5
4
2
1
2
2
1
1
1
0
-2
-3
-3
-4
-3
-3
-3
-5
-6
-6
-7
-8
-7
-7
-6
-6
-8
-7
-6
-6
-8
-7
-6
-6
-5
-5
-4
-3
-2
-1
0
2
3
2
3
4
5
5
5
6
7
6
6
5
4
3
3
3
2
0
0
1
1
0
0
0
-1
-1
0
1
-1
0
1
1
0
0
0
-1
1
0
1
2
1
2
3
2
1
1
1
2
3
3
2
0
2
3
1
1
-1
-2
-1
-1
-2
-5
-6
-5
-5
-5
-4
-4
-4
-4
-3
-3
-3
-2
-1
-1
-1
-1
1
1
0
0
1
2
2
0
3
3
4
3
2
3
2
1
1
0
0
1
-1
0
-3
-3
-2
-3
-4
-6
-5
-6
-5
-5
-4
-4
-2
-2
-1
1
-1
0
2
2
2
2
4
6
6
6
6
8
7
7
8
6
6
6
5
5
5
4
3
3
2
0
0
1
1
-1
-1
-1
-1
-2
-1
-2
-1
-2
-3
-3
-5
-4
-4
-3
-4
-4
-4
-3
-3
-4
-4
-3
-3
-4
-4
-4
-2
0
0
-1
-1
-1
0
0
0
1
0
0
0
0
0
-1
0
-1
-1
-1
0
-1
-2
-3
-3
-2
-2
-2
-2
-3
-3
-3
-2
-2
-1
0
1
1
1
2
3
3
3
4
5
6
5
5
6
6
6
7
7
7
6
5
5
7
7
5
4
4
3
4
3
2
1
0
0
-1
-2
-2
-2
-4
-5
-6
-6
-8
-8
-8
-8
-8
-10
-9
-9
-8
-7
-6
-6
-6
-4
-1
-1
-1
-1
0
2
3
4
5
5
6
7
7
8
7
7
7
6
5
6
5
4
1
0
0
-1
-3
-4
-5
-8
-8
-7
-9
-8
-8
-9
-9
-6
-6
-6
-7
-4
-2
-1
-1
0
0
2
4
3
3
4
5
6
6
7
6
6
6
5
7
6
6
6
5
3
2
2
-1
-1
0
0
-2
-4
-4
-3
-4
-4
-3
-4
-4
-5
-3
-3
-2
-2
-2
0
1
1
0
3
3
5
4
4
5
4
7
6
4
4
4
3
3
3
3
0
0
0
-1
-3
-4
-5
-5
-6
-7
-7
-6
-7
-9
-9
-9
-8
-8
-6
-6
-5
-6
-3
-1
-1
0
2
5
7
8
8
10
11
12
13
12
12
11
11
10
9
7
8
6
4
3
1
0
-2
-3
-4
-7
-10
-12
-11
-12
-14
-16
-16
-15
-13
-12
-14
-12
-10
-9
-7
-4
-1
0
0
2
4
5
7
10
12
14
13
14
14
15
15
15
16
13
13
13
11
11
10
8
6
4
5
1
-1
-2
-3
-6
-9
-10
-12
-12
-14
-16
-18
-17
-15
-16
-18
-16
-15
-14
-12
-11
-9
-7
-4
-2
-1
0
2
5
6
6
6
8
8
8
7
9
10
10
8
7
8
8
7
7
6
6
5
2
1
2
1
0
0
-1
-2
-2
-2
-4
-7
-8
-8
-7
-7
-10
-9
-9
-10
-9
-9
-9
-9
-8
-7
-6
-5
-5
-4
-2
-2
0
0
1
6
6
5
6
9
12
12
13
14
14
15
15
15
14
12
13
14
13
11
12
12
9
8
7
6
5
4
2
2
2
-1
-1
-1
-3
-3
-3
-4
-5
-6
-6
-7
-9
-9
-9
-10
-11
-11
-11
-13
-14
-13
-14
-12
-13
-14
-17
-15
-14
-14
-13
-12
-12
-12
-9
-7
-5
-4
-2
-1
0
2
5
4
6
8
11
11
12
14
15
15
16
16
16
15
15
15
15
11
10
9
6
5
3
1
1
0
0
-2
-3
-4
-5
-6
-8
-8
-7
-8
-6
-6
-8
-10
-8
-6
-6
-7
-5
-2
-1
-2
-1
-1
1
3
2
3
4
5
7
5
5
6
6
7
4
4
3
2
2
1
2
0
0
-1
0
0
-2
-2
-2
-3
-3
-4
-2
-2
-2
-3
-3
-3
-3
-2
-1
-3
-2
-1
-1
0
0
0
3
2
2
1
3
4
5
3
2
3
4
3
1
0
1
-1
-1
-1
-1
-2
-4
-3
-2
-1
-2
-2
-4
-3
-1
-1
-2
-1
-1
0
0
0
0
1
1
1
0
0
2
1
2
2
3
3
1
2
2
1
1
1
1
-1
0
-1
0
0
0
0
0
-1
0
0
0
2
1
-1
0
2
2
-1
0
0
0
-2
1
1
-1
-1
-1
0
0
0
0
0
-1
0
1
0
0
1
0
-1
0
1
1
0
0
0
0
-1
-2
-1
-1
-1
-3
-3
-3
-2
-2
-4
-5
-4
-2
-2
-4
-4
-1
0
-3
-2
-1
0
0
0
1
1
2
2
3
3
3
4
4
3
3
4
6
4
2
2
3
2
0
0
2
2
1
0
1
0
-1
-2
0
0
0
-1
-1
0
0
0
0
0
0
0
0
0
0
0
1
0
0
1
1
1
0
0
0
0
1
1
1
0
-1
0
0
0
0
0
0
1
-1
-1
0
-1
0
0
0
0
0
-1
0
0
0
0
0
0
0
0
-1
0
0
0
0
1
0
0
0
0
0
-1
1
0
-1
-1
-1
-1
0
-2
-2
-2
-2
-2
-2
-2
-2
-2
-2
0
-1
-1
-2
0
0
0
0
0
1
1
1
3
3
2
3
3
4
3
2
4
3
2
2
3
3
2
1
1
1
1
1
1
1
0
0
0
-2
-1
0
-1
-2
0
-1
-2
-2
-2
-3
-3
-3
-3
-3
-3
-3
-2
-2
-3
-2
-2
0
0
0
0
0
1
2
2
2
3
2
2
2
2
1
2
1
2
2
1
1
3
0
0
0
0
0
0
-1
-2
-1
-2
-2
-2
-2
-3
-2
-2
-2
-2
-2
-1
0
-1
-1
0
0
0
0
-1
1
2
1
1
1
1
1
1
1
1
0
1
1
0
0
1
1
0
0
1
0
0
1
1
1
1
0
1
0
0
0
-1
0
0
1
1
1
1
0
1
0
0
0
0
0
-1
0
0
0
0
0
-1
-2
-2
-2
-1
-2
-2
-2
-3
-3
-2
-3
-2
-1
-3
-2
-3
-2
-1
-1
0
0
0
0
0
-1
0
0
1
1
1
2
2
2
2
3
3
3
2
1
2
1
2
2
1
1
0
0
-1
0
0
0
0
0
-1
-1
-1
-1
-1
-1
1
0
0
0
0
0
1
1
0
0
1
0
0
0
0
0
0
0
0
0
0
0
0
0
0
0
1
0
0
0
0
0
1
0
0
0
0
0
0
0
-1
-1
0
0
0
0
1
0
-1
0
0
1
0
1
0
0
-1
0
0
0
0
0
0
0
0
-1
-1
-1
-1
-1
-1
-1
-1
0
-1
-1
-2
-2
-2
-1
-1
-1
-1
0
0
0
-2
-1
0
0
0
0
-1
1
1
1
1
1
2
1
1
1
1
2
1
0
1
1
1
1
-1
0
0
0
0
0
0
0
-1
-1
-1
0
-1
-1
-2
-1
1
-2
-1
-1
0
0
0
0
0
0
0
0
0
1
1
1
0
1
2
2
2
2
1
2
2
1
0
0
0
0
0
0
-1
0
-1
-2
-2
-2
-2
-2
-2
-2
-3
-2
-3
-1
-1
-1
-1
0
-1
-1
0
0
0
0
1
1
1
1
2
1
2
2
2
2
3
2
1
3
2
1
0
1
1
0
0
0
-1
-2
-2
-2
-2
-1
-1
-1
-1
-1
-1
-3
-1
0
0
0
0
-1
0
-1
0
1
0
0
1
0
0
-1
0
-1
0
0
0
-1
1
2
-1
0
0
1
1
-1
0
1
1
-1
2
1
0
1
-1
0
0
1
0
0
-1
1
0
0
0
0
-1
-1
0
0
0
0
0
0
1
0
-1
0
-1
0
1
0
1
-1
0
1
0
0
0
0
0
-1
0
0
0
0
0
0
0
0
0
0
-1
0
0
0
0
0
-1
0
0
0
0
0
0
0
0
0
-1
0
0
0
0
1
0
0
0
1
3
1
1
0
1
1
2
1
0
2
2
