SAMPLES:	21681
BITSPERSAMPLE:	16
CHANNELS:	1
SAMPLERATE:	16000
NORMALIZED:	FALSE
1
0
0
0
-1
1
-1
0
-1
0
0
1
0
0
0
0
0
0
1
0
1
0
0
0
-1
0
0
0
-1
1
1
-1
0
0
0
0
0
0
0
0
0
0
0
0
0
0
0
0
0
0
0
0
0
0
-1
0
0
0
0
-1
0
-1
0
0
0
0
0
-1
0
0
-1
0
0
0
1
0
0
0
0
0
0
1
0
0
-1
-1
0
1
0
-1
-1
1
1
0
0
0
-1
-1
-1
0
0
1
-1
0
0
-1
-1
0
-1
-1
-1
-1
0
-1
-2
0
1
0
0
-1
0
0
0
-2
-1
0
0
-1
-2
0
0
0
-1
-1
0
1
0
-1
-1
0
0
0
-1
-1
1
-1
-1
0
0
0
0
0
1
-1
-3
-1
0
0
0
0
0
0
0
-1
-1
-1
0
1
0
0
0
0
0
0
-1
1
1
1
0
0
0
1
0
0
0
0
0
0
0
0
0
0
0
0
1
0
-1
0
1
0
0
1
1
0
0
0
0
0
0
0
1
0
1
0
-2
-1
0
0
0
-1
0
0
0
1
0
0
-1
0
0
-1
0
0
0
0
2
1
1
0
-1
-1
1
1
0
-1
0
0
0
0
-1
-1
-1
-1
0
0
0
0
0
0
0
0
0
0
0
0
0
-1
1
0
0
0
0
0
2
0
0
0
0
0
2
0
-1
0
0
1
-1
0
0
0
0
0
-1
0
0
1
0
0
0
0
1
0
0
0
1
0
1
2
-1
2
1
0
0
0
0
0
0
0
1
1
0
0
1
-1
-1
0
1
0
0
0
0
-2
-1
0
-1
0
0
1
2
0
-1
0
2
0
-1
1
2
0
-1
-1
1
5
1
-2
2
3
0
-2
1
1
-1
1
1
0
1
1
2
1
-1
1
2
2
0
1
0
1
3
1
-1
2
2
-3
0
2
0
0
2
1
0
2
1
0
0
-1
0
0
1
0
0
2
0
0
-1
-1
1
0
0
2
-2
-1
0
3
2
-3
-1
0
0
0
0
0
1
1
0
0
0
-2
-1
0
0
1
-1
-3
2
2
-2
-3
2
-1
-4
0
2
-1
-2
1
1
-1
-1
0
0
0
0
-1
2
2
-1
-1
0
0
0
2
1
0
-1
1
1
-1
-2
1
2
0
-1
0
0
0
0
0
-2
-1
0
1
2
0
-2
0
2
0
-1
0
1
2
-3
-2
1
0
0
-1
-1
3
0
-2
0
0
-2
-1
2
-1
-2
0
0
0
0
0
1
-1
0
2
0
0
0
0
1
-4
-1
4
-1
-1
0
0
-1
1
2
0
-3
0
2
-1
-1
0
-2
-2
1
-1
-1
-2
-1
0
0
-1
-1
0
0
-1
-1
0
-2
0
-1
0
0
0
0
1
-1
-1
1
-2
-1
1
-1
-5
0
1
-2
-2
-2
0
-2
0
1
-1
-2
1
0
1
0
0
-1
1
1
0
0
0
0
-1
0
0
0
0
0
0
0
-1
-2
0
0
-1
1
1
0
1
0
1
1
0
0
0
1
1
0
0
-1
0
1
0
0
0
1
0
0
0
2
1
1
0
0
0
2
0
0
1
0
1
1
0
0
1
2
0
0
0
0
-1
0
2
0
1
1
1
1
1
0
1
2
1
1
2
3
2
-1
0
0
1
2
1
-1
1
1
2
0
0
0
1
1
1
1
3
1
1
1
0
0
0
-1
1
3
1
1
0
1
1
0
1
1
1
-1
-1
1
1
-1
0
0
1
0
0
0
0
-1
1
2
0
0
0
-1
0
0
1
1
1
1
0
-2
0
-1
1
0
0
0
0
0
-1
0
0
1
0
1
0
0
0
0
-1
-2
0
0
-1
0
0
-1
-1
-1
0
-1
-2
-1
1
0
0
-1
-2
-1
-1
0
0
0
0
0
0
0
0
-2
-1
0
0
0
0
0
0
-1
-1
0
-1
-1
0
0
0
0
0
0
1
0
0
0
-1
1
0
-1
0
0
0
0
0
0
0
0
0
1
1
0
1
0
0
-1
0
-1
0
0
0
0
0
0
0
0
0
0
0
1
0
0
0
0
0
0
0
0
0
1
0
-1
0
-1
0
-1
-1
0
0
0
1
0
-1
-1
1
0
-1
0
0
0
0
0
0
0
1
-1
0
1
0
-2
-1
0
0
0
-1
0
-1
1
0
-1
-1
1
0
0
0
0
1
0
1
-1
1
0
0
0
-1
0
-1
0
0
-1
0
1
1
0
-1
0
0
0
0
1
0
0
1
-1
1
0
0
1
0
0
1
1
0
0
1
0
0
1
1
0
1
1
1
1
1
1
1
0
0
0
0
1
0
0
1
0
0
0
0
0
0
0
0
0
0
0
0
1
0
0
1
1
0
0
0
0
0
0
0
0
0
0
0
0
0
-1
0
1
-1
0
-1
0
0
0
0
0
0
0
-1
1
0
1
0
0
0
0
1
1
0
-1
0
1
-1
0
0
0
0
0
0
0
0
0
0
0
0
0
1
-1
0
0
0
0
0
0
0
-1
0
-1
0
0
0
-1
0
-1
0
1
0
0
0
1
0
0
0
0
0
-1
0
-1
0
0
1
-1
-1
0
1
0
0
0
-1
-1
-1
0
0
0
0
-1
0
0
-1
0
0
1
-1
0
0
-1
0
0
0
0
-1
0
-1
0
0
0
0
0
0
0
-1
0
0
0
0
0
0
0
-1
-1
0
0
0
0
0
1
0
1
0
0
0
1
0
0
-1
1
0
-1
0
0
-1
0
0
0
0
-1
0
0
0
0
1
0
-1
0
1
0
0
1
-1
0
0
0
0
-1
0
-1
0
1
0
0
0
0
-2
0
0
0
0
0
0
0
0
0
1
0
-1
0
0
-1
-1
0
0
0
0
-1
-2
-1
0
0
0
0
0
0
0
0
-1
0
0
0
-1
0
0
0
0
0
0
-1
0
1
0
0
0
0
-1
1
0
0
0
0
1
0
0
0
-1
0
1
0
0
0
0
0
0
0
0
0
0
-1
1
-1
0
1
0
0
0
0
0
0
0
0
0
0
0
0
0
0
0
1
0
0
0
0
0
1
0
0
0
0
0
0
0
0
0
0
0
0
-1
0
1
0
-1
1
0
1
1
1
0
1
0
-1
1
1
0
-1
0
1
1
0
-1
0
0
1
0
0
0
-1
1
1
0
0
0
1
1
0
0
-1
1
0
0
1
0
0
1
1
1
0
-1
0
0
0
0
0
1
0
0
0
0
0
0
0
0
1
1
0
0
0
-1
-1
0
0
0
0
0
-1
0
0
0
0
1
1
-1
0
0
-1
-1
0
0
-1
-1
-1
-1
0
0
-1
1
-1
0
0
-1
0
0
0
1
0
0
0
1
0
0
-1
0
1
0
-1
0
0
0
0
0
0
0
1
0
0
0
0
0
0
-1
0
0
-1
0
0
1
0
0
1
0
0
0
1
0
0
0
0
0
0
1
-1
0
0
0
0
-1
-1
0
0
0
0
0
-1
0
0
-1
-1
1
0
0
1
0
0
1
1
0
0
0
1
1
1
0
1
1
-1
1
0
0
1
0
0
0
0
-1
0
-1
-2
-2
-3
-3
-1
-3
-3
-1
-1
-2
-4
-3
-4
-3
-5
-3
-4
-6
-5
-6
-7
-8
-7
-7
-7
-8
-7
-9
-10
-9
-12
-9
-8
-10
-9
-7
-6
-5
-7
-7
-6
-5
-4
-5
-4
-5
-5
-5
-5
-5
-5
-5
-3
-4
-4
-3
-3
-5
-4
-4
-5
-5
-6
-9
-11
-11
-8
-11
-15
-13
-11
-14
-14
-16
-17
-19
-21
-24
-25
-27
-26
-26
-27
-28
-29
-29
-27
-24
-23
-21
-19
-19
-13
-7
-3
0
3
7
15
21
25
31
33
45
51
53
60
66
71
72
80
88
93
96
100
102
104
109
112
111
109
114
111
108
106
98
94
93
85
79
75
67
60
54
43
31
22
17
11
0
-6
-11
-19
-25
-30
-37
-49
-56
-59
-66
-70
-73
-74
-75
-79
-80
-82
-85
-87
-86
-82
-83
-82
-81
-77
-73
-69
-64
-57
-50
-44
-41
-35
-28
-23
-16
-11
-3
0
3
8
13
19
24
24
26
31
34
35
33
35
34
28
26
27
24
18
15
10
5
0
0
-4
-5
-8
-11
-15
-17
-17
-22
-23
-23
-24
-27
-28
-27
-28
-30
-31
-31
-34
-34
-35
-39
-43
-44
-43
-48
-54
-54
-52
-52
-56
-51
-47
-47
-48
-42
-35
-35
-31
-20
-12
-9
-3
6
11
14
22
29
33
36
39
42
47
50
50
53
54
51
50
52
55
52
50
50
47
44
43
42
37
31
29
28
24
18
14
14
13
10
6
4
0
0
0
-3
-7
-8
-8
-12
-14
-13
-14
-14
-14
-15
-14
-13
-9
-9
-11
-10
-10
-10
-8
-4
-5
-4
1
-1
2
4
5
3
4
7
7
10
13
10
7
8
10
11
10
10
8
5
7
9
10
7
8
8
7
4
3
1
-1
1
0
0
0
0
1
-1
-4
-4
-2
-4
-7
-6
-3
-3
-3
-5
-6
-5
-4
-5
-6
-8
-8
-6
-6
-7
-8
-8
-5
-7
-6
-5
-6
-6
-5
-5
-3
-2
-3
-2
-1
-1
0
-1
-2
-1
-1
-1
0
0
0
-2
-1
0
-2
-1
-1
-1
1
-1
0
0
-1
-1
0
0
1
0
1
0
0
-1
0
-2
-1
0
-1
-1
-1
0
-1
-1
-1
-2
-2
-2
-2
-1
-3
-3
-3
-3
-2
-4
-3
-3
-4
-4
-2
-3
-4
-3
-4
-4
-4
-4
-4
-4
-4
-4
-3
-4
-1
-2
-3
-2
-2
-2
-3
-3
-3
-3
-2
-3
-2
-1
-3
-3
-3
-2
-2
-2
-2
-3
-2
-2
-2
-2
-2
-2
0
-2
-2
-1
-1
-1
-1
-1
-1
0
-1
-1
-1
-1
1
0
-1
0
0
0
0
0
1
1
-1
1
0
2
0
1
2
2
4
1
1
1
2
1
0
1
2
2
2
2
2
1
1
1
1
1
1
0
1
1
-1
0
-1
1
0
0
1
-1
-2
0
0
-1
-1
0
-1
-2
1
0
-1
0
1
0
-1
-2
-1
0
0
-2
-1
0
0
-1
-2
-2
-1
-1
-4
-1
0
-3
-2
-1
-3
-1
0
-2
0
0
-1
-1
0
0
1
0
0
0
-1
-1
0
0
-1
1
-1
-1
0
-2
-2
-1
-1
-2
-2
-2
-1
-1
-1
-2
-2
-2
0
0
0
-1
0
-1
0
-1
-2
0
-1
-1
-1
0
0
-2
0
-2
-2
1
-1
-1
0
1
0
0
0
-1
0
0
-1
0
0
0
0
1
0
0
1
0
0
0
1
-1
0
0
0
0
0
1
2
1
0
2
1
1
3
2
2
2
2
0
1
2
3
1
1
3
2
2
2
1
2
3
2
2
2
3
1
1
4
2
1
2
2
2
3
4
2
0
2
3
1
1
1
1
1
3
1
1
0
-1
0
0
-1
1
0
0
1
1
0
1
1
2
0
0
0
1
0
0
0
0
1
0
0
2
1
-1
0
2
0
0
1
1
0
0
1
0
0
0
0
0
1
1
1
-1
1
0
0
0
0
0
0
4
0
0
1
2
-1
0
1
1
0
0
1
0
1
-1
-1
0
-1
1
0
-1
0
3
1
1
2
0
-4
-1
2
0
0
1
3
1
-2
5
6
-3
0
4
0
3
0
0
8
4
-2
3
3
-1
0
2
-1
2
6
-1
1
1
2
3
-2
4
8
2
0
3
1
1
5
3
0
0
5
4
-1
0
-1
0
1
1
1
-1
2
5
-2
-9
0
5
-2
0
2
-1
0
1
-1
-5
-4
0
2
-1
-2
2
0
-2
-2
-5
-2
1
3
5
1
-1
3
1
-1
4
-4
-6
3
-3
-4
-1
-4
-2
-4
-6
-4
-8
-7
0
-1
-1
0
-2
1
1
-2
-2
1
0
2
0
2
2
1
6
6
-3
-8
0
3
-4
1
1
-2
2
3
-5
-1
3
-3
-5
1
4
0
-2
1
0
0
-2
-2
2
0
-2
4
1
-5
1
2
-2
-1
0
1
1
-2
-2
2
-5
-4
0
-2
4
0
-8
3
6
-8
-5
5
4
-6
-6
4
4
-5
-3
-2
-4
1
5
3
-2
-2
1
-2
1
2
-4
-6
4
4
-6
-2
2
-1
-1
2
0
0
1
-2
-2
-1
0
-2
-3
-4
4
7
-1
-3
-1
2
-1
-5
0
2
-1
1
-1
-2
0
-1
1
0
0
-1
1
3
0
-5
0
1
1
3
1
1
0
0
0
-1
1
1
1
2
-1
-1
1
-1
0
2
5
3
2
2
-1
1
2
3
0
0
3
2
-2
-1
-1
0
0
0
0
0
1
-1
-1
-2
-2
0
0
1
2
1
1
-1
1
0
-3
-2
-1
2
0
-1
-1
0
-3
-3
-1
-5
-3
-1
-4
-1
-2
-3
-1
-4
-5
-2
-2
-4
-5
-2
1
-1
-1
1
0
-2
1
0
-1
0
-3
0
1
0
0
0
-1
0
0
0
1
3
2
0
2
2
1
3
4
2
3
2
2
3
0
-1
1
2
1
1
3
2
1
0
1
0
-1
2
0
0
2
2
2
0
0
2
5
1
1
3
4
6
0
1
2
2
2
0
2
1
1
2
2
1
0
1
0
-2
0
3
-1
-2
1
0
0
-1
0
0
1
1
1
-1
0
1
0
1
1
1
-2
0
1
0
-2
-1
1
-3
-3
-2
-1
-1
0
-1
-5
-2
-3
-1
1
-2
-3
-4
-1
1
-3
-5
0
1
0
-1
-1
-1
-2
-1
0
-2
-1
1
0
1
0
-1
-2
0
-2
-2
-1
1
0
0
0
-1
-2
-1
-1
-1
0
0
1
-1
0
1
2
1
3
1
1
2
1
0
3
3
1
3
3
2
3
1
3
4
2
4
2
1
3
4
4
4
5
4
5
4
5
5
5
3
4
3
4
3
3
5
3
5
4
3
3
1
3
2
3
3
3
3
5
3
3
2
2
3
5
2
1
3
2
3
4
3
3
3
4
1
3
0
4
2
2
2
1
4
1
1
1
1
1
0
2
2
1
1
2
1
1
1
1
1
1
2
2
2
3
2
1
1
2
1
2
1
1
0
1
1
0
0
0
1
2
1
1
1
2
1
1
2
1
1
1
1
1
2
2
0
1
1
2
1
0
3
2
2
2
2
2
3
1
1
1
2
3
4
3
2
2
2
2
2
1
1
2
2
1
1
2
2
2
0
0
0
0
1
1
0
0
1
0
0
1
1
1
0
0
0
0
1
0
0
1
0
0
0
0
-1
0
0
-1
0
0
0
0
-1
-1
0
-3
0
-1
-1
-1
-1
-1
-2
-1
0
-3
-1
-1
-2
-2
-1
-1
-2
0
-3
-2
-3
-2
-1
-1
-1
-2
-3
-2
-1
-3
-2
-2
-2
-1
-2
-2
-3
-2
-3
-3
-3
-2
-2
-3
-1
-2
-3
-3
-2
-2
-2
-2
-2
-2
-4
-4
-4
-2
-2
-3
-3
-2
-3
-3
-2
-4
-4
-3
-3
-2
-3
-4
-5
-4
-3
-4
-3
-2
-2
-2
-2
-4
-2
-3
-2
-2
-3
-3
-3
-1
-2
-3
-3
-3
-2
-2
-1
-2
-2
-1
-2
-3
-2
-3
-2
-2
-2
-2
0
-2
-2
-2
-2
-2
-2
0
-2
-2
-2
-1
0
-1
0
-1
0
1
0
0
-2
-1
0
-2
0
0
0
0
-1
-1
0
0
0
0
-2
0
1
0
-1
-1
0
0
0
0
0
0
0
0
0
0
1
1
1
0
0
0
0
0
-1
1
1
1
1
-1
0
-1
0
1
0
-1
1
0
1
1
0
0
1
0
0
1
0
0
0
2
1
0
0
1
1
-1
1
0
1
1
0
1
1
0
1
1
-1
0
-1
0
0
0
0
-1
-1
-1
-3
-1
-5
-5
-4
-7
-6
-7
-8
-9
-9
-11
-13
-15
-16
-17
-18
-19
-21
-20
-22
-22
-22
-21
-19
-19
-15
-11
-10
-5
-1
2
7
9
17
23
28
36
39
46
51
56
63
68
71
75
78
77
77
77
77
72
68
67
63
59
53
49
43
35
26
17
10
-1
-12
-16
-23
-33
-46
-50
-55
-69
-79
-83
-90
-104
-115
-123
-128
-138
-149
-156
-164
-168
-172
-174
-173
-175
-176
-173
-164
-153
-143
-130
-118
-101
-84
-64
-39
-20
-1
24
60
86
106
130
159
186
205
226
250
261
274
288
300
306
308
308
305
300
286
278
269
257
238
214
192
170
143
119
88
60
37
15
-15
-42
-67
-92
-120
-152
-173
-191
-212
-242
-265
-278
-289
-312
-334
-341
-348
-360
-371
-372
-363
-360
-355
-342
-326
-314
-299
-275
-246
-221
-203
-170
-129
-93
-59
-15
33
73
96
131
181
220
249
279
314
340
357
384
409
410
409
419
432
421
402
393
378
361
341
313
283
253
226
198
163
128
94
58
26
-7
-40
-72
-104
-127
-152
-175
-200
-226
-249
-268
-289
-300
-308
-324
-342
-353
-354
-348
-349
-351
-341
-327
-310
-297
-276
-251
-234
-212
-187
-157
-136
-111
-77
-46
-21
5
38
64
90
117
143
163
174
199
221
234
251
269
277
278
283
292
293
285
284
284
269
255
242
231
218
198
179
155
143
122
93
74
47
25
8
-14
-36
-58
-82
-96
-114
-133
-147
-158
-166
-175
-186
-192
-191
-191
-197
-198
-191
-185
-179
-170
-156
-145
-136
-127
-113
-99
-88
-72
-58
-45
-32
-20
-9
2
15
22
32
43
50
60
68
74
80
86
92
94
98
99
101
99
101
101
96
95
92
86
82
77
73
64
56
50
44
38
29
22
13
7
2
-3
-7
-15
-20
-22
-26
-31
-34
-34
-35
-38
-39
-40
-39
-38
-36
-33
-32
-34
-31
-27
-28
-27
-24
-20
-18
-17
-14
-12
-11
-11
-8
-7
-6
-4
-3
0
-1
-1
2
2
1
3
5
5
5
4
7
6
6
6
8
9
8
9
9
8
8
8
6
6
5
6
6
5
3
1
2
2
0
2
1
-1
0
0
1
0
-2
-2
0
0
-1
-1
-2
-1
-1
-3
-3
-1
-2
-2
-3
-3
-2
-2
-4
-3
-3
-3
-4
-4
-4
-5
-4
-4
-3
-3
-3
-2
0
0
-1
0
1
1
2
1
3
3
4
3
4
3
5
4
3
3
1
2
3
0
1
0
-1
0
-1
-1
-1
-3
-2
-1
-1
-3
-2
-3
-2
-4
-3
-3
-3
-3
-4
-4
-2
-2
-2
-3
-5
-3
-2
-4
-3
-3
-4
-1
-1
-4
-5
-3
-2
-2
-3
-2
-2
-4
-2
0
-1
-4
-4
-1
0
-1
-1
0
0
1
1
0
2
1
2
2
0
2
2
4
3
2
1
2
3
2
1
2
2
3
2
2
2
1
1
2
1
0
0
1
0
0
1
2
1
0
1
0
1
-1
-1
0
0
1
0
0
-1
0
0
1
0
0
-1
-1
-1
-1
-2
-2
-2
-3
-2
-3
-3
-3
-3
-2
-2
-1
0
-1
-1
-2
0
0
-1
-1
-1
0
0
1
0
0
1
-1
0
1
2
2
-1
0
1
1
0
2
1
2
0
1
1
1
2
0
2
0
1
2
0
2
2
2
2
0
1
0
2
1
1
1
1
1
1
1
1
2
2
2
1
1
2
3
1
2
2
2
1
2
3
3
1
1
3
3
2
0
0
2
2
2
0
2
3
3
2
1
2
3
2
3
1
3
3
2
2
4
2
1
1
2
0
1
0
0
0
0
0
0
0
-1
0
0
-1
-1
-1
0
0
-1
-1
0
0
0
0
1
-1
-1
-2
-2
1
0
-1
0
-1
-1
-1
-1
-1
0
-1
-2
0
0
-2
-3
-3
-1
-2
-1
-2
-2
0
-2
-3
-3
0
-1
-2
-1
-2
-1
-1
-2
0
-2
-2
1
1
0
0
-2
0
0
0
0
-1
0
-2
0
0
-1
1
1
1
1
2
1
0
1
0
0
2
1
-1
0
1
0
0
0
0
0
-1
-1
-1
0
-1
-1
-2
-1
1
-1
-2
0
-1
0
-1
2
0
-4
1
1
0
1
-1
0
1
0
0
-2
0
2
-1
0
-1
0
1
1
0
-1
0
3
0
-3
-1
1
1
0
0
0
0
1
1
-2
0
1
0
0
0
1
-1
0
0
-2
1
-1
-2
0
0
-2
-2
-1
-2
-3
0
-3
-3
-1
-1
0
-5
-2
0
1
-3
-3
3
-1
-3
-1
1
1
-1
-1
1
0
-1
-2
2
4
0
-2
0
3
1
0
-1
3
0
2
2
-2
3
2
-2
2
3
-3
1
5
1
-1
6
3
-1
4
3
0
5
-1
0
6
0
-1
3
4
0
2
1
0
0
0
1
3
2
0
0
1
2
0
-1
0
1
2
-1
0
0
2
2
0
-1
2
2
0
0
0
1
0
1
2
-1
0
2
0
0
0
2
1
-1
0
0
0
2
1
0
-1
1
2
-1
1
2
-2
1
4
1
1
5
2
0
2
1
-2
-1
4
2
-1
4
-1
-5
0
1
-3
1
2
0
3
-3
0
6
-2
0
0
1
2
0
1
5
1
2
3
-7
-4
6
3
0
3
-3
-2
1
-3
-1
1
0
3
1
-4
1
4
-3
-2
0
2
2
0
0
-2
-1
2
0
-1
-1
0
-1
-6
1
1
-4
1
2
-4
2
-2
-2
5
-5
-2
5
-1
3
4
2
2
-8
-3
4
-5
-1
1
-3
5
1
-15
-7
-1
-4
-1
2
-10
-6
1
-11
-3
-3
-8
7
5
2
3
-6
1
10
-5
-1
13
1
9
17
-9
-5
10
-9
1
12
-11
-1
8
-8
2
5
-14
-1
8
-9
-2
-8
-11
9
4
-6
-3
-3
-6
-2
5
-2
-3
2
1
1
-2
-1
3
-3
1
4
-6
8
3
-10
16
7
-12
12
4
-9
7
-1
-7
2
-3
-5
2
7
1
-5
2
0
0
6
0
3
10
-3
1
15
-12
-8
14
-4
1
5
-5
3
3
1
0
-4
-4
-1
-6
-4
6
1
-4
4
0
-8
1
1
-8
-3
-1
-9
-4
8
-2
-4
-1
-6
3
5
-7
2
-1
-6
13
-3
-11
10
-4
-9
15
-2
-13
8
-2
-9
2
1
1
1
-5
-6
7
6
-5
2
-3
-4
7
4
0
1
2
2
4
7
2
0
8
3
-7
4
6
-9
2
7
-4
7
0
-5
4
-1
-1
-3
-5
4
1
4
1
-3
2
-1
6
3
-2
-1
-2
6
7
-5
-3
1
-3
0
2
-3
2
4
-6
2
5
-7
0
3
-8
6
5
-8
0
0
-2
4
2
-6
0
0
4
4
0
-1
-8
0
4
-3
-1
1
0
1
0
-8
-3
1
-1
3
0
-2
8
1
-6
1
0
0
4
3
-4
-1
2
0
1
-4
-2
2
-4
0
0
-3
2
-2
-2
5
-7
0
6
-2
4
-3
-3
4
1
0
-2
2
5
-1
-5
-3
2
6
-2
-2
-2
-5
-5
-1
6
0
-4
-2
-1
3
1
-8
-3
5
2
4
0
-4
0
-2
4
4
-6
-2
-1
-2
4
2
-1
0
0
-2
-1
-3
-5
-1
2
2
0
2
-5
-2
2
-3
-4
-2
3
1
0
0
-5
-2
0
-7
1
2
-1
4
-2
-5
0
-1
-1
-2
-6
0
4
-4
-4
1
0
-3
-1
-1
-3
0
0
-3
-2
-6
-3
3
-2
-1
1
0
0
-1
0
-3
-3
-1
-1
4
5
-1
2
-3
-1
-1
-3
5
-1
-2
9
-2
-5
4
-1
1
3
0
2
4
-3
1
4
-2
3
0
0
3
3
2
-1
-1
0
1
0
0
1
-1
0
3
1
0
2
1
3
1
-2
-2
1
0
4
6
0
1
3
1
3
1
1
2
2
2
2
1
3
0
-2
2
4
0
-1
0
1
1
0
1
2
2
0
1
2
0
1
1
0
0
0
1
2
-1
0
0
0
1
2
2
0
1
-1
1
1
-1
1
1
1
2
-1
0
2
-1
-1
2
0
1
2
1
-1
0
0
1
0
0
2
1
1
0
1
0
0
1
1
0
1
2
1
1
1
0
0
0
0
1
2
1
0
-1
0
0
0
1
1
0
2
0
-1
-1
1
1
0
0
0
0
0
1
0
0
-1
0
1
1
0
-1
0
0
0
0
-1
0
0
0
2
1
-1
0
0
-1
-1
0
0
0
0
-1
-1
-2
1
-1
-3
-1
-1
0
0
-2
0
-2
0
0
0
-1
-1
-1
0
0
-2
-1
0
1
-2
-2
-4
-2
0
-2
-1
-1
-1
-1
0
0
-1
-1
-1
0
1
0
0
0
0
0
-2
-1
0
-2
-3
0
0
-1
-1
-1
-1
1
1
-2
-2
-1
-1
-2
-1
-1
0
0
-1
0
0
-1
-1
-1
-1
-1
0
-2
-3
0
-1
-2
0
-1
-1
0
0
-1
-1
-1
-2
0
1
1
-1
-1
0
-1
-1
-2
0
0
0
-1
-1
1
0
-1
-1
1
-1
-2
0
0
0
-1
-2
0
0
0
0
-2
0
0
-1
0
-1
0
1
2
-1
-1
1
0
-1
0
1
0
0
0
-2
-1
0
0
0
1
1
0
1
1
0
-1
0
1
0
1
-1
1
0
0
0
-1
0
0
0
1
0
0
1
0
0
-2
-1
0
1
2
0
-1
-1
0
1
-3
-1
2
0
-1
-1
0
1
1
-1
-2
-1
0
1
-1
1
0
-1
-1
0
0
-1
0
0
0
1
0
0
0
2
2
0
0
1
2
0
0
0
2
1
-1
-1
0
0
1
1
0
0
2
1
-1
0
0
0
-1
-1
0
0
0
-2
-1
2
2
-1
-1
-1
1
-1
-2
2
2
0
-1
0
0
0
0
-1
-1
-1
-1
0
2
1
0
1
1
0
0
-1
0
1
2
-1
-1
4
2
-1
1
1
0
2
1
-1
0
1
2
0
0
1
1
3
1
0
1
2
1
2
1
2
1
0
-1
0
1
2
0
0
-1
1
2
0
-1
1
1
2
0
0
0
0
1
0
0
1
1
1
2
0
-1
-1
-1
1
1
1
0
1
0
0
-2
-2
-1
-1
0
0
0
1
1
0
-1
-2
1
0
1
-1
1
2
-1
0
0
1
0
-1
0
-1
-2
0
-1
-3
-1
2
1
-1
0
0
0
-1
0
0
-1
0
0
-1
0
0
0
-1
0
2
0
-1
0
0
0
-1
-2
-2
1
1
-2
-3
-1
-1
-2
-3
0
-1
-2
0
0
-2
-1
0
-3
-2
-1
1
-2
-1
1
-3
-2
0
0
0
-2
-3
-2
-1
0
0
-1
-2
0
-1
0
-1
-1
-1
0
-1
-2
0
0
1
0
-1
1
-1
-2
-1
0
0
-1
0
-1
0
0
0
0
-2
0
1
1
0
-1
0
2
1
-1
0
1
1
1
0
-1
-1
1
0
-1
1
2
0
-1
-2
1
2
3
0
-2
2
4
1
0
-1
0
1
1
1
0
-1
2
2
0
0
0
0
0
2
0
-1
1
2
0
0
0
0
0
-1
0
0
1
3
0
0
0
0
0
0
0
0
0
-1
1
0
-1
0
-1
-1
0
0
0
0
1
0
-2
-2
-1
0
0
-1
0
0
1
0
1
0
-1
-1
-1
1
1
0
-1
0
0
0
0
-1
0
0
0
0
1
-1
-2
0
-1
0
0
1
0
0
0
0
0
0
0
0
1
2
0
-1
0
1
0
0
1
0
-1
1
0
0
0
0
0
-1
0
2
0
0
1
0
1
0
0
-1
-1
0
0
-2
-1
2
0
0
0
0
0
1
0
-2
1
1
0
-1
-1
0
-1
1
0
-1
0
0
-1
1
0
-1
-1
0
0
0
1
0
0
-2
-1
1
0
0
0
1
0
0
0
0
-1
-1
0
0
1
1
0
0
0
0
0
-1
0
0
1
-1
-1
-1
-2
-1
1
-1
0
0
0
0
1
0
-2
0
-1
-1
0
1
-1
-2
0
0
1
0
-1
0
-1
1
0
-1
-2
0
0
0
-1
0
1
0
0
0
0
0
1
0
-1
-2
0
-1
1
-1
-2
0
0
0
0
-1
1
0
0
-1
-1
-1
0
0
0
-1
0
-1
0
-1
-1
2
1
0
0
0
-1
1
1
0
0
0
2
1
1
0
1
2
1
1
1
0
1
1
-1
0
0
1
1
0
0
1
1
0
0
0
1
1
1
0
0
0
0
1
0
1
0
0
1
-1
0
0
0
2
2
0
0
-1
0
1
1
0
0
-1
2
0
0
-1
0
-1
0
0
1
0
0
0
0
0
0
0
0
1
0
0
1
0
1
0
2
1
1
0
0
-1
-1
0
-1
0
0
0
0
1
1
-1
0
-1
1
-1
0
1
0
0
0
0
0
0
0
0
0
-1
0
1
0
0
1
0
-1
0
-2
0
1
0
0
-1
0
1
0
0
0
0
0
0
0
0
1
2
1
0
0
0
-1
0
0
-1
0
0
0
0
0
-2
-1
-1
0
1
1
1
-1
1
0
1
-2
0
0
0
0
0
0
1
0
0
0
0
0
-1
0
1
0
-1
-1
1
-1
0
0
0
0
0
0
1
0
0
-2
-1
0
-1
1
-2
-2
-1
0
0
-1
-2
0
0
-2
-2
-1
-1
-1
0
-1
0
-2
0
-1
-2
0
0
0
-1
0
-1
-1
-1
-1
0
0
0
-1
-1
-1
-1
0
-2
-2
-1
0
0
-1
-2
-2
-1
0
0
0
0
0
0
-1
-2
-1
-1
0
0
-1
-1
-2
0
0
0
-1
-1
0
0
-1
0
0
0
-1
-1
-1
0
0
0
-2
0
0
0
-1
-1
0
0
0
0
-2
-1
0
0
1
0
0
0
0
-3
0
-1
-1
-1
-2
-1
-1
0
0
0
-3
-1
0
-1
1
0
-1
-1
-1
-1
-1
-1
0
0
0
-1
-1
-1
0
1
0
-1
0
0
1
-1
-1
0
0
0
-1
0
0
0
0
0
0
1
1
0
1
0
0
0
0
0
-1
0
1
-1
0
1
0
0
0
0
1
1
-1
0
1
2
1
1
1
0
0
0
2
1
1
0
1
1
0
0
-1
0
1
0
1
0
0
1
0
0
2
0
1
1
0
0
1
0
0
1
0
-1
-1
0
0
1
0
-1
0
0
1
0
-1
0
0
0
0
0
0
0
0
0
0
1
2
2
0
0
1
0
0
2
0
2
2
0
0
0
0
0
0
0
0
0
1
1
0
0
0
1
0
0
-1
1
1
-1
1
-1
0
0
1
2
0
1
1
-1
0
1
0
0
0
3
2
0
0
0
0
0
0
0
0
1
1
0
0
0
0
0
1
2
2
2
1
1
1
0
1
1
1
1
1
1
1
0
0
0
2
2
1
0
1
1
1
1
0
0
2
0
-1
0
-1
1
1
1
0
0
-1
0
-1
0
0
0
0
-1
1
0
0
0
1
0
0
0
1
1
0
-1
0
0
0
0
-1
-1
0
0
-1
0
0
0
0
-1
-1
0
-1
-2
0
0
-1
0
-1
0
0
-1
0
-2
-2
-1
-1
0
0
0
0
0
-1
-2
-1
0
1
-1
-1
-2
-1
-1
-1
-1
0
0
0
-1
0
-1
0
-1
-1
-1
0
1
-1
-1
-1
-1
1
0
0
-1
0
0
0
0
0
1
0
0
0
0
0
0
-1
0
-1
0
1
0
0
0
1
0
0
0
1
-1
0
-1
0
0
0
1
0
0
0
0
0
0
1
0
0
0
0
0
0
0
0
0
-1
0
0
0
1
0
0
0
1
0
0
0
0
0
0
0
0
0
0
1
0
1
0
-1
0
1
-1
0
0
0
-1
-1
0
0
-1
0
-1
1
-1
0
0
0
0
0
0
1
0
1
0
0
0
0
0
0
0
0
0
0
0
1
0
0
-1
0
0
0
0
0
0
-1
0
0
0
-1
0
0
2
1
0
-1
0
0
0
0
1
2
0
0
-1
0
1
0
0
1
0
1
0
0
0
0
0
0
1
0
0
1
1
1
1
2
1
1
1
1
1
1
2
1
3
2
2
2
1
2
0
1
0
0
0
1
1
0
0
1
0
1
2
1
1
2
1
2
2
2
2
1
2
0
1
2
0
1
0
0
0
1
1
0
0
-1
0
-1
-1
0
0
0
0
1
-1
-1
0
0
0
0
0
0
1
0
0
-2
0
1
-1
-1
0
-1
0
0
0
1
0
-1
0
-1
0
-1
0
1
0
0
0
1
1
0
0
1
1
-1
0
-1
0
0
0
1
0
0
-1
0
-1
0
0
-1
0
-1
-1
-2
0
-1
-2
-1
0
-1
0
0
0
0
-1
-1
-1
-2
0
-1
0
0
-1
-1
-1
-1
0
-1
-1
0
0
0
-1
-1
0
0
-1
-1
0
-1
-1
0
0
-1
0
0
0
0
1
0
0
0
0
0
0
0
0
0
0
0
0
0
0
0
0
0
0
0
0
1
0
0
0
1
0
0
0
1
0
0
0
0
0
0
0
-1
1
0
0
0
0
0
0
1
1
0
0
-1
0
1
0
0
0
0
0
1
0
0
0
0
0
0
0
0
0
0
0
0
-1
0
0
0
-1
0
0
0
-1
0
0
0
0
1
0
-1
-1
0
-1
1
0
0
0
0
0
0
-1
0
0
0
0
0
1
0
0
-1
-1
-1
0
-1
0
0
0
0
-1
0
0
0
0
0
0
0
0
0
0
0
0
1
0
1
1
0
1
0
0
0
0
0
1
0
1
0
0
0
1
0
0
-1
0
0
1
0
-1
0
0
0
0
-1
-1
1
0
0
1
0
0
1
0
0
0
-1
1
0
0
0
0
0
0
-1
0
0
0
0
-1
0
0
-1
-1
-1
0
-1
-1
-1
-1
-1
-1
-1
0
0
-2
0
-2
-1
0
-1
-1
-1
0
0
0
-1
-2
0
-1
-1
0
0
-1
0
0
-2
-1
-1
0
-1
0
0
-1
0
-1
0
1
-1
-2
-2
0
0
0
0
0
0
0
1
0
0
-2
-1
0
0
0
-3
-2
1
0
0
-1
-1
-2
-2
0
0
0
0
0
0
1
0
0
0
-1
1
-1
-1
0
-1
-2
-6
-4
1
0
-4
-5
1
1
-1
-9
-9
-1
9
14
5
-3
-9
0
13
7
-9
-11
8
24
13
-5
-11
-1
10
8
3
3
3
3
-4
-13
-8
-4
-5
-3
0
-7
-3
0
-7
7
6
-2
-9
-9
27
34
7
-18
-28
11
23
-2
-1
-1
5
-4
-9
0
-2
-9
-12
-8
9
24
11
-4
-5
-21
-24
-3
16
25
10
-15
-4
10
15
-5
-26
-14
-6
-4
14
38
24
-13
-56
-56
3
51
24
-60
-55
48
106
41
-73
-82
11
63
27
-25
-27
21
21
-1
24
42
-2
-51
-15
33
60
23
-35
-30
19
58
16
-44
-32
15
-1
-28
-14
22
34
-17
-36
-14
2
22
-15
-52
-21
8
29
24
-15
-46
-17
46
56
-12
-72
-25
55
55
-19
-74
-28
56
49
-8
-26
-5
37
8
-42
-34
7
53
28
-23
-38
-25
-4
1
12
27
1
-19
-6
7
14
9
0
-8
-1
8
2
9
10
-11
0
26
20
9
-15
-29
8
42
23
-30
-54
-16
52
52
-16
-64
-31
45
48
-26
-51
-7
18
19
8
10
20
6
-4
2
20
13
9
-21
-22
34
33
-10
-36
-17
7
14
19
26
10
-30
-41
12
55
19
-33
-43
-1
61
44
-32
-70
-31
47
43
-43
-77
-10
52
39
-23
-34
19
18
-11
-15
-3
12
5
-4
7
6
-9
-12
-3
15
12
2
-10
-21
-9
11
10
-9
-24
-8
6
11
-2
-21
-5
8
4
-9
-7
7
15
10
-2
-5
-3
5
12
4
-6
-7
-5
2
2
-7
-15
-6
2
7
2
-9
-6
1
1
-1
-2
-3
-2
2
7
3
-2
-5
-2
5
4
-3
-4
1
1
0
-1
-1
0
2
2
-3
-3
0
0
-1
-2
1
3
4
0
-1
1
0
1
-1
0
0
2
-1
0
1
1
0
0
1
-1
-1
0
0
0
0
0
0
1
1
0
1
0
0
0
0
1
0
1
0
0
0
1
0
1
0
-2
1
1
0
-1
-1
0
0
-1
-1
-1
0
0
0
0
0
1
0
1
0
0
0
0
0
-1
-1
0
1
1
-1
1
0
0
0
-1
0
0
0
1
1
1
1
0
0
-1
0
0
1
1
0
0
0
1
0
0
0
1
2
1
0
0
1
2
0
0
1
1
1
-1
1
1
0
0
1
1
1
0
1
0
1
0
1
2
0
0
0
2
1
0
0
0
0
0
0
0
1
0
0
0
1
-1
0
0
0
0
0
0
0
2
0
0
0
0
0
-1
0
0
0
0
0
0
0
0
0
0
-1
-1
-1
-1
0
-1
0
0
0
0
0
0
-1
0
1
-1
0
0
0
-1
-1
0
0
0
1
0
0
1
0
0
0
0
0
0
0
0
0
0
1
1
-1
0
0
0
0
0
0
0
0
0
0
0
0
0
0
0
0
1
1
-1
-1
-1
-1
0
-1
0
0
0
0
0
0
1
0
0
1
0
0
0
1
0
0
1
0
1
1
0
0
0
0
0
0
-1
-1
0
0
1
0
1
1
-1
-1
0
0
0
0
0
0
0
-1
-1
0
0
-1
0
0
-1
-1
-1
0
0
0
0
-1
-2
0
0
-1
0
0
0
0
0
-1
1
0
0
0
-1
-1
0
0
0
-1
-1
0
0
0
0
0
-1
0
1
0
0
0
0
0
0
0
-1
0
1
0
0
0
0
-1
0
-1
-1
0
0
0
0
1
0
0
0
0
0
1
2
1
2
1
0
1
0
1
1
0
0
1
1
1
0
1
1
2
1
2
1
0
0
0
0
0
1
0
0
2
0
0
0
0
0
0
1
0
1
2
2
1
0
1
1
1
1
1
0
2
1
0
0
0
2
1
0
1
1
1
0
-1
1
0
0
0
-1
-1
1
1
0
1
1
0
0
1
1
0
1
1
0
1
1
0
0
0
1
0
2
2
1
1
0
0
0
-1
0
1
1
1
0
-2
0
2
0
-1
0
2
2
1
-1
-1
1
1
-1
0
3
2
-1
0
1
-1
1
1
-1
-1
1
2
-2
-1
1
0
0
0
0
-1
-2
0
0
-1
1
-3
0
4
1
-1
0
0
0
2
-1
-3
1
-1
-1
2
-2
-4
2
0
-5
-1
0
-1
0
-1
-2
1
-1
-3
-1
0
-3
-1
1
0
0
-1
-4
0
1
-1
-1
-3
-2
1
-3
-1
-1
-4
0
0
-3
-1
2
-3
-2
0
0
0
-3
-2
0
-2
-1
1
-4
-2
-1
-3
-2
-2
0
-2
-4
1
1
1
3
0
1
1
-3
-5
-5
-5
-5
-2
-2
-2
-4
-2
3
-1
-1
0
-1
0
4
6
3
7
7
5
7
3
1
-4
-7
-6
-11
-15
-7
-7
-8
-3
-3
-2
2
2
5
13
15
14
17
14
9
3
0
-1
-2
0
0
4
8
2
-9
-18
-33
-45
-48
-44
-31
-14
9
37
58
69
75
69
55
38
14
-11
-30
-40
-54
-61
-58
-63
-69
-68
-69
-72
-68
-54
-31
-8
26
64
92
111
115
112
100
72
34
-2
-35
-64
-80
-85
-83
-66
-49
-30
-7
10
26
40
46
45
38
34
37
39
42
41
36
33
27
8
-19
-46
-63
-75
-78
-62
-39
-18
-9
-7
-14
-35
-57
-75
-85
-73
-37
14
79
146
205
241
245
211
135
39
-67
-165
-238
-283
-286
-251
-186
-114
-47
7
43
55
55
59
72
98
139
195
253
291
292
256
184
78
-50
-173
-262
-301
-298
-247
-153
-34
82
177
227
228
179
88
-7
-85
-134
-139
-103
-44
22
83
119
113
66
-15
-104
-177
-214
-202
-150
-78
1
70
104
89
41
-22
-85
-129
-138
-102
-23
79
183
262
295
273
195
81
-60
-204
-317
-373
-366
-307
-211
-88
43
144
193
195
170
127
81
57
57
84
137
209
257
254
213
145
35
-92
-208
-291
-322
-297
-220
-100
24
125
181
179
131
43
-63
-154
-199
-177
-112
-21
91
194
245
230
154
21
-139
-267
-343
-370
-338
-271
-177
-61
47
136
181
163
133
87
22
22
38
29
31
0
16
113
120
23
-86
-215
-300
-394
-545
-557
-357
-32
240
392
527
645
654
508
224
-83
-230
-107
188
580
1141
1701
1964
1725
986
-49
-1173
-2095
-2663
-2830
-2353
-1317
-173
859
1730
2324
2343
1675
714
-172
-860
-1300
-1288
-697
144
971
1660
1945
1861
1326
264
-944
-2091
-2725
-2586
-2119
-1508
-611
371
999
1292
1274
673
-197
-993
-1632
-1557
-855
-30
928
1530
1618
1581
1043
67
-879
-1898
-2579
-2712
-2461
-1597
-776
-533
-354
-204
42
463
536
485
522
603
971
1130
869
646
251
-363
-801
-1054
-888
-70
638
981
1509
1818
2107
2680
2467
2076
2203
1902
1586
1123
-157
-1273
-2734
-4879
-5659
-4786
-2956
-788
342
1484
3485
4263
3430
2101
659
-496
-1934
-3363
-2940
-1088
271
916
1690
2917
3940
3644
2224
1025
182
-997
-2077
-2183
-1376
-718
-936
-1379
-1182
-618
-456
-735
-764
-280
499
1313
1957
2269
1881
1063
347
-244
-853
-1790
-2657
-2830
-2657
-2204
-1411
-747
-265
-98
-143
242
506
482
644
653
644
427
-512
-1285
-1652
-2209
-2407
-2102
-1469
-411
441
1074
2078
2759
2721
2322
1548
728
-141
-924
-1061
-1014
-956
-557
100
872
1580
2450
3522
4553
5181
4981
4777
3991
703
-3554
-6747
-8204
-7324
-6323
-5433
-2014
1959
4166
5110
4720
3837
1979
-1885
-4657
-4246
-2163
-318
702
2715
6166
8450
8087
6052
3642
669
-3151
-6393
-7430
-6349
-5075
-4361
-2742
-515
912
967
-345
-1277
-1309
-1404
-655
1232
3101
4280
4380
4044
3617
1805
-1506
-4939
-7109
-7330
-6367
-4795
-2398
84
1721
2616
3024
3139
2588
606
-1436
-2014
-1862
-1332
-785
-730
-346
125
-115
-429
-819
-1565
-1887
-1400
-115
1639
2834
3335
3250
2366
1305
147
-1031
-1615
-2063
-2383
-1381
810
2826
4732
6822
8569
9996
10345
8686
6386
3578
-1757
-8337
-12723
-13226
-10372
-7021
-4621
-972
4333
8231
8722
6629
4150
1736
-1974
-5846
-6881
-4826
-2266
-1010
507
4349
8582
9717
7505
4269
1579
-1127
-4516
-7014
-6908
-5330
-4397
-3896
-2774
-1313
-632
-1372
-2302
-2419
-2179
-1483
-55
1927
3570
3696
3019
2953
3176
2117
-557
-3000
-4482
-5417
-5485
-5057
-4011
-2126
-1056
-493
855
1613
1167
432
224
965
1956
2225
1674
1043
203
-1463
-2904
-3442
-3697
-3835
-3345
-1493
1513
4339
5739
5611
4558
2762
193
-2680
-4944
-6157
-6541
-5683
-3135
-85
2837
5708
7348
8237
9232
9025
8219
7605
6118
4870
4681
3626
100
-5370
-9989
-11327
-9626
-7462
-6266
-3655
1314
5460
7092
7247
6675
5097
1231
-3821
-6077
-4835
-2995
-2234
-885
3239
7962
9595
8096
5509
2788
-782
-5161
-7993
-7932
-7022
-7205
-6897
-3908
298
2728
2554
1385
762
-12
-1282
-1552
-250
1308
1723
1771
3047
4250
3205
166
-3097
-5206
-6755
-8438
-8734
-6761
-4042
-2039
-440
1546
3462
3983
2833
1742
1869
2022
1216
266
17
258
42
-1178
-2194
-2102
-1884
-2152
-2344
-1791
-430
862
1318
1628
2284
2499
2035
877
-528
-1124
-1253
-1274
-565
826
2069
3044
4419
5883
7329
8732
9065
9246
10037
10039
9339
7541
2373
-4944
-11006
-14276
-13525
-10788
-9560
-6817
-807
4366
7607
8577
7029
5214
1805
-3341
-5674
-4485
-2661
-2022
-1473
1740
6269
8194
6608
3320
615
-1742
-5249
-8193
-8128
-6253
-4917
-3723
-1360
1602
3253
2166
-360
-1705
-2248
-3168
-2975
-759
2216
4105
4461
5128
6033
4914
1088
-4141
-8051
-9989
-11519
-11892
-10027
-6854
-3595
-688
2523
5419
6103
4513
2688
2594
3111
1856
-393
-1525
-1390
-1591
-3044
-4371
-4415
-4182
-4523
-4392
-2597
282
2661
4074
5334
6561
6594
4915
2587
597
-1439
-3815
-5476
-5110
-2749
254
2900
5557
8706
11000
11866
12553
12646
12253
11791
9939
7712
4427
-3040
-11121
-15756
-17351
-15860
-14119
-12511
-6799
514
5486
8702
10053
10245
8426
2603
-2873
-3900
-2791
-2441
-2868
-1227
3676
7692
7567
5410
3872
1999
-2007
-7187
-10151
-9245
-7856
-8015
-6637
-2671
1423
3373
3022
3092
4370
4216
2538
1904
3137
4515
4080
2749
2469
1761
-1482
-6208
-10019
-11379
-11744
-12848
-12351
-9217
-5594
-2083
1185
4554
8209
9579
8283
7062
6238
4430
1158
-2616
-5173
-6742
-8663
-10172
-9811
-7690
-5099
-3227
-1349
2139
5974
8108
8991
8906
7804
5926
3073
0
-2305
-4107
-5986
-7011
-6184
-4107
-1449
1491
5116
9292
12576
15070
16911
17201
16604
14503
10248
4967
-3072
-12958
-19325
-21133
-19320
-15666
-12354
-6227
2594
8674
11441
11898
10840
9098
3818
-3126
-5258
-3360
-1772
-1452
-438
3714
8518
9020
6046
3782
2274
-1386
-7247
-11481
-10926
-8034
-6760
-5828
-2463
2272
5252
5007
3799
3937
3363
924
-599
44
1425
1375
4
51
1055
163
-3324
-7373
-9154
-9493
-10037
-9312
-6939
-3957
-982
1838
5466
8750
8925
6786
4669
2897
771
-2275
-5193
-6506
-7269
-8665
-9345
-8127
-5878
-3915
-2573
-886
2060
5239
7418
8793
9323
8706
6383
2442
-1045
-3910
-6874
-9099
-10808
-10781
-8120
-4940
-891
4537
9625
14590
18800
20753
21272
19654
15765
12171
8441
3360
-3853
-13211
-19524
-20370
-18313
-14480
-10792
-5878
2114
7865
9824
10729
10138
8136
3745
-2343
-4281
-1762
-423
-1367
-1644
1281
6231
8097
5955
3878
2600
-57
-4526
-8169
-7849
-5476
-5031
-5675
-3992
281
3544
3210
970
-220
-333
-1264
-2180
-1105
1276
2910
2751
2742
4198
4346
1415
-3230
-7142
-8739
-9402
-10204
-9800
-7927
-5528
-2793
425
3821
6287
6803
5635
4335
3645
2107
-579
-3099
-5258
-6613
-6817
-6402
-5185
-3497
-2195
-997
722
2921
4940
5991
5713
4586
3082
1392
-301
-2377
-4513
-6400
-7970
-8169
-7131
-5037
-1171
3481
8062
12483
16111
18594
19326
17999
15002
11249
7554
3152
-1680
-7136
-14460
-19863
-20598
-17998
-12912
-8854
-5394
1950
9486
12805
12973
11028
8914
5779
-539
-5290
-4891
-3186
-3590
-4516
-1680
5074
9671
8850
6375
5459
3937
-753
-5848
-6784
-4519
-3803
-5259
-4414
108
3535
2089
-2090
-4089
-3324
-3210
-4013
-2955
527
3258
3438
3800
5621
6224
3037
-2819
-6890
-7851
-8866
-10878
-11498
-9186
-5066
-1644
1223
4731
7132
6969
5128
3518
3057
1753
-1888
-5665
-7017
-6334
-5278
-4386
-3414
-2233
-1031
147
2046
4987
7420
7796
6809
5872
4880
3094
148
-3713
-7430
-10536
-12873
-13108
-10471
-5876
-953
3882
9865
16380
20806
21661
19456
16428
13809
10059
5501
2141
-770
-5527
-13159
-20190
-21955
-19472
-16252
-13723
-9343
-192
8954
13004
13972
13891
12695
8817
1550
-3861
-4148
-3795
-5641
-6511
-2694
4304
8340
7555
6047
5821
4347
-830
-6647
-7976
-5801
-4823
-5123
-3108
1329
4031
2369
-876
-1857
-1347
-2388
-4238
-3279
666
3802
4485
4992
6305
6213
2507
-3225
-7390
-9664
-11963
-14466
-14495
-10363
-4590
249
4335
8177
10818
10859
8403
5135
2155
-1404
-5442
-7492
-6595
-4549
-3172
-2777
-2244
-927
211
822
1864
3278
3922
3766
4102
5009
4806
2621
-1001
-4438
-6684
-8945
-11131
-11040
-8003
-2938
2745
8280
13451
17223
18773
17722
15532
13625
10756
7216
4503
3053
2148
-2504
-11504
-18290
-20583
-19561
-16815
-14836
-9333
891
7928
10820
12825
13512
12641
7466
-1230
-5216
-4043
-4272
-6213
-5888
-828
6203
9252
8404
8015
7862
3837
-3936
-9348
-8844
-6203
-6006
-6580
-3712
1718
4551
2834
226
-599
-1424
-4016
-6010
-4005
-112
1513
1790
3410
6229
7248
3450
-2711
-6831
-9609
-12815
-14823
-13494
-9296
-4278
312
5051
10001
12609
11234
7666
4167
651
-3464
-7054
-8397
-7551
-5919
-4141
-2405
-852
138
147
295
1723
3565
4799
5615
6330
6507
5778
3777
888
-1713
-4211
-6756
-8199
-7632
-5067
-1394
2413
6764
11727
15523
16887
16564
15504
14001
12051
9421
7469
6182
687
-9731
-18217
-21225
-19805
-17073
-16254
-12346
-2337
5440
7824
9195
10736
11034
6552
-1946
-5438
-2355
-1313
-4568
-5857
-602
7200
9393
6192
4594
5106
1832
-6234
-12104
-10252
-5369
-4266
-4614
-945
5629
8355
4693
420
-416
-1274
-5334
-9082
-7771
-2804
554
1021
2646
6558
7643
3301
-2875
-6776
-8605
-11225
-13744
-12739
-7933
-2635
464
2976
6511
8554
7495
5069
2770
855
-1650
-4938
-6765
-6347
-5566
-5136
-3997
-2046
-533
-190
70
1386
3363
5006
5999
6828
7383
6657
4423
1599
-1261
-4529
-7794
-9431
-8568
-5467
-1389
3280
9190
15067
19465
21174
20050
18670
17311
14692
12017
8937
2552
-7588
-17694
-22867
-21730
-18348
-17667
-16316
-8246
1804
6989
8378
8652
9409
8470
2298
-3056
-992
2318
199
-3348
-1670
5376
10214
7350
2136
655
-115
-5023
-11599
-13002
-8885
-6107
-6384
-4000
2968
8895
8157
2733
-500
4
-494
-3451
-4325
-1408
1541
2508
2837
4465
6124
3315
-3128
-8058
-10453
-12060
-14265
-15662
-13105
-8004
-3281
1386
5693
8755
9997
8602
6485
5402
3935
1174
-1724
-3722
-5120
-6032
-6166
-5613
-4595
-3717
-3040
-1563
1249
4306
6341
7596
8356
8156
7015
5093
2524
-280
-3368
-6371
-7887
-7515
-6051
-3631
176
5426
10897
14752
16975
18240
18521
18143
16787
14297
9266
-1703
-14834
-21598
-21335
-18283
-16606
-16417
-10466
611
6843
7759
8210
8377
6522
174
-6055
-3603
2478
2315
-1326
-155
7552
14139
11811
4959
1741
463
-4362
-11121
-13158
-9404
-6505
-7361
-6192
631
7791
8510
3564
-96
327
-2
-2967
-4320
-2323
423
896
472
3457
7514
6608
873
-5507
-9115
-10394
-12793
-15429
-14636
-11433
-7835
-3183
2127
6845
9598
9388
8001
7170
5892
3167
-131
-3018
-5734
-7683
-7842
-6900
-5809
-5254
-4832
-2718
792
3507
5119
6852
8986
10261
9588
7691
5820
3680
-18
-4673
-7709
-8420
-8216
-7608
-5483
-525
6106
11988
16741
20626
23364
24456
23347
18210
5928
-10338
-21943
-25385
-22604
-18794
-16647
-10147
663
6421
6699
6649
6460
4021
-3137
-10644
-8883
-630
3203
2194
3945
11236
17537
15772
9281
4795
862
-7135
-16695
-19794
-14925
-10176
-9626
-7332
1031
10700
13842
10072
6440
5517
3324
-1331
-4189
-2514
-289
-1241
-2134
563
4588
4975
457
-4430
-6489
-8303
-11465
-13352
-12164
-9314
-7096
-4813
-183
4802
6613
5737
4943
5949
6872
4995
2046
696
-761
-4321
-8200
-10102
-9423
-7624
-6555
-4608
78
4978
7198
7541
8317
9558
8924
5777
2148
-291
-1846
-4144
-6818
-7073
-5102
-3686
-2961
-1191
2688
8109
12840
16181
19420
22298
23312
20641
11216
-3704
-16660
-23533
-24713
-22487
-20472
-15524
-4517
5010
9007
11172
11912
9672
2631
-7261
-10822
-5849
-1250
-577
1873
9736
18379
20186
14877
9049
4524
-3233
-14008
-20882
-19835
-15348
-12912
-10173
-2546
7135
11970
10293
6954
6193
5436
1474
-2367
-2147
571
2040
2145
3755
6406
6019
1181
-4930
-8830
-10769
-13106
-15071
-13817
-9976
-6269
-2909
1248
5726
8370
8124
6877
6594
6667
5091
2058
360
510
-436
-3921
-8057
-10334
-10420
-10004
-9137
-6474
-2212
1963
4920
7651
10829
12371
10748
7192
3741
1679
-158
-3384
-6049
-6164
-4793
-3018
-671
2961
7897
12459
15245
17722
21684
25099
21368
5981
-12425
-21469
-21767
-20320
-21523
-22113
-12224
2293
7123
7861
11961
13579
8238
-3521
-11744
-6134
1379
-2365
-6861
-254
12412
18877
15125
9954
8386
2758
-10068
-20144
-18873
-12785
-13774
-18391
-13765
-141
10097
10613
6695
5679
6678
4754
2420
4641
7935
5784
225
-660
4107
5957
-80
-8658
-13013
-12127
-10729
-11508
-10267
-6368
-4185
-3081
-488
3334
6177
5164
2385
2535
5465
7622
6858
4893
4122
3125
511
-2476
-5398
-8295
-10875
-12263
-10708
-6677
-2933
-343
2457
5801
8466
9299
8373
6803
4644
1836
-154
-755
-612
-714
-1613
-1250
1640
4984
7533
9653
11864
15026
18950
21358
17225
4828
-8827
-17306
-19393
-18149
-19033
-18264
-10370
-2326
1796
6220
10872
12826
8369
-1860
-6742
-2541
-134
-3978
-6503
-1430
7813
12598
12083
11901
10915
3975
-7025
-14630
-14842
-13546
-17288
-20252
-15091
-5023
2495
4584
4896
6471
6765
4910
4816
7688
9537
6917
2860
3105
5993
4940
-1882
-10368
-15011
-15655
-16369
-16324
-12733
-7947
-4598
-2004
1534
6428
9441
7898
4676
3563
4811
6246
6097
5471
5022
3030
-182
-3123
-5770
-8139
-10198
-10993
-9103
-5444
-1664
1900
5475
8867
11074
11303
10008
7768
4603
1620
135
-156
68
364
762
2184
4422
6012
6968
8563
10986
13967
16934
15640
6903
-4318
-11927
-14542
-13568
-13569
-14209
-9868
-4164
-1884
351
3941
6921
6044
-58
-3650
503
4622
2840
-350
1074
6562
9473
7671
6241
5716
1252
-7145
-13370
-12674
-9245
-10659
-14298
-12594
-6331
-1261
-145
-948
-46
1377
767
1292
5454
9770
10321
7599
6265
8051
7613
1305
-7392
-13896
-16958
-18093
-18378
-16328
-11706
-7422
-4647
-1724
2177
5604
6672
6074
6071
7378
8652
8434
6997
5592
4265
1594
-2427
-6251
-8692
-9480
-9309
-8175
-5604
-2379
662
3483
5932
7920
8822
7747
5734
4288
3601
3414
3244
2979
2593
2128
2351
3053
3865
5228
6626
8554
11937
15824
19173
17454
7142
-4831
-11761
-13870
-13540
-15283
-16745
-11551
-4945
-2388
253
4695
7875
5694
-1392
-3695
1733
5007
1918
-1034
2314
9280
11807
9399
7927
6634
405
-9229
-14888
-13283
-10291
-12149
-14487
-10676
-3712
64
-447
-1502
-286
742
-230
891
5678
8869
7677
5590
6712
9966
9186
2364
-5360
-10889
-14599
-16939
-17909
-16322
-13263
-11198
-8573
-3638
1202
3495
3801
4523
6932
9516
10030
8599
6985
5327
2772
-95
-2271
-4286
-7015
-9629
-9943
-7456
-4269
-2321
-1162
1075
4572
7548
8268
7009
5449
3925
2396
1706
1782
2157
2440
2420
3431
5570
7224
8139
8905
10343
12955
16095
18608
15966
5117
-7145
-13899
-15262
-14612
-16359
-17488
-11387
-3187
745
3829
7907
9951
6565
-1293
-4691
-67
3602
1211
-871
3616
11621
15024
12569
9822
6735
-969
-11585
-18193
-17137
-13929
-14760
-15255
-9341
-422
4620
4290
2549
1981
202
-2862
-2734
1302
4539
3881
2943
6248
10538
9424
2691
-4604
-8788
-11368
-14827
-17177
-15941
-12947
-10770
-8803
-4949
-117
2332
2158
2036
3963
7026
7827
6298
5520
5162
3494
566
-3041
-6058
-7931
-9305
-9692
-8259
-5720
-3016
-333
3035
7271
10751
11633
9363
5730
2956
1712
1342
678
-68
246
1912
4561
7260
9251
10828
12056
13562
15996
19087
20973
16079
3688
-7894
-13461
-13952
-13555
-16478
-17335
-11352
-5692
-3204
174
4241
6560
3801
-2196
-2009
4442
6991
3914
2653
7567
14195
14926
10722
7213
3351
-4415
-14015
-19068
-17384
-15103
-15863
-14161
-6778
1717
6400
6617
5759
5650
3891
852
30
1344
1756
380
-206
1818
3687
1863
-2919
-7278
-9518
-10701
-11914
-12123
-10315
-7750
-6064
-5057
-3495
-1689
-1024
-919
309
2862
5685
6960
6214
5693
5972
5088
2656
-727
-4522
-7209
-8469
-8920
-7894
-5758
-3787
-1378
2297
6489
9765
10340
8043
5327
3709
2740
1734
32
-1670
-2025
-941
1460
4698
7664
10138
12195
14007
16852
20749
23241
18788
4512
-10549
-17006
-16803
-15267
-16808
-17971
-10546
-1193
2120
5090
8714
8414
3253
-4881
-7081
-201
3672
-135
-1464
5439
15224
19562
16998
13041
8429
-903
-12647
-19285
-18986
-17678
-19684
-19858
-12148
-796
6606
8448
7760
7106
5911
3425
2247
3523
3152
-33
-1525
841
4117
3455
-1911
-7104
-9207
-10454
-12551
-14034
-13287
-10945
-8340
-5342
-1312
2259
3267
3014
3520
4804
6211
6070
4474
3683
3206
1692
-361
-2647
-4897
-6498
-6874
-6100
-5026
-4124
-3134
-1430
1647
5833
8468
8160
6615
4511
2543
1606
514
-971
-1960
-2323
-1336
1232
3858
5638
7454
9925
13100
17113
21675
24276
19095
5570
-7385
-13607
-14554
-15312
-19351
-19618
-11709
-4751
-1554
2767
7081
8278
3949
-2942
-2455
4015
5197
1002
338
6533
14051
16318
14782
13651
9725
-281
-11387
-16752
-16360
-17045
-20890
-20593
-12833
-3756
1721
4254
6224
7956
6888
4906
6219
8339
6601
1141
-2528
-785
992
-1541
-5741
-8810
-9059
-8440
-9755
-10210
-8659
-8200
-8511
-7091
-3790
-340
1130
1236
3335
6842
8672
8289
6505
5114
3829
1037
-2318
-5318
-7751
-8636
-8240
-6677
-3704
-1383
-308
1513
4205
6844
8518
7473
5023
3687
2376
489
-867
-1871
-2690
-3389
-3402
-1262
1973
4443
6644
9338
13355
18752
23437
26148
22752
9968
-4100
-12259
-15488
-16415
-20103
-22365
-15418
-7230
-3015
2034
6729
8686
6179
-966
-3065
2281
3921
484
145
5858
13776
16840
14472
11998
8388
-215
-10580
-16499
-17047
-16928
-18959
-18283
-11008
-2031
3632
6291
7535
8321
7575
5356
5145
6647
5522
2100
276
1377
2494
-247
-5522
-9207
-10954
-12035
-12615
-11812
-9118
-6682
-5182
-2705
665
3111
3294
2352
2161
2468
2655
2473
2284
2597
2668
1581
-565
-3148
-5491
-6628
-5922
-4584
-3901
-2930
-811
2158
5896
8759
9119
7729
5257
2854
1667
740
-509
-1802
-2795
-2283
-100
2666
4780
5589
5980
7147
10543
15972
21648
25253
20754
6737
-6458
-12567
-14260
-14333
-16895
-17834
-10732
-4561
-2806
2108
7204
7517
2797
-4024
-3862
1974
2406
-1091
713
8109
14174
14429
12369
11493
7167
-3064
-13059
-16663
-14817
-14611
-18423
-18195
-10807
-2865
1881
3876
4610
5301
4748
4277
7066
9515
6907
1676
-1174
-112
858
-2154
-6881
-10084
-11513
-12099
-12558
-11466
-8799
-6923
-5134
-2321
876
3281
3274
2225
2213
2510
3044
3300
2329
1839
1678
310
-1519
-3365
-5240
-5910
-5005
-3970
-2849
-738
2239
5744
8965
10526
9616
7129
4166
1322
-144
-541
-1094
-1348
-36
2396
4773
6614
7482
7671
7402
7389
9266
13365
18005
16916
7066
-3257
-8142
-9258
-8935
-11786
-14290
-9234
-4291
-4012
-2057
1645
4014
2216
-3529
-4236
1702
4748
1996
834
6178
13143
14451
11245
9462
7763
1085
-8559
-14537
-13921
-12103
-14881
-16996
-12871
-7067
-3294
-935
1066
3800
4420
2466
3465
7216
8473
6335
3271
2600
3162
-135
-6306
-10839
-12778
-13239
-13752
-13591
-11147
-8174
-6115
-3796
-1561
458
2454
3274
4382
5968
5786
5074
4578
3404
2754
1972
-384
-3195
-6070
-8032
-7223
-5374
-3713
-1538
523
3063
6346
8841
10424
10124
7375
4431
2244
968
657
-57
-718
8
1279
3306
6141
7949
8624
9165
10614
14200
18972
18808
9995
-1976
-10225
-12014
-10125
-10971
-12483
-8465
-3321
-1125
317
2036
3677
1323
-5799
-8019
-2030
3212
2991
2091
6302
13692
16456
13473
10985
9263
3109
-7410
-16243
-18273
-16490
-17207
-17909
-13291
-5788
-430
1105
670
1170
1098
-1198
-1515
1889
5222
6259
5790
6423
8417
7167
1440
-5123
-10429
-14072
-16370
-17422
-15901
-12124
-8507
-5144
-1175
1864
3151
3193
2949
3699
5243
5828
5538
5459
5495
5279
3967
1418
-1927
-5317
-7415
-8143
-7766
-6012
-3909
-1555
1822
5683
9217
10882
9278
5947
3345
2130
1606
855
-101
-236
1075
2774
4827
7935
10106
10621
10978
11979
15288
17513
11116
78
-7032
-9066
-7121
-6498
-8882
-6216
-1189
-1397
-2444
-1273
310
169
-4894
-8508
-3580
2370
2692
1436
3888
10591
15468
14417
12546
10902
4915
-4550
-12601
-15361
-14005
-14957
-17251
-14604
-8906
-4569
-2128
-809
1056
2633
1462
714
3423
6299
6388
4834
4069
4647
3972
144
-4833
-8698
-11405
-13584
-14431
-12818
-10091
-7805
-5797
-3681
-1531
-6
667
1775
3905
6101
7469
7681
6971
6016
4672
2515
-417
-3930
-6954
-8330
-8018
-6685
-4489
-2233
-818
388
2120
4333
6582
7200
5319
3095
2308
2775
3734
4100
3551
3302
4294
6440
8861
10321
10568
11175
11888
8388
483
-6299
-8832
-8095
-7466
-7931
-3678
4419
7741
6392
4556
3272
695
-6348
-12435
-10125
-3950
-1152
-834
2465
9644
14890
14616
12379
10863
7170
-298
-7770
-10848
-10268
-10970
-13412
-12936
-9198
-5709
-3781
-2745
-1577
-715
-1387
-972
2530
5329
5442
5003
5656
7392
7155
2947
-1855
-5407
-9180
-12300
-13484
-12935
-11098
-8983
-6541
-2904
177
683
-41
73
662
871
1342
2597
4198
4852
3396
1097
-277
-1279
-2813
-4306
-4955
-5024
-4630
-3161
-617
1932
3126
2213
887
878
1082
770
401
76
400
2231
5382
9004
11138
10774
10043
10435
11124
11337
10602
9525
6157
-2469
-10645
-12958
-11167
-7810
-6250
-3673
4782
11412
11040
8575
5788
2778
-2198
-9515
-11098
-5576
-1550
-941
816
5929
11698
12897
10295
9044
7768
2518
-4493
-8334
-7844
-6680
-8083
-9212
-7122
-4794
-4484
-4392
-3422
-2300
-2724
-3628
-1189
3429
6151
6104
5433
6596
7618
5027
734
-3381
-7768
-11706
-15298
-16568
-13780
-10443
-8648
-6625
-4017
-1373
697
1579
1914
2431
2710
2601
3121
3941
3869
2580
360
-1647
-3056
-4050
-4070
-4254
-4937
-4118
-2158
164
2365
2577
1874
1724
779
-421
-98
1237
2746
4502
6333
8527
10642
11236
10623
10090
9860
9656
9761
8456
1773
-8465
-14986
-14926
-10420
-6536
-5114
-216
8125
12803
13078
11464
8473
3151
-4986
-10539
-8513
-3747
-2610
-2936
534
7392
11913
11044
8443
6944
3684
-2318
-6980
-7591
-5942
-5927
-6900
-4692
-541
784
-1030
-2989
-3046
-2510
-3523
-3735
-1264
1902
3838
4315
5755
8152
7556
4379
1014
-2324
-5093
-8469
-12539
-14396
-14178
-13109
-10475
-6848
-3974
-2492
-1466
28
2444
4627
4947
4329
3802
3347
3135
2544
837
-1912
-4955
-6645
-6468
-5610
-4987
-4197
-2418
32
2283
3655
3678
2996
1770
145
-262
671
2174
4318
6428
8275
10236
11721
12371
12447
11774
10425
7247
-786
-11412
-18355
-18945
-14597
-10152
-6961
-60
9115
14376
15630
14310
11300
6213
-2345
-8719
-8002
-4960
-4106
-3813
-10
7351
12647
12769
10531
7670
2720
-3839
-8714
-9381
-7499
-6703
-6297
-3411
264
2129
2000
14
-2599
-5713
-8479
-7374
-2862
523
1382
2166
5156
9303
10811
8741
5089
686
-3882
-7589
-10077
-11629
-14132
-17095
-16442
-12181
-8191
-6305
-5406
-2668
2490
6875
9244
10407
10415
8982
6395
3996
1911
-1024
-4903
-8110
-8845
-7712
-6387
-5067
-3419
-1654
-402
549
1737
2500
2395
1928
1636
2029
2716
3798
6565
9934
11980
12988
13046
12671
12301
10852
8020
1457
-9524
-18451
-20540
-16521
-10393
-6562
-1625
6657
12104
13396
12978
11176
7608
312
-6866
-7037
-3066
-1647
-2526
-431
5803
10887
10916
7974
5796
3065
-2729
-8572
-10597
-9301
-8075
-7765
-5237
-816
1701
1763
787
-15
-1033
-3553
-5158
-3544
-1186
-196
818
3241
6224
7907
7288
5388
3166
-268
-4328
-7289
-8910
-10266
-11874
-12686
-12201
-11213
-10534
-9179
-5423
-321
3957
7336
10200
12572
13464
11488
8078
4680
254
-4475
-7678
-8422
-7032
-5790
-5254
-3804
-1784
-772
-1013
-1500
-1399
-997
-178
1633
4170
6425
7949
9451
11541
13265
13453
12213
10566
9345
8183
4797
-3425
-14117
-21113
-21507
-17422
-12605
-7166
1516
10704
15412
16144
15892
14463
8239
-2503
-10025
-9333
-5294
-3819
-3314
1017
8329
13182
13337
10879
7221
860
-7497
-12919
-13561
-12303
-11599
-10435
-6193
-335
3704
5273
5276
3790
412
-2934
-3159
-1078
-640
-2160
-2021
1210
4991
6128
4524
2680
383
-3424
-6388
-6940
-6090
-6324
-8132
-8187
-6064
-4771
-5777
-7927
-7869
-5145
-2351
690
4564
7996
10038
9934
8384
6657
3889
-416
-4343
-6044
-5253
-3362
-1740
-47
1169
921
-679
-2991
-4131
-4025
-4286
-3584
-562
4415
10254
14597
17096
18750
19265
18641
17047
14188
7418
-5103
-17970
-25162
-25554
-21953
-18829
-13720
-3243
7101
13182
16077
16892
15785
10307
1597
-3324
-3118
-2397
-3008
-2358
2210
8143
11124
10864
8919
4876
-1854
-9171
-13766
-14329
-12912
-11427
-8619
-4158
-278
2339
3976
4492
3738
1415
-656
103
1827
1877
1432
1596
2124
1705
-992
-3635
-4096
-4391
-5148
-5377
-4675
-3172
-2354
-2349
-2011
-1974
-3692
-6605
-8004
-6836
-4854
-3220
-1882
314
3601
6289
7679
7345
4901
1640
-1072
-1969
-1003
-137
388
1205
2163
3378
3556
1923
-913
-4636
-7444
-8052
-7038
-4140
184
5067
10755
15933
19846
22686
23104
21115
15854
4862
-8463
-18745
-23918
-24026
-22534
-19589
-11396
-1221
5978
10196
11765
10956
7284
1409
-1610
37
1720
837
563
3907
8782
11214
9826
7025
3680
-2138
-8432
-11715
-12202
-11809
-11670
-9571
-4325
-6
920
238
121
554
64
-676
677
3395
4527
4925
6710
8604
8075
3947
-1122
-3831
-5819
-8382
-9822
-8988
-6265
-4149
-2955
-710
1491
1570
-405
-2889
-3473
-2368
-1502
-456
1283
2620
3196
3563
3403
2403
661
-1407
-2165
-1427
-768
430
2894
5603
7599
7284
4870
2296
-818
-4516
-7501
-9544
-9762
-7868
-4850
291
7525
13964
18188
20779
22284
22347
17022
4260
-9218
-17298
-20033
-20063
-20111
-16947
-8458
-940
2927
5506
7254
7086
2671
-3502
-3757
1166
3938
3855
5250
9836
14329
13969
9727
5684
558
-7388
-14300
-16115
-13776
-11829
-11520
-9045
-3487
908
2147
1795
1203
806
-212
-279
3025
6038
5877
5251
5785
6586
5314
657
-3952
-6025
-7457
-8141
-6380
-2909
-191
-67
-851
150
1548
435
-3016
-5673
-5307
-2947
-209
2567
4642
4673
3113
1488
-26
-1968
-4823
-7245
-6438
-3129
410
4338
8660
11908
12407
9570
5157
1224
-2883
-7688
-11376
-12379
-10727
-7327
-2532
3745
10212
14789
17252
19315
20131
15008
4271
-5715
-11098
-11801
-12088
-13690
-11012
-4407
-37
1146
1048
972
-616
-5591
-9119
-5925
1133
5617
6757
9621
15088
17925
15465
10475
5476
-955
-9095
-14998
-15387
-12197
-10692
-10764
-7461
-1559
2239
2640
1059
-366
-1394
-2943
-2351
1797
5363
6175
6431
7811
9142
7017
763
-5523
-9438
-11715
-11842
-8940
-3851
435
2212
3782
6203
7380
5104
-241
-4599
-5880
-5147
-2673
653
3448
4644
3920
2533
665
-2884
-7937
-11959
-12305
-9157
-4051
2054
8077
12929
15478
15068
12753
8830
2428
-5189
-11371
-14307
-13436
-9957
-5274
497
6964
13045
18453
21640
18466
8124
-3972
-11825
-13380
-11757
-11089
-9089
-2636
4541
8442
8933
6846
2228
-5525
-13372
-15444
-10852
-4701
-636
4023
11966
19689
22790
20672
15071
7166
-2859
-12478
-17814
-18145
-16330
-14320
-10334
-4050
1654
4556
3959
1237
-1677
-3859
-3977
-1704
1615
5167
8645
11876
13893
12622
7871
1101
-6379
-12939
-17171
-18337
-16238
-11478
-5092
1520
6745
9605
9875
8202
5725
2757
-542
-2574
-2289
-655
1342
2522
2092
393
-2920
-7583
-11452
-12841
-11961
-9420
-4911
1718
9550
16480
20146
20204
17104
10893
3206
-3476
-8057
-11254
-13234
-12183
-7243
289
8010
14058
17965
17503
10008
-994
-9069
-12088
-11991
-11587
-9511
-2718
5354
9814
10938
9972
6505
-538
-9423
-14308
-13197
-10174
-7462
-2679
6204
16018
21184
21018
18382
13517
5391
-4509
-12778
-17146
-18428
-17913
-14279
-7499
-1400
1836
2868
2355
1273
-369
-1804
-796
1267
2644
5041
8646
11704
12077
8073
2288
-2911
-8651
-13724
-16326
-16537
-14480
-11234
-6850
-619
5062
7554
7305
6403
6070
5577
4439
3290
2667
2522
2415
2122
766
-2297
-6635
-10975
-13103
-12886
-11701
-8907
-3885
2564
9366
14935
17889
17607
14115
8910
4231
847
-2586
-6256
-7914
-6549
-2687
2748
8664
13598
13236
5133
-5036
-10677
-11181
-10387
-11135
-9438
-1844
6674
11483
13178
12750
9166
1166
-7814
-11655
-10302
-8878
-8374
-4397
4685
14124
19069
19569
17558
12652
4294
-4699
-10912
-14229
-16516
-17283
-14097
-7973
-2853
-228
784
640
-597
-2410
-3141
-1417
1144
3025
5673
9663
12808
12322
7687
1474
-4212
-9252
-13355
-15717
-15880
-14327
-11782
-7567
-1760
2845
4250
3358
2662
3468
4364
4586
5028
5934
6882
7140
6907
6122
2742
-3576
-9911
-13206
-12943
-11503
-10260
-7540
-2167
4746
10850
14487
15461
13621
9427
5148
2637
1400
-204
-2203
-2524
-109
4392
9465
12715
11414
3649
-7253
-14201
-15375
-14301
-13982
-12099
-4333
6103
13394
17005
18047
15788
8196
-2489
-9118
-9930
-10183
-12053
-10703
-2225
9164
16475
18481
18045
15200
7916
-1624
-8610
-11971
-14297
-16623
-15828
-10057
-3229
770
2028
1605
55
-2303
-3929
-3351
-2220
-1491
648
5061
10172
12295
10075
6167
1508
-4154
-9227
-12413
-13546
-13947
-14045
-11538
-6297
-1179
1326
1374
1823
3576
5021
5872
6656
7178
7179
6893
6609
5578
2576
-2417
-7661
-10950
-12303
-13024
-12636
-10200
-5795
-215
5373
10240
13298
13502
11664
9796
8746
7024
3531
177
-922
258
2996
6543
9230
7199
-881
-9583
-13625
-13299
-12635
-13352
-10853
-3159
5091
11077
15182
17514
15874
8790
1080
-2142
-3030
-6078
-10187
-9777
-3576
3467
7684
9865
10918
9234
4590
60
-2361
-4247
-7567
-10352
-9280
-5257
-1842
-861
-1513
-2675
-3936
-4051
-2370
-421
517
895
2564
6525
10239
10640
7938
3867
-614
-4379
-6773
-8751
-10577
-12131
-12912
-11120
-7260
-3779
-1742
-821
353
2545
5381
8133
9596
9557
8693
7487
6254
3951
-474
-5953
-10233
-12056
-12310
-11677
-10219
-7869
-4141
60
3931
7298
9332
9859
9586
9623
10027
9874
8725
6715
5213
5214
5829
5260
1058
-6474
-13107
-15703
-14480
-12622
-11580
-8247
-2184
3565
7931
10804
12122
10878
6229
2190
2552
4472
3320
-630
-2530
-186
2822
3295
2287
1409
-141
-2858
-5071
-5010
-3664
-3765
-4844
-3922
-1029
1326
2068
1208
-825
-3348
-5420
-5586
-3901
-1790
264
2496
5103
7424
8435
8054
5464
466
-4474
-7460
-8611
-9169
-9815
-9350
-7494
-5537
-4246
-3089
-1503
-427
57
1343
4150
7610
9624
9952
9990
9554
7654
3382
-2566
-7587
-10880
-12971
-13620
-12534
-9816
-5993
-1369
3620
7882
10176
10003
9030
8910
9178
9021
8204
7416
7243
7711
9188
10004
6125
-3287
-13043
-17639
-17075
-15495
-14955
-11888
-4618
2485
6993
10105
12234
11287
5683
-262
-904
1946
2468
138
-280
3564
7875
8541
6759
4245
-14
-5661
-9904
-10526
-8895
-8100
-7768
-5028
-263
3268
4372
3806
1991
-1350
-4840
-5439
-3155
-552
990
1988
4186
6774
7182
5723
3003
-756
-4428
-7023
-7686
-7216
-6960
-6621
-5646
-4537
-4602
-5449
-5052
-3448
-1901
-226
2696
7186
11280
13045
12624
10883
8366
4357
-947
-5287
-8229
-10543
-11644
-11073
-9065
-6125
-3020
-185
2394
4087
4324
4120
4942
6608
8114
9469
10782
11690
12262
13017
12941
8532
-1142
-11650
-17931
-18652
-17224
-16139
-12452
-5161
1480
5622
8895
11568
10867
5057
-1288
-2196
1345
3545
2620
2991
6703
9697
9548
8002
5814
1254
-5749
-11422
-12503
-10533
-9472
-9230
-6686
-2304
1026
2525
2935
2280
90
-2401
-2621
-433
1658
2310
2774
4420
6105
5827
3621
406
-3512
-7052
-8388
-7352
-5651
-4912
-5215
-4692
-2806
-2089
-3489
-5046
-5377
-4563
-2979
-376
3550
7660
10174
11046
11407
11017
8139
2598
-2782
-6096
-7999
-8947
-8862
-7588
-5207
-2853
-825
1637
3059
2052
294
-273
1272
4137
6725
9333
12161
14096
15327
16283
13833
5033
-7041
-16230
-18613
-16396
-14761
-12740
-6883
349
5382
8381
10613
11075
6692
-588
-3762
-900
2928
3449
2913
5516
9605
10899
9270
6547
2464
-3598
-9585
-12021
-10532
-8668
-8269
-6866
-3114
669
2658
2799
1387
-1175
-4184
-5545
-3642
-1169
-424
780
3540
6546
7938
6351
3352
184
-4012
-7590
-8293
-7237
-6932
-7528
-6705
-4086
-1944
-1888
-3197
-3659
-2951
-2367
-1184
1993
5497
7209
7671
7879
8051
7313
4116
-313
-3560
-5886
-7795
-8687
-8253
-6740
-4935
-3139
-688
1826
2859
2416
1931
2966
5290
7401
9246
11081
12448
13556
14210
12461
6108
-3496
-11613
-14911
-14587
-13951
-12303
-7327
-1401
2678
5525
8300
9806
6711
425
-2405
-18
3226
4012
4071
6517
9695
10379
9062
7259
3800
-2484
-8857
-11367
-10092
-8585
-8399
-7025
-3184
898
3271
3871
3085
623
-3102
-5426
-4180
-1481
11
805
1813
3590
5223
4946
3544
1429
-1731
-4285
-4952
-4423
-4361
-5399
-6382
-6572
-6051
-5486
-5141
-4311
-3604
-3016
-1130
1903
4608
5674
5284
4837
4617
3806
1986
119
-924
-1975
-3222
-4072
-4635
-4735
-4737
-4740
-3651
-2305
-2121
-2017
-696
1891
4976
7078
8414
10483
12645
14367
16044
15056
8547
-1629
-10504
-14278
-14050
-14041
-14034
-10258
-3937
1045
4510
7623
9477
7120
996
-2468
-183
3607
4736
4306
6482
10570
12103
11035
9110
5658
-170
-7135
-11416
-11244
-9933
-9981
-9370
-6072
-1562
1942
3881
4212
3080
840
-590
416
1794
1872
1254
882
1628
2186
1548
827
-735
-3574
-5381
-4680
-2477
-1154
-1878
-3227
-3918
-4487
-5436
-5889
-5178
-4277
-3995
-2667
1034
5014
6698
6295
5103
3806
2083
-1052
-4185
-5082
-4626
-3782
-2025
185
1852
2078
952
150
16
-791
-2731
-4445
-3715
-547
3300
7142
10175
11926
13545
14842
13630
7765
-1924
-10522
-14272
-14413
-13469
-11101
-6161
-753
2403
4285
6646
7666
4096
-2383
-5546
-2940
1307
3231
4261
7308
10829
11780
10742
9274
6202
150
-6741
-10600
-10667
-9634
-9321
-8280
-5207
-1811
608
2577
3714
2863
304
-1314
56
2610
3813
4120
4827
5554
4978
2879
333
-2529
-6238
-9145
-8559
-5075
-2194
-1412
-1506
-1409
-1467
-2647
-4027
-4145
-3984
-4449
-3705
-41
4651
7127
6913
5701
4645
2973
-271
-3536
-5070
-5415
-5206
-3809
-888
2031
3109
2683
2335
2230
909
-1600
-3586
-3651
-1633
1157
4516
8385
11107
12853
14167
13068
7342
-2373
-11076
-14824
-14980
-14211
-12191
-6871
-377
3289
4644
6317
7652
4919
-1331
-5057
-3423
154
1705
2403
5646
9571
10226
8360
6580
4366
-453
-6807
-10331
-9296
-6950
-6237
-5573
-2973
-52
1321
1558
1417
392
-1613
-2725
-1497
1255
3442
4271
5140
6242
5961
4068
1188
-2429
-6018
-8143
-7480
-4949
-2917
-1992
-1351
-814
-1390
-3275
-4845
-5047
-4774
-4774
-3452
591
5517
8464
8813
8339
8012
6365
2763
-1162
-3614
-4732
-5532
-5149
-2845
272
2190
2092
1569
1426
524
-1698
-3854
-4043
-2385
568
4899
9795
14005
16306
16981
15585
9163
-1273
-11261
-17100
-17731
-16721
-14596
-8719
-1857
2413
4546
6053
7004
4575
-1477
-5360
-3284
1264
3503
4352
7143
10939
12168
10032
6854
3045
-3021
-9610
-13064
-11882
-8546
-6569
-4872
-1741
1281
2678
2320
995
-1100
-4033
-5509
-4034
-963
1942
3777
5511
7238
7022
4848
1739
-2029
-5936
-8741
-8670
-6015
-3159
-1474
-439
696
555
-1963
-4719
-5774
-5660
-5469
-4404
-880
4130
8165
9792
9893
9484
7201
2751
-1648
-4246
-5446
-6398
-6390
-4094
-430
2553
3677
3683
3576
2299
-712
-3431
-3797
-1885
1086
4119
7406
11442
15026
16755
15204
8623
-1218
-10059
-15168
-16328
-15435
-12777
-7201
-605
4090
6840
8864
9656
6849
694
-3794
-3613
-1229
229
1148
3859
7598
9245
8034
5756
3142
-1226
-6701
-10352
-10768
-9165
-7396
-5126
-1522
1806
3232
3217
2316
516
-2147
-4563
-4938
-3398
-1690
-92
2138
4200
4955
4173
1762
-1397
-4797
-7569
-7739
-5934
-3975
-2311
-634
999
1232
-307
-2075
-3148
-3879
-4710
-4503
-1832
2164
5432
7186
7790
7272
5055
1739
-1354
-3567
-4971
-5794
-5287
-2569
971
3639
5124
5615
5350
3790
995
-1780
-3325
-3128
-1372
1814
6019
10118
13239
15216
14987
10109
1134
-7523
-12661
-14190
-14322
-13544
-8965
-1575
4321
7669
9273
9618
7045
844
-4263
-4644
-2254
-412
651
3738
8731
11613
10969
8554
5058
-300
-6829
-11612
-12652
-11176
-9536
-7420
-3518
813
3428
3929
3130
1403
-1541
-4616
-5886
-5124
-3527
-1817
483
3130
4462
3978
2463
303
-2987
-6506
-7879
-6847
-4941
-3601
-2830
-1192
368
93
-805
-1216
-1470
-2312
-3089
-1652
1476
4059
5013
5055
5266
4364
1720
-939
-2505
-3234
-3944
-4021
-2033
1063
3399
4557
5430
6281
5530
2833
23
-1339
-995
256
2205
5067
8158
10786
12465
12299
8278
402
-7257
-11557
-12623
-12386
-11374
-7148
-831
3542
5817
7175
7686
5493
-84
-4164
-3331
-397
1128
1583
3740
7322
9035
8096
6453
4406
361
-5104
-8859
-9409
-8443
-7934
-7119
-4621
-1761
10
1101
1847
1523
-590
-2768
-2645
-948
288
583
1245
2486
2680
1338
-497
-1982
-3838
-5954
-6430
-5162
-3393
-2236
-1783
-921
-551
-1702
-2862
-3012
-2569
-2503
-2528
-884
2193
4466
5132
5106
4748
3406
816
-1620
-2444
-2587
-3379
-3859
-2465
332
2761
3880
4393
4904
4368
2275
335
-236
-86
573
2231
4882
7679
9367
10324
11090
8839
1802
-6301
-11080
-11747
-10993
-10723
-8160
-2267
2584
4138
4426
5164
4698
550
-4201
-4282
-361
2709
3049
3818
7103
9954
9482
6837
3852
196
-4600
-8594
-9293
-7574
-6287
-5581
-3655
-762
1172
1394
689
-228
-1585
-2969
-2720
-686
1373
2595
3786
5324
5947
4340
1339
-1420
-4222
-6728
-7558
-6410
-4203
-2942
-2702
-1674
-392
-737
-2362
-3337
-2910
-2064
-1403
244
3291
5860
6260
5240
4430
3346
1057
-1853
-3741
-4168
-4693
-5057
-3743
-983
1698
2814
3008
3513
3229
1497
-456
-1234
-416
967
2687
5572
8700
10862
12118
12000
8575
640
-8610
-14331
-15408
-14287
-12910
-9264
-2447
3454
6184
7369
8198
7108
2185
-3661
-5023
-1815
1380
2430
3852
7366
10401
10608
8670
5806
1568
-4233
-9056
-10493
-9230
-7552
-6265
-3995
-938
1071
1846
1798
836
-1155
-3072
-3101
-1421
556
2131
3649
5393
6075
4906
2974
621
-2642
-6016
-7494
-6573
-4800
-3653
-3158
-1942
-514
-718
-1987
-2618
-2198
-1633
-1168
537
3523
5801
6284
5534
4456
2958
312
-2670
-4403
-4853
-5130
-5053
-3593
-1189
1206
2805
3546
4154
3834
2045
63
-1207
-1376
-796
685
3521
6565
8819
10186
11132
10390
4721
-4395
-11577
-14142
-13125
-11807
-10105
-4893
1747
5708
7331
8324
8480
5458
-804
-4916
-3587
-190
1184
1229
3111
6666
8768
8311
6693
3880
-1047
-6775
-10503
-10497
-8342
-6775
-5430
-3394
-1106
989
2098
1784
75
-2119
-2937
-1464
999
2580
3556
4455
4929
4782
3521
1608
-1005
-4695
-7208
-7106
-5322
-3721
-3362
-2734
-1383
-614
-816
-1397
-1353
-1149
-1475
-531
2480
5260
5890
4955
4300
4096
2532
-908
-3990
-5099
-5180
-5225
-4423
-2077
472
1863
2535
3531
4421
3455
851
-824
-322
1376
2616
3637
5542
7395
8710
10072
11078
9495
2770
-6449
-12272
-13113
-11277
-9579
-7569
-2760
2528
5502
7256
8151
7263
3170
-2423
-4327
-1803
1070
1429
752
2359
5635
7684
7601
5655
2377
-1959
-6435
-9069
-9334
-8454
-7662
-6754
-4828
-2291
140
1431
636
-1364
-2945
-2763
-989
942
2631
4204
5325
5647
4912
3469
1438
-1888
-5468
-6936
-6099
-4819
-4117
-3629
-2715
-1642
-1594
-2368
-2573
-2277
-2336
-2103
-150
3071
5386
5926
5481
4964
4239
2025
-1551
-4559
-6206
-6646
-5758
-3707
-1062
1332
2781
3707
4680
4806
3299
778
-802
-139
1529
3252
5063
6744
8405
9785
11035
11701
8966
1345
-7678
-13050
-13660
-11841
-9706
-6855
-1858
3239
6531
8795
9511
7650
2650
-2966
-4317
-1950
187
494
324
2570
6444
8736
8639
6284
2288
-2375
-6807
-9507
-9984
-9464
-8785
-7375
-4917
-1564
1649
2512
770
-1928
-3783
-3415
-1685
146
1909
3435
4721
5464
5385
4192
1508
-2103
-5335
-6661
-6171
-5499
-5021
-4297
-2996
-1549
-1080
-1450
-2005
-2372
-2237
-1642
26
2480
4150
4796
4859
4650
3903
1759
-1291
-3690
-4660
-4717
-4313
-3244
-1545
204
1599
2740
3688
3887
2687
1138
724
1468
2764
3963
5190
6878
8323
9315
10294
9897
5878
-1690
-9260
-13013
-12805
-11118
-9255
-6142
-1126
3968
7462
9196
9169
6647
1646
-2699
-3529
-1755
-319
-372
485
3894
7725
9263
7903
4869
1258
-2770
-6413
-8039
-7375
-6159
-5310
-4136
-1877
919
2265
1188
-1385
-3747
-4530
-3605
-1624
517
2046
3155
4207
5058
5164
3588
445
-2945
-5216
-5519
-4514
-3517
-3124
-3129
-2865
-2523
-2610
-3134
-4075
-4890
-4754
-3211
-318
2823
4828
5568
5764
5566
4294
1547
-1830
-4252
-5099
-4884
-4034
-2877
-1580
-207
1085
2371
3316
2966
1290
-239
-232
1267
3209
4865
6477
8324
9980
11075
10739
7410
384
-8116
-13765
-14837
-13084
-10841
-8410
-4232
1356
6117
9077
9927
8217
4164
-195
-1788
-415
1198
1179
880
2989
6823
9304
8939
6134
2172
-2268
-6409
-8472
-7946
-6315
-4925
-3487
-944
2300
4175
3309
317
-3113
-5333
-5506
-3953
-1566
692
2555
4517
6356
7197
6144
2982
-1091
-4505
-5992
-5515
-4439
-3701
-3211
-2484
-1694
-1677
-2560
-3735
-4765
-5339
-4750
-2426
893
3766
5444
6340
7090
6724
4193
398
-3012
-4938
-5602
-5711
-5086
-3766
-2117
-324
1438
2951
3075
1350
-886
-1933
-994
1142
3563
5955
7886
9474
10935
11783
10180
3883
-5297
-12456
-15013
-13969
-12085
-9781
-5405
-11
4314
7219
9045
9158
5769
164
-2940
-1545
1144
1721
1183
2425
5741
8323
7999
5620
2285
-1931
-6064
-8323
-7854
-5847
-4026
-2423
-222
2288
3808
3237
713
-2581
-5194
-5812
-4111
-1118
1757
3777
5018
5981
6411
5609
3275
-354
-3683
-5040
-4450
-3015
-1968
-1476
-853
-548
-1115
-2245
-3328
-3854
-4140
-3942
-2158
1071
4222
5980
6551
7001
6843
4672
763
-3058
-5252
-6118
-6657
-6340
-4533
-2239
-512
703
1980
2780
1446
-1490
-3290
-2696
-680
1481
3586
5996
8412
10356
11652
11026
6147
-2527
-10684
-14621
-14444
-12795
-10717
-7025
-2030
2507
6054
8595
9085
6091
549
-3260
-2716
-107
1340
1515
2585
5360
7877
8332
6765
3323
-1723
-6746
-9328
-8523
-6286
-4726
-3587
-1619
1350
3910
4583
2977
-5
-2761
-3802
-2425
206
2577
4163
4971
5521
5763
5111
3266
97
-3314
-5066
-4541
-2587
-954
-417
-295
-353
-838
-1787
-2783
-3650
-4613
-4976
-3520
-98
3699
5909
6743
7179
6934
5255
2019
-1427
-4061
-6047
-7195
-6836
-5021
-2922
-1352
-81
1289
2306
1688
-482
-2424
-2824
-1437
1059
3692
6096
8031
9432
10466
10157
6668
-368
-8396
-13577
-14355
-12397
-9812
-6843
-2962
1183
4669
7140
8026
6403
2083
-2222
-3137
-875
1643
2314
2242
3559
5748
6888
6110
3524
-358
-4719
-7870
-8074
-6063
-4154
-3146
-1960
340
2872
3707
2296
-369
-2986
-4127
-3200
-753
2026
3904
4917
5690
6189
5869
4123
1091
-2222
-4370
-4383
-2862
-1403
-1038
-1323
-1451
-1572
-2162
-3162
-4200
-4836
-4661
-3389
-872
2139
4396
5690
6453
6736
6028
3852
771
-2083
-3993
-4770
-4617
-3918
-3122
-2291
-1113
425
1660
1467
-144
-1773
-2157
-814
1615
4128
6253
7629
8608
9463
9092
5981
-315
-7367
-11680
-12287
-10524
-8078
-5330
-2251
508
2804
4863
6141
5050
1339
-1940
-1803
1077
3637
4213
4100
4677
5320
5095
3895
1800
-1465
-5400
-7983
-7666
-5335
-3355
-2670
-2065
-497
1421
2225
1323
-628
-2500
-3232
-2319
-1
2578
4099
4247
3743
3508
3337
2176
-340
-3231
-4802
-4338
-2668
-1048
-334
-640
-1524
-2494
-3076
-3349
-3841
-4640
-4915
-3701
-1071
1868
3979
5184
5803
5733
4758
2907
755
-1138
-2529
-3067
-2636
-1472
-332
155
357
590
708
284
-769
-1675
-1649
-254
2332
5245
7616
8865
9160
8675
6640
2390
-3349
-8508
-11353
-11650
-9856
-6481
-2496
662
2251
3133
4063
4297
2811
195
-1258
-300
2061
4262
5665
6388
6341
5320
3798
2182
54
-2994
-6190
-7761
-6835
-4498
-2498
-1508
-1042
-426
280
529
34
-1035
-1938
-1877
-650
1288
3069
3790
3237
1995
804
-80
-1105
-2504
-3743
-3891
-2792
-1296
-248
-81
-627
-1581
-2752
-3703
-4134
-4102
-3778
-3104
-1785
238
2412
3905
4390
4177
3607
2721
1400
-108
-1252
-1692
-1332
-395
719
1544
1782
1453
885
280
-493
-1397
-2072
-1789
-93
2582
5271
7121
7956
7819
6395
3358
-848
-4837
-7555
-8900
-8768
-6805
-3138
716
2861
3316
3211
2896
1802
-229
-1836
-1637
-20
1892
3711
5465
6626
6227
4332
2044
21
-1990
-4202
-5817
-5912
-4559
-2744
-1301
-372
71
95
-176
-613
-1038
-1383
-1475
-1106
-308
607
1208
1309
742
-378
-1439
-2040
-2271
-2485
-2715
-2493
-1574
-289
768
1110
573
-512
-1516
-1972
-1808
-1358
-1024
-728
-95
1080
2478
3334
3217
2409
1551
1045
805
584
334
261
534
1280
2353
3098
2839
1457
-270
-1486
-2096
-2505
-2735
-2167
-429
2116
4773
6801
7410
5943
2618
-1174
-3909
-5388
-6389
-6971
-6327
-3768
-122
2654
3666
3143
1833
415
-652
-852
-221
676
1694
3195
5159
6707
6626
4593
1531
-1413
-3596
-5033
-5845
-6018
-5433
-3961
-1993
-160
845
702
-145
-1123
-1658
-1479
-951
-433
11
581
1336
1920
1916
1070
-380
-2028
-3297
-3596
-3111
-2401
-1872
-1221
-20
1357
2183
1951
930
-282
-1310
-1672
-1218
-469
-36
-2
295
1172
1988
2068
1359
594
346
548
1101
1711
2125
2342
2498
2930
3311
2809
1431
-291
-1616
-2106
-2264
-2279
-1829
-764
1219
3397
4490
4012
1905
-537
-2079
-2848
-3114
-3395
-3469
-2766
-1521
134
1423
1462
286
-1255
-1629
-438
1195
2384
3103
3977
5063
5534
4939
3247
734
-2067
-4306
-5097
-4587
-3823
-3523
-3370
-2617
-1349
-468
-492
-1045
-1573
-1604
-869
478
2084
3102
3011
2415
1835
1293
419
-1261
-3041
-4076
-4238
-3537
-2483
-1507
-728
-231
314
976
1280
928
154
-367
-311
185
755
1000
802
175
-487
-727
-637
-436
-296
-62
581
1562
2645
3450
3709
3500
3099
2753
2357
1515
327
-706
-1298
-1500
-1540
-1527
-1275
-862
-557
-270
-103
-3
106
172
611
1357
2007
2265
1766
859
65
-570
-1269
-2168
-2683
-2240
-1025
541
2022
3310
4132
4089
3414
2440
1176
-666
-2839
-4269
-4297
-3392
-2348
-1513
-936
-639
-822
-1282
-1524
-1663
-1921
-2139
-1701
-137
1789
3064
3303
2651
1576
180
-1371
-2573
-3311
-3680
-3753
-3270
-1946
-267
855
908
437
118
-22
-175
-386
-214
474
1087
1305
1136
737
118
-924
-1946
-2256
-1674
-631
360
1434
2678
3753
4335
4035
3092
2059
1153
707
632
609
575
531
467
367
130
-394
-1250
-2448
-3373
-3142
-1753
4
1293
2181
3128
3809
3692
2735
1283
-356
-2136
-3432
-3354
-1961
-218
994
1910
3099
4187
4364
3444
1891
137
-1566
-2905
-3437
-3203
-2741
-2291
-1666
-617
353
463
-322
-1579
-2767
-3399
-3306
-2565
-1441
-343
697
1880
2929
3084
1944
51
-1685
-2746
-3142
-2917
-2196
-1443
-776
-28
856
1435
916
-456
-1593
-1874
-1309
-421
538
1465
1775
1435
889
362
-240
-1265
-2336
-2488
-1574
-88
1573
3044
4100
4466
3968
3071
2093
989
2
-553
-500
14
527
900
1136
961
389
-446
-1383
-2129
-2504
-2080
-879
464
1567
2207
2391
2268
1650
635
-456
-1479
-2059
-1884
-875
678
1985
2687
2910
2798
2331
1439
189
-1250
-2562
-3414
-3383
-2538
-1485
-771
-503
-273
116
359
124
-624
-1467
-1824
-1532
-510
842
1860
2237
2040
1820
1694
1232
163
-1247
-2350
-2742
-2404
-1562
-659
-218
-368
-664
-757
-823
-1323
-2127
-2399
-1782
-606
544
1403
2009
2081
1560
922
450
33
-541
-1021
-736
363
1588
2338
2518
2286
1682
824
-25
-689
-1218
-1588
-1426
-591
515
1190
1158
747
156
-436
-898
-1133
-1139
-1160
-955
-143
947
1601
1359
604
59
-173
-245
-210
-61
181
527
1142
1936
2376
2042
1080
78
-665
-1322
-1876
-2205
-2259
-2101
-1813
-1255
-632
-329
-438
-666
-685
-514
-282
-59
289
767
1197
1491
1716
1934
1968
1672
1167
626
97
-490
-1103
-1608
-1915
-2004
-1921
-1640
-1209
-857
-726
-781
-926
-1100
-1183
-967
-421
208
736
1343
2115
2738
2835
2354
1676
1047
454
-23
-170
121
574
847
963
978
795
403
-151
-685
-1094
-1276
-1040
-454
216
664
693
446
218
40
-149
-329
-515
-642
-642
-327
361
896
866
401
-42
-134
14
274
528
604
571
519
569
594
200
-577
-1452
-2032
-2056
-1796
-1447
-1112
-914
-836
-942
-1075
-1113
-1137
-1177
-1162
-764
87
991
1508
1552
1416
1247
1061
834
512
138
-228
-467
-525
-509
-571
-845
-1306
-1697
-1774
-1538
-1213
-1011
-826
-487
14
611
1088
1385
1559
1656
1782
1895
1914
1827
1594
1329
1088
882
769
575
257
-73
-332
-438
-483
-526
-432
-213
118
438
601
672
626
485
300
119
60
91
155
244
366
517
572
444
217
15
-109
-217
-321
-304
-129
125
356
507
564
471
172
-256
-653
-922
-1070
-1128
-1075
-884
-620
-430
-417
-593
-873
-1152
-1355
-1397
-1274
-1039
-683
-291
73
368
542
578
458
244
71
-33
-79
-86
-91
-101
-139
-230
-395
-638
-943
-1221
-1368
-1351
-1176
-862
-468
-55
351
715
984
1107
1068
948
845
802
832
897
967
1025
1015
905
717
432
47
-352
-660
-754
-629
-353
-14
322
640
866
963
888
637
317
54
-26
105
383
725
1022
1193
1207
1082
816
380
-195
-736
-1030
-996
-732
-355
15
313
503
558
452
161
-205
-534
-741
-748
-579
-309
-39
94
89
-35
-253
-541
-888
-1184
-1314
-1238
-989
-647
-261
69
275
365
374
311
117
-179
-444
-572
-602
-602
-580
-520
-448
-421
-426
-423
-468
-599
-724
-738
-592
-353
-79
226
533
794
979
1080
1072
898
627
390
288
295
301
325
367
401
370
255
100
-93
-281
-397
-366
-181
97
384
620
755
766
663
458
200
-51
-183
-131
76
397
711
905
922
758
482
89
-373
-781
-1005
-958
-695
-342
26
347
530
545
383
91
-232
-524
-706
-721
-556
-264
33
242
346
285
59
-268
-576
-776
-861
-808
-581
-194
242
573
690
610
387
71
-280
-608
-842
-908
-770
-459
-81
212
336
308
157
-75
-339
-568
-667
-601
-375
-43
327
658
839
813
617
330
55
-148
-244
-162
81
378
619
756
772
629
308
-78
-384
-547
-569
-456
-208
113
381
490
459
352
176
-39
-215
-239
-102
104
344
607
817
859
705
425
98
-222
-480
-607
-602
-495
-312
-100
83
159
115
-12
-170
-320
-423
-423
-334
-176
3
154
258
282
212
57
-131
-298
-414
-467
-435
-323
-183
-51
43
95
97
39
-61
-185
-284
-329
-331
-273
-147
26
201
318
376
369
275
110
-79
-253
-381
-439
-403
-270
-91
81
218
310
328
258
141
16
-65
-80
1
187
414
617
743
784
717
530
249
-59
-301
-445
-470
-380
-202
18
186
282
319
299
244
180
143
138
186
290
413
502
502
412
256
60
-152
-352
-516
-605
-605
-535
-419
-298
-220
-206
-243
-302
-383
-458
-488
-467
-372
-198
9
189
306
345
304
209
58
-124
-301
-432
-482
-454
-386
-302
-234
-216
-233
-246
-230
-206
-184
-121
-4
117
203
229
224
219
192
133
73
31
1
-32
-80
-134
-183
-193
-160
-69
74
225
362
488
563
547
439
285
153
49
-9
-20
48
154
200
176
128
95
13
-118
-191
-160
-16
220
479
722
904
952
842
617
373
128
-119
-295
-313
-193
-82
-31
45
140
137
69
-16
-101
-184
-304
-389
-383
-325
-336
-362
-281
-159
-71
30
160
296
361
353
350
344
285
132
-30
-154
-306
-525
-743
-887
-1005
-1124
-1159
-1005
-713
-428
-160
105
297
353
278
185
162
126
47
53
175
244
127
-180
-544
-823
-1026
-1163
-1139
-890
-449
81
571
902
1047
983
686
309
1
-191
-224
-101
122
377
569
610
491
253
-29
-289
-372
-190
162
573
965
1264
1407
1319
1013
576
99
-290
-504
-471
-232
71
335
556
726
755
635
389
119
-97
-246
-320
-356
-373
-391
-370
-329
-288
-212
-153
-52
120
274
439
581
592
506
374
213
57
-121
-406
-780
-1104
-1342
-1444
-1401
-1258
-1006
-650
-176
309
624
638
444
215
-34
-342
-608
-646
-475
-235
-56
-31
-144
-345
-646
-997
-1197
-1148
-828
-287
280
753
1067
1169
1019
621
118
-195
-245
-194
-74
183
492
672
646
428
180
33
-25
-10
134
418
696
857
873
798
669
478
273
111
40
21
-9
-17
42
107
161
221
260
284
365
432
342
155
-55
-297
-539
-678
-665
-554
-359
-127
97
278
328
235
80
-71
-157
-156
-81
51
174
190
82
-120
-386
-666
-879
-973
-924
-701
-382
-63
187
291
275
181
14
-219
-422
-483
-419
-301
-169
-21
90
94
12
-91
-190
-284
-339
-308
-188
-16
166
316
441
522
479
349
217
81
-79
-181
-179
-112
-21
81
205
299
334
307
242
185
127
70
60
102
177
239
262
264
240
170
85
13
-40
-61
-35
33
98
139
151
132
91
30
-48
-121
-163
-182
-174
-125
-58
5
33
31
29
30
24
16
-4
-43
-56
-44
-48
-65
-84
-105
-131
-158
-178
-177
-174
-177
-164
-139
-104
-73
-46
-13
9
8
-23
-67
-96
-105
-114
-115
-88
-29
25
61
89
98
76
36
2
-3
24
65
121
169
192
194
168
116
40
-35
-89
-93
-51
6
60
122
183
203
184
133
67
-3
-53
-67
-38
29
96
133
116
65
-9
-96
-150
-148
-103
-13
99
199
243
200
111
-15
-148
-258
-327
-327
-275
-198
-131
-96
-90
-98
-109
-109
-93
-59
-10
50
115
155
154
98
11
-63
-132
-193
-222
-233
-220
-176
-112
-61
-31
-2
24
50
69
81
90
96
99
95
85
67
37
13
-5
-12
10
46
87
122
154
189
210
219
205
183
155
119
83
56
32
12
1
-5
-4
10
44
86
115
126
117
105
88
74
56
24
0
-17
-42
-80
-117
-143
-147
-125
-86
-34
20
66
83
65
15
-54
-112
-160
-180
-160
-111
-62
-20
20
24
-6
-59
-126
-177
-200
-190
-135
-50
35
93
99
70
26
-32
-97
-147
-154
-114
-46
22
79
105
91
40
-30
-91
-129
-129
-92
-26
47
103
128
117
79
22
-39
-81
-86
-44
17
88
152
182
174
132
69
-4
-64
-103
-105
-66
0
71
114
119
93
42
-15
-63
-95
-91
-51
13
79
130
157
152
114
58
-1
-45
-63
-61
-41
-10
19
39
36
14
-13
-37
-57
-68
-60
-28
13
40
52
50
37
8
-28
-55
-64
-59
-45
-28
-15
-16
-28
-46
-56
-53
-42
-19
3
22
32
28
10
-17
-48
-70
-72
-54
-24
-2
15
23
17
0
-16
-32
-40
-39
-22
6
31
41
36
29
20
14
7
-2
-15
-26
-26
-25
-24
-22
-13
-1
16
36
51
52
30
5
-11
-25
-29
-31
-22
-4
5
11
8
0
-15
-29
-34
-18
10
38
61
75
76
60
31
1
-35
-68
-83
-80
-62
-32
7
45
66
74
67
48
22
-4
-21
-29
-25
-10
2
12
15
16
10
-2
-5
-4
-2
-5
-10
-7
2
8
4
-6
-15
-23
-32
-36
-30
-22
-11
9
32
45
49
51
41
30
16
-3
-18
-22
-16
-5
6
18
25
27
18
1
-11
-17
-14
-7
11
34
48
49
40
22
-11
-41
-54
-51
-38
-20
-6
7
15
15
9
-1
-7
-6
0
15
28
34
36
33
26
15
3
-7
-21
-33
-35
-33
-28
-18
-7
0
4
13
18
24
29
33
30
25
21
17
14
14
17
23
33
39
40
32
13
-10
-29
-36
-35
-26
-7
14
30
40
38
24
2
-17
-33
-40
-35
-14
11
38
58
58
38
12
-9
-29
-42
-50
-44
-30
-11
5
4
-8
-31
-54
-65
-69
-57
-33
1
37
65
69
46
7
-36
-75
-100
-97
-64
-22
15
39
48
39
7
-35
-67
-78
-65
-28
15
53
73
62
31
-12
-52
-75
-75
-48
-8
34
66
79
65
34
-4
-42
-64
-60
-34
4
40
65
65
49
21
-7
-31
-40
-31
-9
19
41
52
49
38
15
-8
-28
-33
-23
-7
18
39
46
39
23
2
-22
-38
-39
-31
-12
7
23
34
32
17
-3
-14
-15
-11
-1
13
26
31
19
-4
-20
-38
-45
-44
-34
-9
18
37
34
16
-7
-29
-44
-53
-50
-34
-12
10
23
36
43
36
17
-8
-25
-32
-36
-30
-13
9
31
43
44
29
7
-13
-32
-44
-50
-37
-15
4
23
30
23
5
-18
-40
-56
-55
-42
-23
3
21
24
17
18
10
-6
-8
-4
7
18
18
13
8
3
-7
-9
-7
-10
-20
-24
-16
-14
-10
-5
4
14
26
35
42
37
30
21
4
-1
0
-3
-13
-9
1
7
8
1
-8
-19
-15
-12
-9
8
28
35
36
35
28
22
0
-21
-25
-10
5
17
30
30
21
4
-17
-30
-36
-22
0
5
18
32
25
5
-11
-16
-17
-16
-19
-20
-9
9
14
7
-6
-8
-11
-17
-20
-7
7
13
14
13
15
6
-4
-23
-37
-45
-28
1
19
21
10
6
14
11
-6
-15
-7
8
3
6
9
8
7
-8
-24
-30
-23
-12
1
13
19
26
24
18
5
-1
5
9
11
2
0
4
14
17
5
-5
-3
6
9
1
-10
-23
-17
-7
-13
-16
-19
-8
-1
4
14
25
17
4
13
15
14
15
15
14
14
17
15
13
6
0
-2
-8
-11
-6
8
14
13
14
7
6
13
1
-4
-1
-2
4
10
9
3
10
19
14
1
-7
-4
10
20
10
5
8
8
-7
-26
-30
-18
-3
4
2
-5
-10
-11
-18
-17
-17
-15
-17
-23
-16
-8
-4
1
0
-3
-1
6
11
3
2
8
6
1
-4
-6
-6
-4
-10
-9
-2
-1
1
-3
-6
-9
-4
-1
-1
-1
3
2
3
7
8
5
0
5
14
14
10
4
-5
-8
-8
-5
0
3
6
3
-3
-3
-2
-4
-9
-9
1
7
10
5
4
0
-6
-7
-8
-2
5
9
8
6
-2
-8
-11
-11
-10
-9
-8
-6
-4
-8
-10
-11
-11
-10
-6
3
4
0
-4
-7
-8
-10
-8
-7
-5
0
1
-1
-9
-8
-7
-5
-6
-10
-11
-7
-3
3
7
3
-1
-3
-3
-1
-3
-2
-5
-9
-8
-2
5
5
1
-4
-12
-10
-4
1
5
7
15
16
9
5
1
-3
-3
-1
0
2
5
6
5
6
2
-4
-7
-7
-8
-5
-3
3
9
8
11
10
4
1
1
4
10
18
18
18
20
17
7
0
-4
-6
-9
-9
-7
0
4
5
1
-1
-1
0
2
3
7
13
23
25
18
10
4
0
-3
-5
-1
2
3
3
-1
-1
-4
-3
0
1
3
6
4
4
3
0
-1
-4
-4
-1
4
4
-1
1
3
6
2
-3
-6
-7
-3
1
3
5
8
7
4
0
-2
-7
-9
-12
-11
-9
-5
1
1
0
-4
-7
-10
-11
-11
-9
-2
4
7
7
9
5
1
-2
-5
-6
-7
-2
1
0
-4
-6
-4
-2
2
2
6
7
2
-1
-1
-1
-3
-3
-1
2
2
2
1
0
-3
-5
-3
1
2
-1
1
2
-2
-4
-7
-7
-3
1
1
3
1
2
4
0
-2
-4
-1
0
2
2
2
2
0
-1
-2
-3
-4
-4
-5
-3
0
0
0
-2
-5
-6
-4
0
-1
-1
0
-1
1
-1
1
0
-1
-1
0
1
-3
-3
-2
-3
-1
0
1
2
-1
-2
-1
-2
-1
-4
-4
-2
-3
-2
0
-1
1
2
3
1
0
1
0
3
3
3
3
-1
-3
-2
-1
-2
-3
-2
1
0
-1
-1
1
0
0
-3
-3
-3
0
3
3
-1
-3
-1
-1
-1
-2
-2
-2
0
1
0
-2
-3
-2
-1
-3
-5
-3
-1
-1
-2
-1
1
0
0
0
1
0
-2
-6
-5
-2
0
2
1
-1
0
-4
-6
-5
-3
2
2
2
3
2
-1
-2
-4
-3
-1
1
1
3
3
1
-1
0
2
0
0
0
1
0
0
0
0
2
2
1
-1
-2
1
2
2
-1
1
0
5
4
-1
0
1
1
0
0
0
0
-1
-1
0
2
1
2
2
7
6
5
7
2
0
3
4
4
5
5
7
11
9
5
3
6
5
1
3
9
10
13
12
10
9
7
7
1
0
2
4
5
5
3
2
2
0
-2
-2
0
0
1
0
1
0
1
2
1
3
2
0
-3
-2
-2
-2
-4
-2
0
-1
-6
-6
-5
-6
-6
-5
-2
0
0
0
0
-2
-4
-6
-4
-1
-1
1
0
-2
-5
-6
-5
-3
-1
-1
-3
-2
-1
-4
-6
-5
-5
-2
0
2
1
5
6
7
5
3
0
0
2
4
5
3
4
4
2
1
1
0
0
1
2
0
0
0
1
-2
-3
-2
-1
1
-1
-4
-2
-2
0
2
2
3
2
1
0
0
0
-2
-3
-3
-4
-1
-3
-1
-1
-1
-3
-4
-3
-5
-4
0
2
1
1
3
2
0
-2
-5
-4
-4
-3
-3
-1
-1
1
-1
1
0
-4
-3
-3
-1
0
-1
3
2
0
-1
-1
-1
1
2
2
3
3
5
4
2
4
4
3
4
5
5
4
2
0
0
-3
-2
-1
-4
-8
-6
-3
-5
-5
-2
2
1
1
-4
-2
0
-4
-4
-3
0
2
3
2
1
1
-1
2
3
0
-1
-1
-1
-3
-5
-5
-3
0
-1
-2
-2
-2
-6
-6
-4
-5
-2
1
0
0
-3
-2
-1
-2
-2
-1
0
2
2
1
2
3
1
3
2
2
2
0
0
0
-4
-4
-2
4
7
7
4
5
3
1
-1
-1
3
3
4
4
4
6
4
0
-1
0
1
-1
-2
-1
1
1
0
-1
0
2
5
6
6
3
4
5
5
1
1
6
7
6
7
5
1
1
-1
-2
0
2
1
0
2
2
1
-1
-1
-1
0
4
1
1
-1
1
5
0
-2
-2
-2
0
-1
-2
2
1
-2
-3
-1
3
-2
-2
1
-3
-2
0
1
0
-1
0
-2
-4
-4
0
3
1
1
0
-1
-3
-6
-3
2
0
0
-1
0
-1
-4
-3
0
0
0
0
1
-1
-1
-2
-6
-3
-2
-5
-2
-2
0
2
3
4
2
-3
-3
1
0
-3
-2
4
4
0
0
5
5
-1
-3
1
4
0
0
3
4
4
2
3
2
-3
-4
2
6
2
1
7
10
4
-1
2
5
1
-1
3
5
1
0
2
0
-1
-5
-4
0
-2
-7
-5
2
3
-3
-3
-1
-1
-6
-7
-3
-3
-1
-2
0
0
1
-1
-2
-3
-5
-6
0
5
2
-2
-4
-5
-1
0
0
0
0
0
0
-2
-6
-7
-8
-3
-2
-5
-3
4
5
2
2
3
2
-2
-3
-1
1
-1
-2
0
0
2
2
2
4
1
-1
0
0
-3
-3
-1
1
-2
-2
1
1
-1
-6
-2
1
-2
-6
-2
-3
-5
-2
0
1
-4
-5
1
2
-3
-2
1
0
-2
-4
-1
2
0
0
-2
-2
-3
-5
-4
-2
-1
1
3
2
-2
-4
-2
-1
-3
-6
-4
2
4
3
2
-2
-1
-1
-1
1
0
-1
1
0
-1
0
1
-1
0
0
1
1
0
1
0
1
0
3
4
1
0
0
2
1
0
3
2
1
3
2
0
0
2
4
2
2
1
4
4
2
2
2
2
0
0
0
3
4
4
4
5
5
2
1
1
2
4
5
2
3
6
4
5
5
0
0
0
0
1
3
4
7
7
3
1
0
0
0
0
1
5
4
3
3
1
0
-1
-1
-1
-1
3
4
0
1
-1
0
-1
-1
0
-4
-1
0
-3
-2
0
0
2
1
0
-3
-3
-2
-2
-5
-4
-1
-2
1
1
0
-1
1
2
0
0
-1
-2
-4
-2
-4
-2
0
-2
-2
-1
-1
-3
-6
-2
-2
-3
-1
0
1
0
0
0
-1
0
0
-1
-1
0
1
0
1
2
0
0
-1
-4
-3
-2
0
0
2
2
2
1
1
0
-1
-2
0
1
1
1
-1
-1
0
0
-2
-3
-3
0
0
-1
-2
-1
1
-1
0
-2
-3
-1
0
0
1
3
2
2
2
3
0
0
1
1
0
0
-1
0
-1
0
-1
0
0
0
0
-1
-1
-3
-3
0
0
-1
-1
0
0
1
-1
-1
-2
-2
-1
-2
-1
0
0
0
0
0
-2
-2
-2
0
1
-1
-2
-2
0
0
-1
-1
-1
0
0
-2
-2
0
-1
-1
-1
-2
-3
-2
0
-2
-1
-2
0
1
0
0
-2
-2
0
1
0
1
1
0
0
-2
-3
-2
-3
-2
-2
0
0
1
1
-1
-1
-2
0
-1
-1
-1
1
3
2
1
1
2
2
1
2
3
2
1
0
0
0
-1
1
1
0
0
0
-2
-4
-4
-1
2
4
3
4
3
1
0
1
-1
0
2
3
2
2
1
2
3
1
-1
0
0
1
1
-2
0
1
2
0
0
0
-1
0
1
3
4
6
4
3
1
0
0
0
0
0
1
4
5
6
6
5
4
3
1
1
1
2
2
2
2
2
1
0
2
2
3
0
1
4
5
4
4
4
5
5
3
1
3
4
4
3
1
1
0
-2
-3
-1
0
0
-1
-1
2
1
0
0
-2
0
0
0
0
1
2
2
0
-2
-3
-3
-1
-2
-1
-1
1
0
0
-2
0
0
-1
0
0
-1
-1
-1
0
-2
-3
-3
-2
-2
-2
-3
-3
-2
-2
0
-1
-2
-2
-2
-4
-2
-1
-1
-2
-1
-1
-1
1
1
0
-2
-1
-1
-3
-1
0
-1
-1
0
0
-1
-1
-1
-2
-2
1
2
0
1
1
0
-1
-1
-1
-1
-1
1
1
0
0
0
-2
-1
-1
0
1
0
0
-1
0
-1
-1
0
-1
-1
1
0
0
1
-1
-1
1
0
0
0
-1
-1
0
0
0
0
0
1
-1
0
0
0
-1
1
0
-1
0
0
0
0
0
-1
-1
0
-1
-2
-1
0
0
-2
0
0
-1
-1
2
1
0
0
0
0
0
-2
-2
-1
0
1
0
-2
0
0
-1
-1
-1
0
-2
-2
-2
-4
-1
1
0
1
0
0
1
0
-1
-1
0
0
-1
1
4
2
0
-2
-2
0
-1
-2
-2
-1
1
3
4
1
-3
-3
-2
-1
2
3
2
2
1
0
1
0
0
0
2
0
-2
-2
-1
-3
2
3
-1
-1
1
0
0
1
2
0
2
4
3
2
-1
0
0
4
1
2
6
7
3
1
0
-2
3
2
-3
0
8
3
-3
2
3
-1
-1
0
1
5
2
2
1
1
1
1
2
-1
-1
2
7
2
-2
-3
2
5
0
0
3
-1
-5
-3
2
-2
0
7
3
-2
-2
0
-2
-1
1
-1
1
1
-1
4
6
-5
-6
1
4
0
-2
0
0
0
2
1
-5
-2
5
0
-3
1
6
1
2
4
0
-2
0
1
0
1
3
1
-1
1
1
-5
-2
3
3
-4
1
6
2
0
-1
1
-1
4
6
-1
-2
0
0
-1
-2
2
2
1
3
2
-1
-2
1
-1
-1
2
2
-3
0
4
3
1
4
4
-3
-3
3
-1
-6
3
6
-1
-1
4
3
-4
-5
0
3
-2
-4
2
2
-1
0
0
-2
-1
0
-3
1
4
-1
-3
-1
3
0
-1
1
3
-2
-2
3
3
-4
-6
0
2
0
-3
-3
-1
0
-1
1
-2
-4
-2
3
0
-2
0
0
-5
-3
0
0
3
1
-4
-5
1
3
-1
-2
1
3
-1
-3
-3
-5
-4
-1
0
-3
-1
0
-3
-3
-1
0
1
0
0
-2
-1
-1
0
0
1
1
1
1
1
-1
-3
-1
1
-1
-2
-1
0
0
-1
0
-1
-1
-1
-1
-1
-1
1
0
0
1
-1
-1
-2
-1
-1
0
1
0
0
0
1
0
-2
-3
-2
1
-1
-1
0
0
0
-1
0
0
-1
-1
-1
-1
-2
0
-1
1
0
-1
-1
1
0
0
0
0
1
1
-1
0
0
-2
-1
2
2
0
0
2
1
1
1
-1
0
1
1
1
-1
0
0
0
0
0
2
0
1
1
1
0
-1
0
0
0
1
0
1
1
0
0
1
0
2
2
1
0
1
2
0
1
0
0
1
3
3
0
1
1
2
3
1
1
2
1
2
2
0
0
2
2
1
0
0
2
1
0
1
1
0
1
0
1
-1
-1
0
1
2
2
2
2
1
0
0
1
1
0
0
0
0
0
1
0
0
-1
0
-1
-3
-2
0
0
0
0
0
0
-1
-1
0
0
0
0
0
0
-1
0
-1
-1
-1
-2
-1
0
0
0
0
-1
-1
0
0
-1
0
1
-1
0
0
0
0
-1
0
0
0
1
-1
0
0
1
0
0
0
0
0
0
0
0
0
0
-2
-1
0
-1
0
0
0
0
1
1
-1
0
0
1
0
0
0
-1
1
0
0
0
0
1
-1
0
0
0
0
0
0
0
-1
-1
0
-1
-2
-1
-1
0
-1
0
0
0
-1
0
0
-1
-1
-1
-2
-1
-1
-1
-2
0
0
0
0
0
0
0
1
0
-1
-1
0
0
0
-1
-2
-2
-2
-1
0
0
0
0
0
0
-1
-1
-1
0
0
-1
1
0
0
0
0
-1
1
1
0
-1
-2
-3
-1
-2
-1
0
-1
0
-1
0
1
0
0
1
0
0
0
1
0
0
1
0
1
1
0
0
0
0
0
0
0
0
0
0
1
0
1
1
-1
1
1
0
0
0
0
0
1
0
0
0
2
0
0
1
0
1
0
0
-1
1
0
-1
0
2
1
0
0
0
0
0
0
0
1
0
1
1
0
-1
0
1
1
1
1
0
1
1
0
0
0
1
2
1
1
0
0
1
1
1
-1
1
3
1
1
1
0
0
1
1
-1
1
2
2
2
2
1
2
3
2
1
2
2
1
2
2
2
2
0
1
1
1
1
0
1
1
1
2
1
2
2
1
0
1
1
0
0
0
0
0
0
0
0
0
1
1
0
-1
1
0
1
0
0
1
0
0
0
0
0
1
-1
0
0
0
0
-1
0
0
0
-2
-1
-1
0
0
1
0
0
1
-2
-2
0
-1
0
-1
-1
0
0
-1
-2
0
0
-1
0
0
0
1
0
-1
-1
0
1
0
-1
0
0
-1
-1
-1
0
0
0
0
1
-1
0
1
0
0
-1
0
0
-1
-1
0
0
0
0
0
0
0
-1
-1
-2
-2
0
0
0
0
0
0
0
-1
-1
1
0
-1
0
0
0
0
0
0
0
-1
1
1
1
1
0
0
0
0
0
0
0
-1
0
0
0
0
0
0
0
0
0
0
0
0
0
1
0
0
0
0
0
0
-1
1
0
-1
0
1
1
0
0
0
-1
1
1
0
-1
-1
1
0
0
-1
-1
-1
0
-1
1
-1
0
0
0
0
-1
0
-1
0
-1
0
0
-1
-1
0
0
-1
-2
-2
-1
0
0
0
-1
0
-1
-1
0
0
0
-1
-1
0
1
0
1
0
0
0
0
-1
-1
1
-1
0
0
-1
1
0
0
0
0
1
1
0
0
0
1
0
1
1
0
0
0
0
0
0
0
2
3
1
1
1
3
1
0
1
1
2
2
1
1
0
-1
1
3
2
1
2
3
2
1
0
1
1
-1
0
0
2
1
-1
1
1
2
0
1
2
2
0
0
1
-1
1
1
1
1
-1
0
2
2
0
-1
0
0
0
1
1
-1
0
0
0
-1
0
1
1
0
-1
-1
2
2
1
0
-1
0
0
0
0
1
1
-1
0
0
1
1
0
0
-1
-4
-1
1
0
0
-2
1
1
-1
-1
0
0
1
1
1
-1
-2
-2
0
-1
-2
0
1
-1
0
1
1
0
-1
-1
0
-1
0
1
-2
-2
0
1
1
0
0
1
1
-1
-1
0
1
0
1
0
0
1
-2
0
0
0
-1
-1
2
0
-1
0
1
0
0
-1
-1
1
0
0
0
0
-1
-2
-2
-1
-1
-1
-1
0
0
0
-1
0
-1
-1
1
1
1
-1
-1
1
1
-1
-3
-1
0
0
-1
-1
-1
0
1
1
-3
-1
0
1
-1
0
-1
1
0
-1
-1
0
0
0
0
1
1
2
1
0
0
0
-1
0
0
0
0
0
0
0
1
0
0
1
-1
0
0
-1
0
-1
0
-1
0
0
0
1
0
0
0
0
0
-1
-1
0
0
0
0
0
0
0
0
-1
-1
0
0
-1
0
0
-1
-1
-1
0
0
-1
0
1
1
0
0
0
-1
-1
1
0
-1
-1
0
0
0
-2
0
0
0
-2
0
0
0
1
0
0
-1
0
0
0
1
0
0
0
0
0
-1
0
-1
1
0
1
0
0
1
0
0
1
0
0
0
1
-1
-1
1
0
0
1
-1
0
1
1
0
0
1
0
0
0
0
1
0
0
-1
0
0
2
2
1
1
1
0
0
0
1
1
1
2
0
2
1
0
1
1
0
0
1
2
0
1
0
0
0
1
3
1
1
0
0
1
0
1
1
-1
1
0
1
0
0
1
0
1
1
0
0
0
0
0
-1
0
0
0
1
0
1
0
0
0
0
-1
-1
1
1
1
0
0
0
-1
-1
-1
0
0
-1
0
0
1
0
1
0
-1
-1
0
-1
0
0
0
0
0
-1
0
-1
-1
-1
-1
-1
-3
0
0
0
-1
-1
-1
-1
-2
-2
-1
-1
-2
-1
-2
0
0
-1
-1
-1
-1
-1
-1
-1
0
0
0
0
0
0
-1
0
0
0
-1
0
1
-2
-2
-1
-1
0
0
0
0
0
0
0
0
0
0
-1
0
0
0
0
0
0
0
0
-1
0
0
0
0
-1
0
-1
0
0
-1
0
0
-1
0
0
-1
0
0
-1
0
0
0
0
0
0
0
1
0
0
0
0
0
1
0
0
0
1
1
0
0
0
0
0
0
0
0
1
1
1
0
0
-1
0
0
0
-1
-1
0
0
0
0
1
0
0
0
0
0
0
0
0
0
0
0
0
-1
0
0
0
1
1
1
1
-1
-1
-1
0
0
0
0
1
0
-1
0
0
0
0
-1
1
0
-2
-1
0
0
0
0
0
0
0
-1
0
0
0
1
1
0
1
0
0
1
-1
1
1
0
0
1
0
1
0
0
0
0
1
0
0
0
1
1
1
2
2
1
2
3
1
1
1
1
1
1
2
1
1
1
0
0
0
0
0
1
0
-1
0
1
0
-1
1
1
1
1
0
1
0
0
0
-1
0
0
1
0
1
0
0
0
0
0
1
1
0
0
0
0
0
0
-1
0
0
0
1
0
0
-1
0
0
0
0
1
0
0
0
0
0
0
1
1
0
1
0
1
-1
-1
0
0
0
0
0
0
0
0
-1
-1
1
0
0
0
-1
0
0
0
1
-1
0
0
-1
0
0
-1
0
1
0
0
0
0
0
0
0
0
-1
0
0
-1
-1
0
0
0
0
0
-1
-1
0
1
-1
-1
-2
0
0
0
0
-1
0
0
0
0
1
0
0
0
0
0
-1
-1
-2
-2
-1
-1
-1
-1
-2
-1
-1
-1
-2
-1
0
0
0
-1
-1
0
0
-1
0
0
1
-1
0
0
0
0
0
-1
0
0
0
0
-1
-1
0
-1
-1
-1
-1
0
0
0
0
0
-1
0
-2
0
0
0
0
0
0
-1
0
0
0
0
0
0
0
0
0
0
0
0
0
-1
-1
-1
-1
0
0
0
0
0
0
0
0
0
0
0
0
0
0
0
0
0
0
1
1
1
0
0
0
0
0
1
0
1
1
0
0
0
0
-1
0
1
1
0
0
1
-1
0
1
0
1
0
1
0
0
-1
0
0
0
0
1
1
0
0
0
0
0
0
0
0
1
0
0
1
1
-1
0
0
0
0
0
0
1
0
0
-1
-1
0
0
0
0
-1
0
0
0
0
0
1
0
0
1
0
1
0
0
0
0
0
0
-1
0
0
0
0
0
0
1
0
0
1
0
0
0
-1
0
1
0
1
0
0
0
0
0
0
0
0
0
1
0
0
0
-1
1
0
0
0
1
0
0
0
0
0
0
0
0
0
0
-1
1
-1
0
0
0
0
0
0
0
0
1
0
1
0
0
0
1
-1
0
0
0
0
0
0
0
0
0
0
-1
0
0
0
0
1
1
0
1
0
0
0
0
0
0
0
0
0
0
-1
-1
-1
-1
0
0
0
0
0
-1
0
0
0
0
0
-1
0
-1
0
1
0
0
1
0
0
-1
0
-1
0
0
0
-1
0
1
-1
0
0
0
0
-1
0
1
0
-1
1
1
0
1
-1
0
0
1
0
0
-1
1
0
0
1
0
0
0
0
1
0
0
0
0
1
0
-1
0
-1
0
1
0
1
-1
0
1
0
0
0
0
0
-1
0
0
0
0
0
0
0
-1
0
0
-1
0
0
0
0
0
-1
0
0
0
0
0
0
-1
0
1
-1
0
-1
0
0
-1
0
0
0
0
1
0
1
0
0
0
0
0
-1
0
0
0
-1
-1
-1
0
0
0
-1
-1
0
0
0
-1
0
1
0
0
0
0
0
0
0
0
0
0
-1
0
1
1
0
0
0
0
0
0
0
0
0
0
0
0
0
0
0
1
0
0
0
0
0
0
0
1
0
0
0
-1
0
0
0
0
2
1
0
1
0
0
-1
0
-1
0
0
1
1
0
0
-1
0
0
0
0
0
0
1
0
0
0
0
0
0
0
0
0
0
0
0
0
0
0
1
2
0
2
1
0
0
0
1
1
0
0
0
0
0
0
1
1
1
0
0
0
-1
0
0
1
1
1
0
0
1
0
0
-1
0
0
0
0
0
1
0
1
0
1
0
1
-1
-1
0
-1
1
0
-1
0
1
1
0
0
0
0
0
1
1
0
0
1
-1
1
0
0
1
0
0
0
0
1
1
1
0
0
0
0
1
0
0
0
1
0
0
-1
0
0
0
0
0
0
0
1
0
-1
0
0
0
1
0
0
0
0
0
0
1
-1
0
-1
1
0
-1
0
0
-1
0
0
-1
-1
0
0
0
-1
-1
0
0
-1
-1
-1
0
0
0
0
0
0
-1
-1
0
-2
0
0
-1
0
0
1
1
-1
-1
0
0
0
0
0
0
0
0
0
-1
0
0
0
0
0
0
1
-1
0
0
0
0
0
0
0
-1
0
-1
0
0
0
0
0
-1
0
1
0
0
0
1
0
0
0
0
0
0
0
0
0
0
0
0
0
0
1
0
1
0
-1
-1
-1
0
0
0
0
0
0
0
-1
0
0
1
-1
0
1
0
0
0
0
0
0
0
-1
0
0
0
0
0
0
0
0
0
0
0
0
0
0
0
0
0
0
0
0
0
0
1
0
1
0
0
0
1
0
0
-1
1
0
-1
0
0
-1
0
0
0
0
-1
0
0
0
0
1
0
0
0
1
0
0
1
-1
0
0
0
0
0
0
0
1
0
0
0
0
1
-1
0
0
0
-1
0
1
0
-1
0
1
0
-1
0
0
0
-1
0
0
0
0
-1
-1
-1
0
1
0
0
0
0
0
0
0
1
0
-1
0
1
0
1
0
0
0
-1
0
0
