SAMPLES:	12305
BITSPERSAMPLE:	16
CHANNELS:	1
SAMPLERATE:	16000
NORMALIZED:	FALSE
0
0
0
0
0
0
0
0
0
0
-1
0
0
0
1
0
0
0
0
1
0
-1
-1
0
0
0
-1
0
0
0
0
0
-1
0
0
0
0
-1
0
0
0
0
0
0
0
0
0
0
0
0
0
0
-1
0
0
0
-1
-1
0
-1
0
-1
1
-1
-1
0
0
0
-1
0
0
0
0
0
0
1
1
0
1
1
0
0
0
1
0
0
0
1
0
0
1
0
0
0
0
0
0
0
1
0
0
0
0
0
0
0
0
0
0
0
0
0
0
-1
-1
-2
1
1
-1
-1
0
0
0
0
0
1
0
0
0
0
0
0
0
0
0
-1
0
0
0
0
0
0
0
0
0
0
-1
-1
-1
0
0
0
0
-1
0
0
0
0
0
0
0
0
0
1
0
1
0
0
0
0
0
0
1
-1
0
1
-1
0
0
0
0
0
0
0
-1
0
0
0
-1
0
-1
0
0
0
0
0
-1
0
0
0
0
0
0
-1
0
0
0
0
0
0
0
0
-1
-1
0
0
0
0
0
1
0
0
0
0
0
-1
0
0
0
0
0
0
0
0
0
1
0
1
0
0
1
-1
1
0
0
0
-1
-1
0
0
0
-1
0
-1
0
0
0
-1
0
0
0
0
1
0
0
0
0
0
0
1
0
1
0
0
0
0
0
0
1
0
0
0
1
1
0
0
0
0
0
0
0
0
-1
1
0
0
0
0
0
0
0
1
0
0
-1
0
0
0
-1
-1
0
0
1
0
-1
0
0
0
0
0
0
-1
-1
0
0
-1
1
0
1
0
0
0
0
0
0
1
0
0
0
-1
0
0
0
0
0
1
-1
0
0
0
0
0
0
0
0
0
1
0
0
0
0
0
0
-1
0
0
-1
0
0
-1
0
0
0
0
0
0
0
0
1
0
0
-1
1
0
0
-1
-1
0
0
0
1
-1
0
0
0
-1
1
0
0
0
1
-1
0
0
0
0
0
0
0
0
0
0
0
-1
0
0
0
0
0
0
0
0
0
0
1
-1
0
0
-1
1
0
0
0
0
0
0
0
0
0
0
0
0
0
0
-1
0
0
0
0
0
0
0
-1
0
0
0
-1
0
0
-1
-1
0
0
0
0
0
1
1
-1
0
-1
0
0
0
0
0
0
0
0
1
0
0
0
0
-1
1
0
0
1
0
0
0
0
0
1
1
0
0
0
0
0
-1
0
-1
1
0
1
0
0
1
0
0
1
0
0
0
1
-1
-1
1
0
0
0
-1
0
0
1
0
0
0
0
0
0
-1
0
0
0
-1
0
0
1
1
-1
0
0
0
0
0
0
0
0
0
-1
1
0
0
1
0
0
0
0
1
-1
0
0
0
0
-1
1
0
0
-1
0
0
0
0
0
-1
0
-1
1
0
0
1
0
0
0
0
0
0
0
0
-1
0
0
0
1
0
1
0
0
0
0
-1
0
0
1
1
0
0
0
-1
-1
0
0
0
-1
0
0
1
0
1
0
0
1
0
0
1
0
0
0
0
0
0
0
0
0
0
0
-1
1
0
0
0
0
0
0
0
0
0
0
-1
0
-1
0
0
0
0
0
-1
0
0
0
1
0
0
0
0
0
0
0
0
0
-1
1
1
-1
0
0
0
0
0
0
0
0
0
0
0
0
0
-1
0
0
0
0
0
0
0
0
-1
0
0
0
0
-1
0
-1
0
0
0
0
0
-1
0
0
-1
0
0
0
1
0
0
0
0
0
0
1
0
0
0
0
0
1
0
0
0
1
1
0
0
0
0
0
0
0
0
1
1
1
0
0
-1
0
0
0
-1
-1
0
0
0
0
0
0
0
0
0
0
0
0
0
0
0
0
0
0
0
0
0
1
1
1
0
-1
0
0
0
0
0
0
1
-1
-1
0
0
0
0
0
1
0
-1
0
0
0
0
0
0
0
0
-1
0
0
0
0
1
0
0
0
0
0
-1
1
1
0
0
0
0
1
0
0
0
0
0
0
0
0
0
0
0
0
1
0
0
0
0
0
0
1
0
0
0
0
0
0
0
0
0
0
1
0
-1
0
0
0
0
-1
0
0
0
0
0
0
-1
0
0
-1
0
0
0
-1
1
0
0
0
0
0
0
0
0
0
0
0
0
0
-1
0
-1
0
0
0
0
0
0
0
0
0
1
0
0
0
0
0
0
0
0
0
0
0
1
0
0
0
0
0
0
0
0
0
-1
0
0
1
0
0
0
0
0
0
0
1
0
0
0
0
0
0
-1
0
1
0
0
0
0
0
0
0
0
-1
0
0
0
0
0
0
0
0
1
0
-1
0
1
0
0
-1
0
0
0
0
-1
0
0
0
0
1
0
0
0
0
0
0
0
0
-1
0
0
0
0
0
0
0
0
0
1
0
0
0
0
0
1
0
0
1
0
1
-1
0
0
0
0
0
0
0
0
-1
0
-1
-1
0
0
0
0
0
0
0
0
0
0
-1
0
-1
0
0
0
0
0
0
-1
0
0
0
0
0
0
0
0
0
0
0
0
0
0
0
0
0
1
1
0
-1
0
0
0
0
0
0
0
0
0
0
0
0
0
0
0
0
1
0
0
0
0
0
1
0
0
0
0
0
0
0
-1
-1
0
0
0
0
0
-1
-1
0
0
0
-1
1
0
0
-1
0
0
0
0
0
0
0
0
0
0
0
0
0
0
0
0
1
0
0
-1
0
0
0
0
0
0
1
0
0
-1
-1
0
0
1
0
-1
0
0
1
0
0
1
0
0
1
0
1
0
0
0
0
0
0
-1
0
0
0
0
0
0
1
0
0
0
0
0
0
-1
-1
0
-1
0
0
0
0
0
0
0
0
0
0
0
0
0
0
-1
0
0
0
0
1
0
0
0
0
0
0
0
0
0
0
-1
1
-1
0
0
0
0
0
0
0
0
1
0
1
0
0
0
1
-1
0
0
0
0
0
0
0
0
0
0
-1
0
0
0
0
1
1
0
1
0
0
0
0
0
0
0
0
0
0
-1
-1
-1
-1
0
0
0
0
0
-1
0
0
0
0
0
-1
0
-1
0
1
0
0
1
0
0
-1
0
-1
0
0
0
-1
0
1
-1
0
0
0
0
-1
0
1
0
-1
1
1
0
1
-1
0
0
1
0
0
-1
1
0
0
1
0
0
0
0
1
0
0
0
0
1
0
-1
0
-1
0
1
0
1
-1
0
1
0
0
0
0
0
-1
0
0
0
0
0
0
0
0
0
0
-1
0
1
0
1
0
-1
0
0
1
0
0
0
0
0
0
-1
0
-1
0
0
0
0
0
0
0
1
0
1
0
0
0
0
0
-1
0
0
0
0
0
-1
0
0
0
0
0
0
1
0
0
0
0
1
0
0
0
0
0
0
0
0
0
-1
0
1
0
0
0
0
0
0
0
0
0
0
0
0
0
0
0
-1
1
0
0
0
-1
0
0
0
1
0
0
0
-1
0
0
0
0
1
1
0
1
0
0
-1
0
-1
0
0
0
0
0
0
0
0
0
0
0
0
0
1
0
0
0
0
0
0
0
0
0
0
0
0
0
0
0
0
0
0
1
0
0
0
1
0
0
0
0
0
0
0
0
1
1
0
0
1
0
0
0
0
0
1
0
0
-1
1
0
-1
-1
0
0
0
0
0
1
0
1
0
0
0
1
0
-1
0
-1
0
0
-1
0
0
0
-1
0
0
0
0
0
0
0
0
1
-1
0
0
0
0
-1
0
0
0
0
0
1
0
0
0
0
0
0
0
0
1
1
0
0
0
0
0
0
0
0
0
1
0
-1
0
0
0
0
0
0
0
0
0
0
1
0
1
1
1
0
0
0
0
0
0
0
0
0
0
0
0
-1
0
0
0
-1
0
-1
0
0
0
0
0
0
0
-1
1
0
1
0
0
0
0
1
1
0
-1
0
1
-1
0
0
0
0
0
0
0
0
0
0
0
0
0
1
-1
0
0
0
0
0
0
0
-1
0
-1
0
0
0
0
0
-1
0
1
0
0
0
1
0
0
0
0
0
0
0
0
0
0
0
0
0
0
1
0
1
0
-1
-1
-1
0
0
0
0
0
0
0
-1
0
0
1
-1
0
1
0
0
0
0
0
0
0
-1
0
0
0
0
0
0
0
0
0
0
0
0
0
0
0
0
0
0
0
0
0
0
1
0
1
0
0
0
1
0
0
-1
1
0
-1
0
0
-1
0
0
0
0
-1
0
0
0
0
1
0
0
0
1
0
0
1
-1
0
0
0
0
0
0
-1
0
1
0
0
0
1
-1
0
0
0
-1
0
0
0
-1
0
1
0
-1
0
0
-1
-1
0
0
0
0
-1
-1
-1
0
0
0
0
0
0
0
0
0
1
0
-1
0
1
0
1
0
0
0
-1
0
0
0
0
0
0
-1
1
0
0
0
0
1
0
0
0
-1
0
1
0
0
0
0
0
0
0
0
0
0
-1
1
-1
0
1
0
0
0
0
0
0
0
0
0
0
0
0
0
0
0
1
0
0
0
0
-1
1
0
0
0
0
0
0
0
0
0
0
0
0
-1
0
0
0
-1
0
0
1
1
0
0
0
0
-1
0
1
0
-1
0
0
0
0
-1
0
0
0
0
0
-1
-1
0
0
0
0
1
0
0
0
0
-1
0
0
0
0
0
0
0
0
1
0
-1
0
0
-1
0
0
0
0
0
0
0
0
0
0
0
1
0
0
0
0
-1
-1
0
-1
0
0
0
-1
0
0
0
0
1
1
-1
0
0
-1
-1
0
0
-1
0
0
-1
0
0
-1
1
-1
0
0
-1
0
0
0
0
0
0
0
1
0
0
-1
1
1
0
0
0
0
0
0
0
0
0
1
0
0
0
0
0
0
-1
0
0
-1
0
0
1
0
0
1
0
0
0
1
0
0
0
0
0
0
1
-1
0
0
0
1
0
-1
0
0
0
0
0
-1
0
0
0
0
1
0
0
1
0
0
0
1
0
0
0
0
0
1
0
0
0
0
0
0
0
1
0
0
0
0
-1
0
0
-1
-1
0
-1
0
0
0
1
1
0
0
0
-1
1
0
0
0
0
1
0
1
0
0
1
1
0
0
0
0
0
-1
0
0
0
-1
0
0
1
0
0
0
0
1
0
1
0
0
0
0
-1
0
0
0
0
0
-1
0
0
0
1
1
0
0
-1
0
0
1
0
0
-1
1
0
0
0
0
-1
0
0
0
0
0
0
0
0
0
0
0
1
0
0
0
-1
0
1
0
0
1
-1
0
-1
-1
0
0
0
0
0
0
0
0
-1
0
-1
1
0
1
1
0
0
0
0
0
0
0
0
0
0
0
0
0
0
1
0
-1
0
0
0
0
0
0
-1
0
0
-1
0
0
0
0
0
0
0
1
1
0
0
0
0
0
0
0
-1
0
0
0
0
0
0
-1
-1
0
0
0
0
0
1
0
1
-1
0
0
-1
0
0
0
1
0
0
0
0
0
0
0
1
0
1
0
0
0
-1
-1
0
0
0
0
1
0
-1
0
0
0
0
1
0
-1
0
0
0
0
0
1
0
0
0
0
0
0
0
0
0
0
1
0
0
0
0
0
0
0
0
0
0
-1
0
0
-1
0
0
-1
0
0
0
0
-1
0
0
-1
0
0
0
0
0
0
0
0
0
0
0
0
0
0
0
0
0
-1
0
0
1
0
0
-1
1
0
0
0
0
0
0
0
0
0
0
-1
1
0
1
-1
0
0
-1
1
-1
-1
0
-1
0
0
0
0
-1
0
-1
0
0
-1
-1
-1
0
1
0
1
1
-1
1
1
0
1
0
0
0
0
1
0
0
1
1
0
0
0
0
1
2
1
0
1
0
1
0
0
0
0
0
-1
-1
0
0
0
-1
-1
0
0
0
0
-1
0
-1
-1
0
0
0
0
-2
0
-1
0
-1
0
0
-1
0
-2
0
0
-1
0
0
0
0
-1
0
1
0
0
-1
0
0
0
0
0
1
1
0
1
-1
0
2
0
1
1
0
2
-1
1
1
1
2
0
1
1
-1
0
-1
0
1
-1
0
-1
-1
1
-1
0
-1
0
-2
-1
0
-1
3
-1
-2
2
0
5
2
-1
6
-4
4
4
-3
10
-6
5
0
-7
10
-12
0
-1
-8
8
-17
0
-8
-12
8
-17
3
-5
-7
2
-18
12
0
-9
12
-10
21
3
-8
25
-12
17
3
0
23
-6
-2
5
-6
25
3
-12
3
-13
12
6
-16
-1
-21
7
3
-8
-1
-13
-6
4
5
3
3
-5
-3
-6
7
4
14
-5
6
-6
-14
-2
-6
14
16
-5
-1
-6
8
8
-2
2
-2
11
11
2
4
-20
20
-16
5
5
-15
12
-33
19
-17
-7
12
-15
22
-19
12
9
-11
14
-32
14
6
0
30
-12
5
-17
-22
47
-28
7
9
-33
59
-35
1
12
-42
52
-18
10
33
-51
18
-28
8
33
-32
8
-38
-19
3
-8
6
9
4
-12
7
-27
16
10
43
18
-25
4
-3
27
2
16
4
-37
-20
-26
-1
20
-37
17
-30
-3
7
-29
21
7
0
38
-8
30
21
-28
42
-21
48
2
-29
9
-18
41
-12
-36
4
-55
37
-8
-9
3
-75
68
-28
21
-20
-33
66
-23
19
12
-21
57
-49
47
29
-44
61
-89
82
-2
-40
59
-90
62
-3
-58
70
-64
53
11
-76
81
-59
56
7
-74
70
-61
48
7
-51
63
-64
28
-12
-69
15
-31
31
18
-49
15
-39
-35
-22
-46
100
-44
-15
-28
-56
82
-30
93
25
-36
60
20
56
-29
-93
45
74
72
91
-34
17
-26
-41
105
-7
30
-42
-59
-17
-69
7
80
42
-6
-113
-21
44
-24
-11
-36
60
68
-94
-70
27
-24
24
-36
77
104
-84
-57
-115
20
112
-49
46
-122
-121
-2
-1
143
-90
-130
71
26
75
-112
-133
159
-9
80
7
64
172
-107
2
53
43
-8
-76
68
143
-134
-37
-27
102
22
-222
40
-13
-65
-46
-103
142
8
-70
89
-22
106
-76
10
5
15
128
69
138
-45
-12
76
99
91
24
-8
1
-87
10
27
62
-2
-133
-89
-82
-73
58
18
32
-102
-119
-10
-5
18
-25
80
-77
-128
-28
58
120
-63
-44
-20
6
-52
-72
44
46
-22
-40
-60
77
-70
62
47
59
0
-81
54
34
121
31
-28
-50
-42
-56
104
116
37
-88
-128
-37
-38
-73
69
40
127
-130
-78
30
-48
101
-118
185
101
-88
-95
-147
270
162
3
119
-125
110
-131
7
106
-103
57
-6
52
-12
-87
85
-4
-119
-105
-93
21
54
-51
22
-175
21
-5
5
61
-37
13
-76
-185
203
37
90
-26
-23
227
-92
171
128
50
85
-104
188
58
-110
211
22
228
-81
-129
113
-150
23
-91
-94
-29
-150
87
26
-201
-239
-406
-43
14
128
40
-309
-328
-281
-63
27
-151
-191
-140
-92
-36
-54
83
137
10
-71
63
61
224
154
54
134
-407
-252
-290
-116
80
-280
-116
-243
-321
-160
-293
420
521
604
602
436
1004
991
1157
1417
1526
1794
1625
1267
1073
784
1215
1219
838
543
177
76
-651
-1167
-871
-840
-1106
-1838
-2240
-2033
-2360
-2388
-2143
-1824
-1679
-2173
-2213
-1608
-928
-396
-424
-427
-9
320
619
544
792
1154
1359
1335
1004
633
417
540
762
686
-87
-750
-1176
-1228
-971
-755
-699
-1023
-1537
-1423
-932
-291
-86
213
906
1574
1816
1782
1839
2473
2952
3624
4532
5139
4754
1689
-503
437
4682
7025
3418
-1589
-3882
-2786
-1594
-1435
347
317
-3729
-8324
-8179
-3032
-740
-2545
-3667
-2565
-1872
-3376
-3240
360
3152
3055
1813
1850
2945
3016
3141
4088
4787
4363
2552
1027
1010
1229
1236
-267
-1948
-3016
-4204
-4274
-4224
-3452
-3888
-5940
-6712
-6269
-4534
-3315
-3211
-2647
-3130
-3212
-2354
-527
1808
2261
2062
1672
1862
2890
3928
5117
5634
5227
4452
3537
4085
5240
5857
5479
4356
3665
3044
2222
2372
2800
3353
2712
434
-1859
-3071
-1259
1236
653
-2631
-5710
-6059
-4927
-4238
-2628
-1600
-3591
-7099
-8449
-4767
-987
-617
-1610
-1844
-1194
-1005
-469
2140
4479
4868
4052
3659
4513
5067
5024
5177
5304
5309
4372
2887
1842
1107
578
-359
-1547
-2503
-3917
-5229
-5975
-6199
-6465
-7637
-8133
-7602
-6719
-6332
-6182
-5291
-4345
-3698
-2616
-896
1035
1520
1533
2055
3351
4802
5333
5298
4794
4320
4104
4033
3982
3928
3391
2680
1436
875
696
865
1258
975
482
-378
-667
17
343
706
949
1492
1420
-931
-2640
-1414
2702
4441
824
-3603
-4353
-2207
-823
-663
802
720
-3096
-6862
-5188
692
3149
810
-1323
-907
-234
-146
1588
5107
6165
3841
2018
3016
5273
6044
6098
6328
5750
4001
2323
2507
3817
4064
2528
187
-1585
-3047
-4416
-4758
-3618
-3011
-5701
-9878
-11580
-9790
-7168
-6757
-7247
-7836
-8889
-8796
-7312
-3759
-1117
-1115
-1592
-1988
-575
1550
3415
4812
4546
3820
3022
2780
3534
4382
4941
4471
3155
1876
819
476
1416
2415
2992
1684
-304
-1162
-871
458
1596
2166
2737
1228
-1853
-4030
-2001
3845
5720
1572
-3748
-4677
-2168
-1114
-279
2455
2542
-2303
-7310
-5034
1889
3930
1261
-213
1028
1284
-338
1185
5676
7309
5214
2954
3767
5298
5167
5259
5842
5915
4653
2602
1749
1571
1723
1596
238
-1672
-3912
-5312
-5376
-4666
-4001
-5521
-8369
-10397
-9534
-7082
-5742
-5835
-6620
-7036
-7071
-5952
-3021
-343
501
-708
-1334
50
2188
3870
3934
3603
3112
2641
2385
2442
3154
3512
2863
1854
1019
579
79
262
1246
1864
1460
484
305
446
555
1076
2356
3807
4230
2695
-256
-2068
-433
4262
6348
2772
-2552
-4510
-2577
-1118
-1015
200
-14
-3758
-8063
-6982
-1113
1082
-1653
-3367
-1708
20
-999
-591
3190
5614
4547
3050
4283
6301
5996
5213
5944
6932
6468
4745
3577
2906
1971
992
123
-352
-1569
-3998
-6380
-6885
-5760
-5949
-8255
-9919
-9080
-8322
-8806
-8787
-6930
-5350
-6303
-6558
-4369
-1547
-358
-348
1300
2975
3596
3295
3850
5265
5794
5772
5326
5076
5080
4897
4454
3525
2848
3005
2345
1278
726
1618
1729
-215
-1447
-1255
388
1029
1100
2172
2358
1729
-747
-2661
-1649
2263
6258
4754
-815
-4486
-3809
-1703
-1475
-290
1496
-994
-7021
-9361
-4554
216
-1045
-3583
-2331
-477
-2047
-3397
-142
4434
4902
2937
3177
5123
5251
4281
5345
7744
8542
6240
3508
2325
2289
2627
2485
1453
-727
-3993
-6850
-7481
-6011
-4993
-7173
-10479
-11740
-10166
-8761
-8547
-7701
-6490
-6296
-6928
-5640
-2224
437
849
1084
2547
4067
4587
4772
5945
7275
7364
6334
5360
5164
5286
5348
4851
4380
3186
1422
54
-287
1340
1966
842
-972
-2217
-1388
-491
692
2290
2828
3151
2308
239
-2104
-2673
2737
8947
7907
120
-6460
-5683
-2430
-1652
752
3299
35
-9512
-15100
-8289
998
2055
-2083
-4070
-3335
-5002
-5835
109
7497
8470
3151
71
2689
5485
6489
7811
9932
9504
4951
812
1089
3573
4854
3059
272
-2474
-6261
-8995
-8801
-5686
-3652
-6952
-11607
-13220
-11609
-8804
-6850
-4155
-2739
-5012
-7215
-5895
-480
3976
4780
4033
3117
2786
3200
4998
7525
8184
6619
4352
2745
2844
3648
4348
3986
2294
625
-640
-1514
-1066
303
1184
98
-1618
-2009
-1426
-1202
-737
1781
3905
3742
1999
65
-1438
-2668
516
7493
9453
2349
-7246
-8476
-2835
285
852
1490
-55
-7188
-13865
-9199
1600
4855
-561
-4784
-2688
-1045
-1878
1265
7827
9946
5613
2229
4896
8194
8041
7731
9213
9727
6280
2184
1698
3216
3717
1765
-804
-2872
-5526
-7833
-8496
-7079
-5883
-7705
-11099
-12744
-11559
-9142
-7075
-5218
-4092
-5364
-7175
-6092
-1829
2506
3696
3161
2602
1911
2092
3142
5845
7778
7192
5007
1845
407
1294
3438
4655
3007
65
-2322
-3558
-2835
-777
1093
521
-1993
-3399
-2737
-1293
-531
790
2887
4150
4249
3010
917
-1373
-876
5696
11598
9016
-608
-7354
-4596
522
2150
2634
1914
-2763
-10931
-12955
-4251
3718
2489
-3656
-5934
-3973
-3009
-863
4817
8733
6726
2104
2234
6691
9135
8994
8669
8837
7635
4619
3045
3817
4539
3349
527
-1232
-2597
-5397
-8294
-8611
-5610
-4176
-7720
-12995
-14347
-11069
-6718
-4251
-4070
-5502
-8292
-9020
-4790
1625
5277
3550
43
-1121
511
3690
6147
7356
6322
3812
1503
255
1664
3745
3984
1983
-1110
-2407
-2656
-3151
-2077
-325
550
-1404
-3849
-2764
-734
-63
-29
1972
5200
5399
3907
2928
1865
613
2080
8754
12675
6664
-3423
-6512
-1376
2552
2508
2733
1492
-5061
-13092
-11324
-727
4752
302
-5743
-5724
-3526
-3266
-771
5396
8661
4975
453
1933
6558
8180
7070
7141
8097
6608
2940
1116
2062
2745
1548
-485
-1529
-3476
-7400
-10103
-8561
-4367
-3548
-7837
-12450
-12939
-9782
-5921
-2797
-1404
-3142
-6618
-7179
-2412
3908
6566
4995
2270
1054
1968
4215
6803
7711
6165
3736
1593
1136
1905
2309
1485
-481
-1523
-1809
-2855
-4062
-3853
-2284
-1267
-1650
-1474
-906
-1522
-2038
-254
3901
6732
6391
4902
2310
-261
-150
5897
13340
11607
1486
-6560
-4870
1454
3806
3979
3194
-1963
-10759
-14201
-5750
4074
3347
-4039
-7514
-5646
-4352
-3826
1002
6775
6536
1896
-103
3053
5874
6173
7068
8925
8615
4612
940
1174
3189
3900
2179
-346
-2878
-6341
-9112
-8214
-5120
-3479
-7318
-12264
-13088
-10719
-7410
-5496
-3690
-3357
-6252
-7666
-4811
1204
4806
4109
3152
2336
2170
2563
4444
7129
7186
5231
2970
1756
1760
2129
2131
1318
134
-371
-1111
-2460
-3174
-1859
-36
64
-311
379
530
-418
-779
2652
7486
8726
6966
2624
-1036
-1347
3977
12160
12199
3184
-5957
-7173
-2353
601
2802
3814
-761
-10134
-15504
-8883
1100
2585
-2425
-5528
-4795
-4541
-4329
439
6570
7157
3159
1289
3726
5883
5663
6333
8599
9098
5561
1089
325
2377
4029
2771
-376
-2744
-5283
-7732
-8194
-5775
-3410
-6008
-10889
-12407
-9519
-6795
-6288
-5321
-4134
-5070
-6733
-4956
421
3518
2295
862
1405
2710
3239
4171
5783
5956
4214
2353
1446
1827
3053
3619
2201
-338
-1461
-984
-1292
-1974
-1268
485
112
-1561
-1335
141
534
-160
1415
5471
7160
6548
4385
1163
-1178
752
9225
14210
8314
-2138
-6768
-2929
727
2575
5274
3449
-5654
-15267
-13109
-1271
4098
-371
-5762
-6484
-5646
-5804
-2091
5267
7579
3680
235
2297
5932
6100
6048
8328
9850
7695
3190
1493
2837
3878
3574
1864
94
-2934
-7221
-9164
-7552
-4070
-3893
-8307
-12032
-12861
-10915
-8114
-5358
-2647
-4000
-7592
-8316
-4376
1508
3651
3045
2488
1749
1695
2356
4563
6607
5913
3638
1068
-25
878
1937
1885
69
-1769
-2520
-3267
-3507
-2717
-1469
-1388
-2520
-1926
-506
-636
-1467
-346
3924
7469
8090
6707
2358
-2005
-1265
7472
16240
13161
1355
-6639
-5297
-89
3148
5982
5866
-2190
-13310
-15018
-4742
4135
2189
-3834
-5418
-4183
-4259
-2827
3507
8666
7094
3209
3284
6626
7579
6643
8124
10630
10233
6196
2299
1866
2821
3086
2094
310
-2312
-6496
-9832
-9207
-5681
-4601
-8729
-13329
-13586
-10597
-8079
-6682
-4910
-4755
-7136
-8333
-4587
1458
3717
2201
1139
2046
3046
3238
4665
6778
6727
4165
1288
642
1979
3073
2731
659
-1447
-2434
-2495
-2292
-1615
-731
-1204
-2889
-3150
-1026
998
420
-485
1429
4979
7381
7282
3762
-965
-2295
4366
13524
13105
3141
-5560
-5683
-1479
430
3538
5803
138
-11473
-16754
-7798
2707
2147
-3950
-6335
-4962
-5011
-4627
1441
7464
6319
2077
2040
6302
7896
6116
6719
9824
10685
7124
3092
2359
2998
2878
2000
1108
-909
-5646
-10239
-10307
-6366
-4054
-7035
-12137
-13873
-12327
-9913
-6978
-3599
-2484
-5650
-8482
-5706
452
4345
4059
3212
3100
2654
2977
4843
7270
7202
4965
2980
1757
1618
2096
2424
1772
-125
-1404
-2113
-3014
-2925
-1376
392
-394
-2142
-1877
-32
1001
818
2224
4993
6741
7414
6294
2865
-976
574
9428
15481
10248
-823
-6597
-4061
-253
2501
6224
5072
-4717
-16118
-15180
-2488
5018
1243
-5509
-7440
-6634
-7010
-3762
3533
6782
3070
-1351
460
5017
5871
5158
6566
8405
7225
3246
1433
2481
2895
2013
678
-305
-2798
-7646
-10366
-8284
-4897
-5032
-9400
-12393
-11955
-10561
-8362
-5258
-2179
-3154
-6937
-6827
-1950
3416
4767
3595
3333
3090
3060
4223
6459
7776
6047
3479
1834
1628
2557
3254
2680
528
-1751
-2256
-2046
-1702
-1056
-188
-229
-1252
-759
1084
2345
1387
1125
3549
6772
8775
8686
5425
446
-1953
3512
13188
14948
6025
-4791
-8130
-4316
-81
3680
5876
695
-10564
-18269
-12546
-161
4012
-953
-6543
-7461
-6355
-5711
-1505
4590
6408
3573
1067
2863
5181
5017
5512
8277
10010
7564
2621
353
1253
2288
2491
1896
53
-4920
-10565
-11307
-6809
-2930
-5344
-10810
-13447
-12721
-10184
-7200
-3542
-2003
-5172
-8133
-6391
-644
3698
4003
3476
3025
2531
2481
3764
6502
7391
6091
3570
1302
986
2205
3137
2340
418
-921
-1466
-2543
-2630
-1135
297
-332
-1190
-47
1751
1359
-242
950
4738
8211
8965
7197
2593
-1953
-1204
7317
15636
12746
874
-8139
-7645
-1887
2411
5110
4243
-4068
-15318
-17711
-7120
3700
3161
-4441
-8619
-7290
-5685
-3423
2374
7178
6130
1856
1276
5049
7026
6245
7454
10476
10360
6004
1752
2184
4146
4207
3106
1820
-633
-5740
-9575
-8208
-3738
-2548
-6940
-11522
-12800
-10996
-8559
-6165
-3245
-3697
-6862
-8385
-5494
183
2647
2301
1765
1618
1579
1368
2997
5540
6103
4378
1631
407
967
1715
1628
631
58
-652
-2142
-3409
-3190
-1085
-240
-620
192
1159
1023
-1079
-702
3666
7728
9146
8187
5144
-108
-3443
1934
12811
15925
6146
-6118
-9333
-5132
-1330
2175
5692
1847
-10737
-20318
-14252
-47
4793
-967
-6264
-6304
-5904
-6147
-736
7862
10204
5403
1678
4142
7289
7030
7800
11617
13244
9123
3024
1538
3707
5148
4620
3321
1036
-4160
-9331
-9880
-5897
-2450
-4875
-10287
-13133
-13177
-11174
-8271
-4399
-2207
-5196
-9001
-8315
-2841
2118
3233
2914
2418
1593
1083
2294
5564
7286
6111
3391
1360
1259
2107
2386
1650
729
-104
-1022
-2587
-3245
-1905
-1214
-1069
-627
1067
1937
-752
-2348
298
5219
8599
8421
7019
2610
-2947
-2990
5779
15466
12812
196
-9231
-8757
-3359
110
3254
3911
-3463
-15150
-18834
-9004
2015
2432
-3633
-6736
-6266
-6344
-4932
1950
8886
8736
3954
1768
4358
6518
7099
9473
12231
11117
5847
1231
1813
4343
5450
4245
1719
-1840
-6516
-9347
-7720
-3694
-2736
-7055
-12014
-13622
-11910
-9016
-5849
-2767
-3092
-6699
-8841
-5787
214
3643
4282
3608
2918
2127
2102
4855
7900
8585
6717
3552
1846
2136
3238
3653
2589
1507
321
-1131
-2803
-2662
-989
-312
-446
36
1286
643
-1978
-2075
1700
6197
7884
7033
4633
-739
-4866
-1901
8290
14839
8358
-3945
-10787
-8539
-2856
1315
4563
2485
-7257
-17518
-16939
-5036
4094
2370
-4249
-7330
-6859
-6121
-2685
5029
10306
8062
2490
922
4101
6699
7916
10219
11307
8512
2850
-354
1550
4286
4740
2865
-124
-3925
-8143
-9999
-7533
-3007
-2789
-7909
-13498
-14890
-11532
-7500
-4009
-2354
-4377
-8206
-9524
-4674
2292
5751
5095
2522
1428
1800
4064
7678
9482
8274
4794
2056
1984
3582
4569
3415
1343
-152
-803
-1702
-2620
-1808
-693
-758
-1257
-463
1066
227
-1675
-647
3270
6657
7060
6422
4337
-633
-3597
925
11259
14544
5445
-6034
-9432
-5205
-580
2722
5208
1351
-9922
-18104
-12598
628
5909
326
-5883
-6604
-5297
-4108
613
7848
10142
5781
1456
2573
6195
7468
8298
10102
10084
6227
1011
-383
2076
3836
3123
749
-2372
-6336
-10146
-10471
-6412
-2760
-4779
-11056
-15172
-13974
-10030
-6169
-3318
-2677
-5501
-9274
-8162
-1876
3937
5434
3394
1924
1509
2230
4491
6905
8048
6213
3223
1438
1594
2888
2662
888
-317
-738
-1010
-2862
-3904
-2542
-1439
-1131
-1056
164
719
-1376
-2079
621
4540
6682
6543
6481
3397
-1867
-2811
4630
14314
13250
2272
-6990
-7398
-2359
1904
4974
5867
-437
-11435
-15852
-7504
4152
6356
-98
-5202
-5365
-4589
-2906
2550
9067
9516
4183
605
2563
5776
6849
8032
9944
9163
4093
-791
-521
2889
4494
2946
353
-2274
-6139
-9493
-8864
-4347
-1741
-5011
-10579
-13069
-11449
-8942
-6226
-3011
-1874
-4616
-8578
-7626
-1938
3066
4338
2997
1776
619
507
2603
5945
7309
4987
1571
258
1371
2329
1766
440
-218
-528
-1692
-2911
-2972
-2022
-1783
-1999
-479
1122
631
-2129
-2837
781
4768
6633
6499
4738
521
-3941
-1926
7651
14396
9564
-1999
-8522
-5920
-645
2878
5410
3858
-4094
-13598
-13852
-3049
5701
4399
-2065
-5326
-4734
-4113
-1411
5109
10121
8444
2730
603
3414
6467
7998
9405
10220
7460
1660
-1430
972
4826
5233
1906
-1428
-4221
-7175
-8575
-6905
-3146
-2733
-7135
-11451
-12727
-10359
-7353
-4421
-1659
-2610
-5971
-8111
-5130
1198
4777
5039
3211
1434
710
1280
4646
7310
6814
3722
581
531
1528
1656
1049
90
-132
-812
-2254
-3096
-2948
-2108
-1471
-280
1282
1616
-402
-2290
-929
3052
6572
7666
7261
3978
-1624
-4330
819
10971
13457
4760
-5494
-8779
-4989
-1390
1796
5018
1610
-8617
-16797
-12657
-498
4715
971
-3759
-5248
-5300
-5407
-1014
7151
10428
6558
1050
685
4268
6257
7663
9437
9614
5755
-277
-1946
1638
5072
4465
543
-2835
-5390
-7870
-8330
-5371
-1938
-3295
-8702
-12599
-11457
-7998
-4895
-2367
-1316
-3136
-6729
-6882
-1916
3811
6104
4755
2907
1642
1255
2553
5322
7685
6910
3762
758
87
1322
2090
2181
1470
460
-914
-2689
-2835
-1510
-210
402
476
1328
1150
-610
-1209
883
4810
7240
7765
6708
2128
-3336
-3468
5178
14336
11988
454
-8413
-8626
-4034
328
5067
6515
-2663
-16314
-19166
-7509
4745
4583
-2393
-5784
-7086
-8291
-5598
3703
11285
8601
1497
-841
2205
4984
6227
9238
11560
8458
1761
-2317
-151
4177
5279
2656
-963
-4579
-8095
-10307
-8308
-3521
-2339
-6554
-12168
-13425
-11170
-8006
-4207
-1448
-1721
-5715
-8155
-4763
687
4529
5236
4490
3072
838
962
3933
7318
7653
4893
1991
617
1203
2494
2635
1748
447
-38
-559
-1354
-1538
-863
-175
64
695
1868
1913
252
-661
970
4846
8385
9337
5833
-1353
-4994
398
10631
14284
6720
-3558
-7901
-6087
-1845
3401
6129
1091
-9589
-15567
-10020
-771
2226
-461
-3273
-4578
-5820
-4989
193
6024
7434
5068
3171
3368
4133
5046
7090
9393
9890
6776
2000
-618
589
3399
3753
1075
-2533
-6124
-9426
-10359
-7551
-4034
-4709
-9467
-13238
-13016
-10378
-6990
-4181
-2762
-4222
-6949
-6708
-3389
1201
4017
4293
3003
1013
923
2433
4365
5511
5185
4044
1685
167
925
1708
1586
824
612
690
-520
-1696
-1228
-263
579
1695
2687
2869
916
-499
846
4223
7975
9855
8088
1650
-4304
-2667
6914
14420
10757
241
-7216
-7407
-3758
916
5609
4458
-5062
-15100
-14545
-3931
3485
1633
-3222
-5303
-5411
-5302
-2201
4661
8914
6657
2376
1865
4898
7009
7320
8413
10172
9221
4579
485
709
3586
4834
2700
-653
-3998
-7783
-10036
-8554
-4311
-3520
-7718
-12833
-13732
-10627
-8046
-5084
-3402
-4164
-6624
-8650
-4849
455
2983
3137
1407
1356
1021
1280
3454
5343
6181
3813
776
100
1355
3241
2582
770
-159
-508
-209
-357
317
813
-36
-381
759
2803
2990
998
71
1336
4044
7097
8551
5687
-1177
-5220
9
9990
12717
5274
-3992
-7270
-5373
-2312
2672
6156
1617
-9398
-16056
-9696
856
3256
-1341
-5074
-4957
-4899
-4933
-489
5656
6962
3504
1086
3379
5922
5771
6025
8185
9924
7595
2836
810
1954
3673
3147
998
-1301
-4569
-8295
-9566
-7049
-3970
-5263
-9989
-12761
-11668
-8749
-6564
-4684
-3517
-4536
-6131
-5394
-1344
2234
3067
2844
2884
3159
2936
3382
5356
6573
5748
3611
2166
2275
2979
3168
2092
902
249
26
-74
-374
190
508
19
329
1596
2434
1304
-212
507
2876
5667
7991
6926
699
-6072
-3857
7374
13877
7820
-3407
-8299
-6127
-3603
357
5859
4825
-6204
-16996
-13379
-549
4721
-101
-4967
-4649
-4002
-5373
-2360
4881
7921
4435
694
2434
5875
5779
5263
7270
9455
7936
2995
37
621
2085
2451
1239
-801
-4623
-9325
-11078
-8214
-4553
-5034
-9277
-12719
-12416
-10339
-7415
-4093
-2379
-3635
-6442
-5962
-1618
2287
3815
3604
3417
2897
2270
3531
5914
7127
5827
3482
2159
1976
2802
3599
3254
1563
-421
-1108
-575
124
865
527
-394
-568
534
2180
2029
992
857
2085
4971
7979
7233
1425
-4451
-1540
8401
12402
6330
-1706
-3759
-2979
-3864
-427
6808
6531
-5230
-15674
-10342
990
2957
-2042
-3626
-1512
-3953
-7421
-2508
6179
7004
798
-963
4046
6616
3685
2503
6287
9098
6583
2375
1014
1172
956
770
1415
857
-3480
-8874
-10754
-8092
-4640
-4985
-7845
-10520
-12074
-12174
-9542
-4076
-572
-2829
-7144
-7144
-2545
1677
2893
3524
3912
2694
1110
1855
4948
6585
5104
2669
1236
922
1447
2214
2342
1077
-1006
-2160
-2406
-1731
-396
52
-668
-1712
-1095
993
1615
1128
1135
2448
5045
7525
7840
3248
-2726
-1676
8019
14955
10420
543
-4355
-3216
-1749
1557
8030
8397
-2725
-15066
-13187
-548
5657
1836
-2929
-4214
-5629
-7080
-2141
6495
8119
2262
-1807
1365
5818
5769
4771
6189
7526
5985
3082
2394
2768
1609
337
764
1628
-1178
-7266
-10804
-8648
-4468
-3623
-6335
-9773
-12206
-13067
-10386
-3935
348
-1811
-7383
-8955
-4384
1043
4184
4912
3893
1394
-555
1311
5379
7448
5886
2673
330
-647
320
2513
3331
1393
-1777
-3228
-3105
-2630
-1598
-510
-419
-1660
-2104
-813
98
159
642
2763
4741
6063
6749
3462
-1918
-3267
5116
14727
12204
1539
-5441
-4450
-1711
25
6058
9376
111
-14417
-17275
-4462
6031
3544
-2712
-5277
-6416
-7882
-4185
5630
9870
3771
-2398
-518
5741
7583
6055
6628
7711
6439
3844
3383
4927
4013
1286
459
1667
1121
-3965
-8654
-7701
-3882
-2760
-5622
-8656
-9676
-10588
-9800
-5290
-575
-689
-5972
-8323
-4541
738
3704
3756
3563
2599
1147
1826
4096
6196
6086
4010
1830
-99
114
1748
2269
1054
-1262
-2347
-2915
-3543
-2372
-569
-108
-1591
-3012
-1486
148
559
962
2363
4317
5300
5159
3372
-78
-1188
3695
9657
9136
2466
-3002
-3508
-3363
-2491
2146
5589
815
-10462
-14620
-7286
263
479
-2845
-3786
-4190
-6610
-5194
2130
7353
4702
-484
789
6029
7357
5335
5415
8060
8146
4711
2965
4072
4322
1820
-242
803
1088
-2944
-8041
-8702
-5238
-3716
-5792
-8219
-9223
-9898
-10272
-7196
-2416
-950
-3737
-6431
-4501
-220
2877
4382
4427
3929
2838
2559
4228
6115
7044
5968
3341
1036
411
1810
2934
1951
25
-1537
-2085
-2487
-2035
-314
513
-29
-1125
-946
68
451
1678
3707
5533
6471
5191
1758
-2216
-1254
6397
11451
7152
-1839
-5582
-3626
-3314
-2573
2371
4783
-2888
-14506
-14525
-4198
1138
-1759
-4248
-2519
-3465
-7769
-5384
3980
8871
4307
-948
1484
6573
7064
5441
6543
8653
7219
3109
2082
4255
4768
2025
-754
-717
-953
-4489
-7975
-7512
-4765
-4630
-7634
-9534
-9397
-9564
-9590
-6990
-2717
-1380
-3993
-5785
-3607
378
3075
4116
4491
4193
3395
3386
4793
6462
6634
5250
3157
1586
1462
2236
2774
1560
-648
-1657
-1651
-1258
-1293
-1081
-400
-334
-723
-687
-219
457
1444
2942
5461
6442
3590
-1081
-2544
3081
9226
7969
1518
-3225
-2826
-2200
-2722
126
3269
-37
-8867
-12600
-6371
-161
-1438
-4411
-3304
-1750
-4223
-5569
-246
5924
5683
2039
2043
5676
6935
5556
6146
8354
8565
5782
3574
4009
4628
3358
1191
-75
-857
-2435
-4847
-5818
-5483
-6088
-7877
-9270
-8283
-7860
-9002
-8908
-7139
-4491
-4352
-4916
-3314
-1520
-11
677
2300
4266
4033
3436
3806
5252
6190
5371
4549
3638
2418
1721
1739
2702
2177
-467
-2606
-3042
-1745
-744
-1244
-1376
-1696
-2292
-2475
-1810
523
2304
3346
3730
1777
-847
-1194
3106
7867
6426
1632
-1375
-1052
-925
-2063
93
2808
154
-6853
-9791
-4502
284
-1553
-4422
-2938
-525
-2520
-4494
-95
5727
5978
2807
2917
6216
6687
5092
6342
9369
9400
5637
2717
3121
3622
2858
1937
1232
-689
-4567
-7087
-6321
-4528
-4994
-7649
-9273
-9087
-8795
-8859
-7559
-5288
-4343
-5177
-5370
-2991
-487
493
1118
2606
4190
3865
2988
3679
5398
6441
5791
4608
3438
2241
1513
1394
1803
1792
455
-1863
-3669
-3529
-1709
-548
-941
-1824
-2519
-2573
-1949
150
2766
3806
3722
2245
13
-871
1965
7231
7972
3077
-1505
-2207
-1576
-2240
-634
3015
1699
-5911
-11061
-7295
-884
-253
-2783
-2727
-1874
-3475
-4560
-279
5795
6490
3464
2658
4987
6379
5642
6277
8813
9647
6777
3088
2108
3236
3480
2324
1218
44
-2906
-7020
-8168
-5810
-3991
-5852
-8928
-9608
-9130
-9571
-9059
-6107
-3379
-4167
-6379
-5695
-2434
65
1060
2238
3444
3221
2090
2598
5091
6919
6607
4930
3437
2597
2036
2106
2442
2369
1409
-519
-2329
-3051
-2319
-867
-468
-1086
-2008
-2170
-1638
-697
999
3382
4840
2902
-906
-1937
2543
7889
7440
2789
-446
-623
-921
-1704
1237
4994
2597
-5418
-9603
-5097
-172
-884
-2952
-1734
-666
-3705
-5740
-1388
4580
5382
2615
2315
4742
5191
3792
4657
7668
9294
7328
3915
2110
1940
2508
2805
1910
-88
-3136
-5966
-7304
-6787
-5552
-5999
-7876
-9634
-10146
-9771
-9019
-6840
-4413
-4030
-5421
-6008
-3595
-268
1349
2225
3352
4543
4496
3562
4251
6047
6923
6047
4310
3502
3126
2297
1536
1088
892
-141
-1759
-2591
-2672
-2231
-2120
-2006
-1274
-1060
-1410
-1548
-261
2892
5042
3509
-411
-1905
2441
7530
7112
2619
-109
575
225
-1220
859
4234
2099
-5403
-8679
-3591
734
-1475
-4315
-2509
88
-1953
-4170
-746
3793
3747
1724
3381
7077
6710
3239
2734
6109
8769
7734
5134
3359
1698
312
272
1384
1150
-2252
-6408
-7882
-6780
-5831
-7027
-8526
-8842
-9108
-9543
-9386
-7272
-4857
-4502
-4947
-4479
-2763
-1000
283
2193
4284
5419
5070
3732
3140
4062
5804
6676
5704
3694
1723
314
-83
417
1086
191
-2053
-3621
-3805
-2874
-2290
-1804
-1006
-1315
-1899
-1719
213
3453
4251
1995
-883
-694
4017
7370
5745
2137
598
1382
275
-896
2003
4756
1535
-5600
-7221
-1594
1385
-1496
-3651
-1402
451
-2092
-3231
645
4157
3252
1381
3425
6609
5852
3234
3299
5979
7649
6593
4949
3935
2691
1374
797
1314
1247
-1154
-4179
-5332
-4549
-4338
-6282
-7980
-7861
-7239
-7324
-7696
-6692
-5340
-5198
-5111
-3904
-1764
-307
172
1278
2931
4153
4145
3410
3273
3708
4592
5035
4582
3272
1260
-454
-1195
-700
24
-486
-2397
-4397
-4897
-3994
-2684
-2221
-2375
-2689
-2900
-2191
-597
2065
3121
885
-1982
-1681
3095
6439
4700
1416
18
475
-571
-1175
1765
3934
961
-4776
-5695
-1193
852
-1326
-2462
-550
615
-1289
-1504
2191
4524
3097
1803
3963
6825
6112
4219
4841
6714
7405
6210
4934
4129
2936
2256
2182
1984
823
-1465
-3672
-4841
-4791
-4548
-5449
-7277
-8248
-8014
-7260
-6855
-6650
-6043
-5697
-4758
-3158
-1473
-508
-360
687
2597
4193
4682
4186
3826
3947
4320
4863
4956
4141
2419
88
-828
-179
658
163
-2156
-3575
-3835
-3521
-3013
-2660
-1728
-1736
-2414
-2056
-480
1886
1807
-395
-1753
51
4316
5483
2823
-152
-509
437
-399
-434
1771
2528
-1104
-5679
-4953
-981
-182
-2366
-2710
-527
-185
-2063
-1431
2159
3714
2218
1732
4483
6584
5108
3694
5185
7446
7187
4947
3766
3598
2958
2296
2355
2256
-46
-3732
-5559
-4873
-3744
-4391
-6370
-7489
-8106
-8441
-7863
-6442
-4722
-4953
-5441
-4147
-1932
-185
-144
353
2012
3616
4749
5132
5174
4840
4578
5068
5237
4743
3671
2552
1379
204
262
867
12
-2387
-4030
-3135
-2006
-2457
-2782
-1544
-672
-1674
-2387
341
2596
235
-3399
-1821
4681
6661
1985
-1851
-763
1067
-876
-1407
2732
4352
-1441
-7958
-5774
956
1531
-3198
-4292
-614
620
-2362
-2448
2128
4099
1115
-714
2950
7100
5945
2751
2723
4853
5706
4818
4299
3543
1051
-954
-130
1932
1365
-2632
-6451
-7287
-5605
-3649
-3314
-5029
-7625
-9172
-8149
-5405
-3066
-2433
-3359
-3670
-2671
-429
1691
2309
2466
2733
4011
5598
6128
5781
4875
4480
4679
4800
4470
3198
1626
377
77
673
679
-593
-2736
-4174
-3376
-1645
-532
-575
-1474
-1823
-1426
382
1929
419
-2646
-2925
2223
6365
3962
-1330
-3135
-797
-402
-927
1548
3600
53
-6976
-7406
-617
2839
-678
-4230
-2663
89
-646
-1109
1906
3607
1399
-760
1778
6397
6734
3865
2253
3063
4412
4657
4750
4171
1583
-1249
-1836
153
1282
-814
-4205
-6256
-6169
-5429
-4531
-3958
-4760
-7096
-8580
-6789
-3612
-2286
-3319
-3933
-2492
-685
434
1190
2110
2873
3108
3933
5216
5974
5332
4018
3437
3726
4431
3966
2357
675
-285
-263
-109
-124
-552
-1842
-3329
-3283
-1598
114
245
-721
-768
513
947
-711
-2593
-1521
3041
5371
2636
-1223
-2515
-880
-712
-606
2401
3250
-855
-6583
-5907
674
2951
-448
-3404
-2422
-553
-811
309
3160
3197
257
-1154
1915
5605
5513
3543
2525
2687
2935
3083
3848
3969
2101
-316
-1556
-877
-12
-940
-2633
-4059
-4400
-4645
-5459
-5533
-5117
-4928
-5664
-6000
-5080
-4297
-4134
-3951
-2425
-590
69
308
781
1971
3001
3608
4439
5083
5046
4696
4078
3945
3968
3207
2510
1686
1444
1213
-68
-901
-1108
-803
-916
-1531
-1625
-1585
-1674
-1551
-209
1703
1284
-1356
-3707
-2455
2157
4412
2879
-451
-2236
-1763
-1473
92
3365
3798
-757
-5983
-5034
979
3602
1247
-1215
-1364
-1300
-1983
213
4408
4769
808
-1780
974
4866
4897
3162
2705
3157
2661
1760
2676
3543
1977
-671
-1875
-615
144
-1411
-3640
-4940
-5029
-5039
-5496
-5338
-5287
-6132
-6997
-6618
-4716
-3592
-3753
-3628
-2429
-578
331
871
1691
2394
3072
3785
4830
5356
4586
3861
3837
4298
4188
3109
2343
1659
1356
1171
803
156
-1035
-1582
-1017
-106
-217
-1316
-2042
-1820
-480
1326
1629
-308
-3116
-2844
1394
3926
2260
-1001
-2419
-1654
-1898
-615
2923
3168
-1725
-6693
-4345
2130
3479
202
-1623
-608
-265
-1186
1096
5007
4702
713
-905
2288
5336
4751
3128
2717
2706
2085
1717
2442
2263
443
-1228
-1746
-1141
-1503
-2979
-4408
-5185
-4901
-4830
-5279
-5901
-5991
-5469
-4887
-4447
-3924
-3399
-2865
-2163
-778
883
1447
1228
1364
2433
3850
4389
4454
4326
3612
2811
2804
3751
4287
3060
1274
807
1027
1168
722
246
-1
-813
-1203
-553
92
63
-1093
-1542
-217
1470
1141
-1272
-3044
-1186
1985
2093
-201
-2091
-1840
-1748
-2715
-1189
1515
1088
-3123
-5905
-2752
1516
1579
-528
-1110
68
79
-176
2185
4491
3814
1275
786
3371
5008
4230
2838
2372
2667
2397
1888
1821
1213
-126
-1372
-1632
-1088
-1632
-3150
-4442
-4541
-3978
-4111
-4633
-4912
-4671
-4295
-3802
-3083
-2606
-2613
-2497
-1537
-155
1006
1516
1386
887
1151
2807
4247
4274
2979
2164
2449
2778
3203
3484
2861
1423
258
675
1417
987
40
-369
-67
-364
-781
-403
-25
-377
-1117
-299
525
-188
-1739
-2073
185
1129
32
-1272
-1911
-1720
-2440
-2009
262
745
-1544
-4341
-3602
-192
1065
399
-214
-61
-81
-142
1701
4179
4208
2282
1248
2559
4289
4352
3548
2766
2163
1786
1689
1832
1500
264
-1047
-1943
-1956
-1706
-2300
-3363
-4142
-4070
-3739
-4158
-4515
-4432
-3948
-3269
-2881
-2377
-2252
-2426
-1981
-885
692
1604
1745
1367
793
1236
2429
3998
4390
3219
1952
1455
1948
2886
3204
2692
1340
171
-126
257
899
1179
865
-58
-986
-848
69
852
736
197
-148
-737
-1359
-1335
297
1253
-76
-2007
-2626
-1580
-1663
-2168
-1145
-404
-1478
-3831
-3726
-1076
137
-458
-812
59
506
-324
252
2646
3846
2832
1562
2086
3355
3449
3048
3184
2880
1834
921
1002
1347
677
-463
-1043
-1214
-1958
-3013
-3101
-2660
-2752
-3347
-3730
-3521
-3903
-4250
-3227
-1724
-1278
-2255
-2668
-1629
-607
45
870
1870
1911
938
743
1965
3447
3767
3180
2499
2299
2310
2507
2659
2639
2454
1863
1136
710
981
1250
1162
925
767
520
-88
-305
234
1050
979
-278
-1277
-1528
-589
322
254
-659
-2109
-2564
-2183
-1366
-643
-921
-1903
-3069
-3105
-1792
-583
-294
-834
-1203
-918
-419
356
1267
1667
1403
977
1077
1599
1941
1918
1680
1125
455
16
31
-48
-594
-1298
-1903
-2106
-2459
-2898
-3012
-3094
-3103
-3147
-3133
-2980
-3035
-2948
-2374
-1552
-900
-803
-690
-185
429
1148
1607
2085
2534
2616
2794
2997
3339
3634
3657
3671
3515
3382
3274
2944
2717
2562
2519
2474
1960
1382
1136
952
894
710
600
480
-69
-548
-572
-373
-268
-944
-1530
-1504
-1428
-1324
-1574
-1815
-2139
-2771
-2646
-1993
-1496
-1800
-2789
-2858
-2289
-1538
-778
-556
-615
-1007
-881
173
1190
1557
1326
999
1114
1328
1575
1796
1578
1145
617
414
508
207
-501
-1189
-1432
-1335
-1576
-2061
-2554
-2767
-2794
-2739
-2341
-2276
-2592
-2881
-2530
-1288
-627
-643
-754
-493
159
747
1586
2178
2191
2017
2314
3038
3470
3365
3262
3289
3301
3324
3431
3365
2842
2192
2079
2329
2227
1808
1287
900
515
206
235
181
-196
-651
-968
-1161
-1443
-1658
-1674
-1871
-2102
-2298
-2303
-2362
-2522
-2454
-2295
-2218
-2185
-2030
-1656
-1362
-1233
-855
-403
54
298
517
888
1132
1388
1559
1693
1719
1583
1617
1662
1485
1158
829
622
373
103
-200
-495
-928
-1432
-1788
-1832
-1768
-1955
-2326
-2586
-2650
-2537
-2457
-2199
-1758
-1622
-1637
-1522
-1053
-401
-55
181
688
1115
1337
1504
1725
2214
2511
2600
2794
2753
2655
2452
2489
2762
2729
2418
1761
1369
1352
1395
1339
911
386
-147
-539
-601
-601
-682
-1174
-1755
-2005
-1997
-1858
-1958
-2103
-2130
-2173
-2107
-1877
-1565
-1387
-1384
-1155
-651
-189
39
221
510
832
1172
1578
1868
1923
1799
1836
2068
2246
2183
1838
1523
1281
1122
1045
892
531
-72
-638
-866
-843
-932
-1250
-1743
-2157
-2367
-2365
-2165
-2017
-2047
-2303
-2445
-2217
-1829
-1427
-1135
-913
-746
-633
-301
190
630
968
1205
1424
1566
1615
1809
2140
2339
2350
2211
2112
2025
1888
1875
1833
1644
1241
798
598
501
328
13
-384
-679
-994
-1192
-1289
-1355
-1464
-1766
-1943
-1926
-1775
-1654
-1650
-1578
-1468
-1326
-1088
-792
-497
-364
-208
142
515
754
854
960
1125
1358
1600
1721
1628
1431
1299
1315
1439
1428
1196
793
390
213
186
158
-35
-429
-859
-1154
-1191
-1066
-1068
-1292
-1656
-1814
-1735
-1550
-1340
-1307
-1289
-1379
-1364
-1039
-707
-380
-270
-191
3
201
505
774
1039
1213
1284
1382
1489
1582
1703
1810
1792
1658
1416
1320
1276
1162
1014
775
559
174
-215
-327
-372
-440
-740
-1116
-1323
-1463
-1486
-1382
-1249
-1196
-1392
-1510
-1332
-997
-712
-630
-532
-385
-256
-4
312
589
661
603
700
941
1189
1183
1072
995
969
1019
1023
984
802
510
347
329
353
222
-80
-355
-474
-461
-480
-531
-671
-861
-977
-977
-779
-600
-631
-766
-863
-769
-539
-351
-253
-241
-269
-242
-123
92
321
390
355
365
465
636
706
745
768
750
752
747
785
742
606
492
423
415
332
143
-16
-122
-214
-321
-436
-521
-613
-691
-720
-708
-705
-716
-749
-679
-547
-452
-363
-327
-279
-197
-73
94
199
207
168
194
302
420
435
345
279
230
229
248
265
234
110
-6
-9
58
58
-10
-60
-79
-99
-100
-45
13
-24
-84
-77
0
39
15
0
23
16
-10
-1
29
36
-5
-28
-1
33
5
-9
8
42
73
58
80
113
103
99
127
197
243
196
133
98
109
128
145
147
83
-26
-135
-130
-62
-58
-130
-214
-250
-257
-247
-195
-161
-202
-265
-274
-189
-107
-100
-90
-117
-120
-89
-45
23
11
-4
-15
1
41
28
17
-1
26
73
62
49
34
24
70
110
143
152
109
115
132
151
193
176
153
125
111
136
126
99
46
2
-20
-23
-6
-34
-67
-116
-141
-116
-94
-55
-75
-113
-108
-82
-41
-10
7
24
-6
-17
13
42
46
19
36
53
41
2
-14
-5
14
23
27
13
-33
-53
-37
25
45
7
-13
-15
-9
-15
-6
12
13
-26
-52
-46
-34
-42
-75
-84
-73
-70
-86
-99
-95
-92
-97
-87
-62
-48
-50
-52
-32
-7
17
45
65
79
69
75
97
113
136
130
121
116
98
106
114
109
95
62
62
75
62
51
30
29
25
17
20
7
-10
-39
-49
-43
-49
-72
-95
-108
-121
-134
-139
-131
-135
-146
-149
-137
-120
-111
-105
-81
-49
-36
-19
1
35
64
77
100
115
120
121
134
153
167
146
125
116
109
104
86
73
59
39
13
-8
-14
-21
-45
-64
-67
-67
-86
-97
-93
-81
-87
-88
-77
-63
-55
-56
-45
-28
-15
-7
1
20
33
43
50
55
64
78
87
91
87
88
94
93
93
76
67
65
50
38
17
0
-17
-39
-55
-67
-87
-109
-125
-128
-144
-149
-149
-154
-143
-143
-120
-105
-108
-98
-78
-42
-19
-8
1
14
35
51
66
83
86
82
80
86
102
103
92
86
80
74
59
59
63
48
25
15
23
21
6
-1
-10
-19
-27
-19
-8
-23
-37
-44
-37
-27
-25
-24
-26
-23
-13
-2
2
8
10
21
37
47
53
58
66
69
77
84
82
78
74
62
54
46
37
21
4
-11
-27
-44
-54
-61
-79
-92
-99
-105
-107
-113
-108
-104
-102
-93
-83
-70
-68
-58
-40
-18
-2
0
12
19
31
49
60
69
62
61
66
73
77
76
69
52
40
35
42
33
12
0
-9
-18
-26
-29
-36
-49
-58
-58
-57
-61
-71
-73
-70
-64
-63
-57
-55
-49
-42
-36
-24
-21
-12
-4
6
19
25
33
49
49
53
58
69
78
73
70
68
70
67
58
56
49
39
35
28
20
9
2
-1
-7
-12
-17
-19
-25
-28
-31
-30
-25
-24
-23
-24
-20
-14
-9
-6
-3
4
10
14
20
22
27
25
26
31
35
33
29
24
23
17
15
14
5
-6
-19
-22
-24
-31
-36
-39
-45
-55
-55
-52
-51
-55
-59
-54
-49
-47
-38
-35
-29
-28
-24
-14
-7
-1
-2
3
6
10
14
19
21
22
21
23
27
27
27
25
28
30
30
28
26
27
22
18
22
24
19
10
6
10
10
5
1
0
-2
0
-1
0
2
2
7
8
11
14
16
22
25
29
29
30
26
25
29
29
19
9
6
3
-4
-11
-18
-28
-36
-40
-40
-43
-52
-58
-59
-54
-53
-50
-44
-41
-38
-35
-26
-12
-8
-5
0
4
10
13
17
17
14
12
18
19
14
9
7
9
8
3
0
-1
-1
-3
-5
-5
-1
-5
-8
-1
-2
-2
-1
1
3
4
5
6
8
13
14
13
15
18
19
20
24
27
28
28
26
27
27
31
31
27
24
20
17
15
13
7
0
-4
-8
-10
-17
-18
-24
-29
-32
-36
-38
-39
-37
-37
-35
-38
-35
-34
-27
-22
-23
-19
-15
-11
-6
0
3
2
3
5
8
13
13
11
10
9
7
8
10
9
4
-1
3
4
1
0
0
-2
-2
0
1
1
0
1
2
5
6
6
8
12
14
14
16
16
17
19
21
21
21
22
22
19
17
18
16
13
11
10
7
4
4
3
3
-2
-3
-5
-8
-9
-9
-7
-12
-17
-15
-15
-15
-18
-17
-16
-18
-19
-18
-18
-16
-15
-14
-12
-9
-8
-7
-5
-3
-1
0
1
4
5
5
8
8
11
10
7
10
8
9
6
3
4
1
-1
-4
-8
-11
-13
-15
-16
-18
-20
-18
-20
-18
-17
-16
-14
-12
-8
-7
-3
0
2
7
11
11
14
18
20
22
21
20
23
24
24
20
20
17
15
14
15
15
7
5
2
0
0
-1
-3
-7
-9
-11
-11
-11
-13
-16
-17
-15
-11
-12
-10
-9
-8
-7
-4
-2
2
2
4
5
5
12
13
14
12
13
16
16
15
12
11
12
11
11
8
4
4
2
0
-1
-3
-3
-6
-7
-9
-12
-13
-11
-9
-12
-15
-13
-13
-11
-11
-9
-7
-8
-6
-3
-2
-5
-5
-1
1
0
1
1
2
0
-2
0
1
0
-1
1
2
0
-2
0
4
5
3
6
6
6
6
6
10
10
8
7
4
3
3
1
1
0
-1
-2
-6
-8
-6
-5
-6
-8
-10
-8
-7
-3
-3
-3
-3
-1
1
4
3
4
8
9
10
7
8
9
9
9
6
8
5
6
8
5
2
2
3
3
0
1
0
-1
0
-2
-3
-4
-6
-4
-8
-11
-10
-9
-7
-11
-12
-9
-8
-9
-10
-9
-4
-2
-4
-2
-1
1
2
3
5
6
6
7
9
7
8
11
7
5
5
5
7
3
0
-2
-4
-6
-6
-9
-11
-14
-14
-16
-18
-20
-19
-16
-18
-18
-16
-14
-13
-10
-5
-6
0
1
2
4
7
14
14
14
13
15
18
19
21
21
20
18
19
21
18
16
12
11
14
14
7
5
4
4
4
3
2
0
0
-1
-1
-1
-3
-2
-1
-3
-4
-5
-4
-2
-6
-5
-5
-6
-6
-7
-6
-6
-8
-8
-8
-5
-4
-5
-7
-7
-7
-6
-3
-2
-3
-6
-4
-4
-3
-2
-2
-5
-9
-7
-5
-1
-3
-7
-6
-4
-4
-5
-6
-4
-4
-1
-3
-1
0
1
0
0
3
4
5
3
6
5
3
4
5
3
2
4
6
4
1
2
4
4
5
4
4
4
5
7
6
5
6
6
6
5
6
6
6
3
3
3
3
2
0
1
2
1
0
-3
-2
-1
-1
-1
-2
-2
-3
-3
-4
-4
-3
-1
-2
-2
-5
-5
-2
-2
-1
0
0
-1
-3
-1
0
0
1
0
-1
-1
2
2
0
0
-2
-1
0
-1
-4
-2
-2
-3
-4
-2
-1
-2
-2
-4
-1
-1
0
-1
-2
-1
1
1
0
1
1
2
4
5
3
1
1
4
6
2
0
0
2
3
-1
-2
0
-1
-1
-1
0
-2
-4
-2
0
-1
-1
-2
-1
1
1
0
1
0
2
4
6
6
4
3
5
2
2
4
5
3
3
2
1
1
1
1
-1
-2
-5
-5
-5
-6
-5
-6
-6
-7
-8
-9
-8
-7
-7
-7
-7
-7
-6
-3
-1
-3
-3
-2
-3
0
-1
2
3
1
4
6
6
6
5
8
11
12
13
12
12
13
13
14
14
14
11
9
7
6
5
1
-1
-3
-5
-5
-9
-13
-15
-15
-14
-15
-15
-13
-12
-13
-12
-11
-8
-5
-1
0
1
0
2
3
7
9
6
5
6
7
7
7
4
4
4
2
1
-1
-1
-2
-2
-3
-5
-7
-6
-5
-5
-6
-6
-6
-3
-3
-3
-3
-1
1
0
0
0
2
4
3
4
3
4
6
7
6
5
7
8
7
5
4
5
6
6
5
1
0
0
0
0
0
-1
0
-3
-3
-1
-2
-2
-2
-3
-2
-1
-1
-1
-3
-1
-3
-3
-1
-2
-2
-3
-3
-3
-2
-1
-1
-2
-2
-3
-1
0
1
0
-1
-1
-1
2
2
1
0
1
2
2
1
1
0
2
3
2
2
1
0
0
1
2
1
0
0
0
0
0
0
0
0
1
0
2
1
0
1
2
2
0
-1
1
2
0
0
1
1
0
-1
0
0
-2
-3
-2
-3
-3
-4
-3
-3
-5
-5
-3
-3
-3
-3
-1
0
-1
0
1
1
3
4
1
0
1
5
4
3
2
1
2
1
1
0
1
1
-1
0
1
0
0
0
1
-1
1
0
1
1
0
0
0
0
0
1
1
0
0
-2
-2
-2
0
-1
-2
-3
-4
-3
-4
-1
-1
-1
0
0
0
0
0
0
1
2
2
1
2
2
4
2
1
1
1
1
1
-1
-2
-2
-2
-3
-1
-2
-2
-2
-3
-3
-5
-3
-1
-2
-2
-1
-1
-1
-1
-1
-1
0
-1
-1
0
0
-1
0
-2
-1
0
0
-1
-1
-1
-1
0
0
0
0
-1
-1
-1
0
0
0
1
0
1
1
1
1
2
1
2
2
1
3
3
3
3
4
3
2
2
1
3
4
3
0
1
1
4
3
1
1
0
0
-1
1
2
0
-1
0
0
0
0
-1
0
0
0
0
0
-1
-1
-1
-1
-1
-2
-2
-2
-2
-4
-4
-3
-3
-4
-3
-3
-5
-7
-4
-3
-3
-3
-2
0
-1
-1
0
0
0
1
3
5
5
1
3
4
7
7
4
3
1
2
2
3
2
0
-1
0
0
-1
0
0
-1
-1
-1
-1
-3
-2
-2
-2
-3
-2
-2
-4
-1
0
-1
-2
-2
-1
2
0
0
0
0
2
1
1
2
3
3
1
0
1
3
1
1
-1
-1
0
0
-1
-2
0
0
0
0
1
-1
-2
-1
0
-2
-1
0
0
0
-2
0
1
3
1
0
1
0
0
1
2
0
0
1
1
0
0
1
1
0
0
2
4
3
1
2
2
0
3
5
3
2
0
2
-1
-4
0
0
-1
-3
-1
0
-2
-4
-3
-2
1
-2
-2
0
0
0
2
3
0
0
2
1
0
0
2
0
-3
0
-1
-1
1
0
-3
-1
1
-1
-1
-1
0
-3
-1
3
-1
-1
0
0
0
-1
-1
-2
-1
1
1
-2
0
-2
-4
-1
-2
-2
0
3
-1
-3
-2
2
2
2
1
1
2
-3
-1
0
2
2
0
-4
-3
0
0
1
0
0
-4
0
3
-1
-1
2
1
-1
0
0
0
3
3
-5
0
3
1
1
4
-1
0
4
5
4
2
1
4
5
3
2
3
7
4
0
0
1
3
1
-2
1
1
-6
-2
-1
-2
-5
-6
-3
-5
-7
-2
-1
-7
-6
-3
-6
-6
-5
-4
-7
-2
2
-2
-5
-2
2
-1
0
1
-2
0
4
3
2
5
4
-1
4
7
3
0
4
4
2
6
7
3
1
2
6
2
0
1
0
-1
0
0
-4
-5
-1
-1
-3
-3
-5
-8
-5
1
1
-3
-3
3
0
-1
2
6
1
-1
8
5
2
1
3
1
-1
1
0
0
2
1
-4
-7
-2
1
-2
-3
-6
-5
2
1
-2
-3
-1
1
1
0
2
4
4
1
1
5
5
3
1
2
-1
-4
0
0
-3
-6
-3
-1
-5
-6
-2
-8
-9
-2
0
0
-2
-6
-2
5
6
0
-5
-1
7
5
-4
-1
2
4
0
-3
-1
3
5
-1
-4
-1
2
2
-1
1
6
7
-1
-4
6
10
5
0
4
8
4
2
1
1
1
0
2
5
0
-5
-2
2
1
-3
-3
-2
1
1
0
-2
-6
-4
1
1
-6
-8
-3
4
2
-10
-11
-2
5
1
-6
-7
-3
0
1
-3
-2
2
0
-5
-2
8
5
-2
-9
-5
1
4
2
-4
-5
-1
5
2
-2
0
2
4
2
3
5
4
3
5
6
3
1
3
4
4
-1
-4
0
4
3
-5
-9
0
4
-5
-15
-8
4
3
-8
-11
-1
6
-1
-11
-7
4
9
2
-4
3
9
2
-5
0
9
11
1
-2
3
9
5
-2
-3
5
7
-2
-7
-1
8
6
-7
-7
2
4
-1
-7
-6
-1
-1
-3
-3
-3
-4
-5
-6
-2
0
0
-5
-3
1
-2
-3
1
4
5
0
0
3
7
5
2
3
6
8
4
1
3
3
1
0
1
0
-1
-2
-1
-2
-6
-7
-4
0
-3
-6
-3
1
2
-2
-5
1
2
1
-1
1
7
7
1
-2
1
1
2
3
3
3
-1
-7
-5
2
0
-1
0
0
-4
-8
-2
3
0
-5
-7
-3
0
2
1
-2
1
2
4
5
3
-4
-2
5
10
4
-7
-4
7
8
2
-4
3
8
2
-6
-3
14
8
-8
-8
6
9
-4
-10
0
7
-3
-9
0
6
-5
-14
-2
13
3
-13
-4
13
5
-12
-5
13
14
-3
-8
5
10
1
-6
5
10
2
-8
-1
13
0
-6
-1
10
2
-11
-8
3
3
-1
-2
-4
-4
-1
3
-5
-12
-5
3
0
-9
-7
-2
-6
-7
-3
-1
-6
-6
1
2
-5
-7
-2
0
-2
-3
1
2
-5
-9
0
7
1
-6
-2
4
3
0
2
4
5
6
4
5
8
7
4
8
14
9
3
7
10
2
5
15
11
0
-5
8
13
4
-4
-2
9
5
-1
3
6
1
-8
-3
2
-2
-5
-1
-1
-5
-12
-12
-4
2
-4
-14
-16
-6
-4
-14
-15
-7
-3
-8
-10
-8
-1
1
-4
-6
-1
6
5
1
8
10
4
2
6
8
3
5
4
0
1
6
3
-7
-3
5
1
-10
-10
0
3
-5
-9
-2
1
-2
-3
0
0
-1
0
5
2
0
2
7
6
0
-1
1
5
3
0
0
1
1
-1
-2
-2
-1
1
-1
-2
0
2
2
1
-1
0
2
3
1
1
3
1
-1
0
1
3
-2
-3
0
-1
-4
-4
0
0
-3
-2
0
0
-2
-6
-5
0
1
0
0
1
1
-1
0
3
3
2
2
2
0
0
3
6
2
-1
0
0
1
0
0
-1
0
0
-1
-1
-1
-1
0
-1
-1
-2
0
0
-1
-1
0
1
0
-2
1
2
-1
-2
-1
1
0
0
-1
1
0
-1
1
0
0
-1
-2
0
0
-1
0
1
0
0
-1
1
0
0
0
0
1
2
2
1
0
1
1
0
0
0
3
1
0
1
0
-1
0
1
-1
-1
0
2
-1
-2
-2
0
1
1
0
1
2
-1
0
-1
1
3
0
1
1
1
1
0
1
0
2
1
1
1
1
2
2
-1
0
2
3
2
0
-1
0
0
0
1
-1
-5
-3
-1
-3
-2
0
0
-4
-3
-2
-1
-1
0
0
-1
0
0
2
-1
1
3
1
1
2
2
1
3
0
0
1
0
0
0
1
0
0
-1
-1
1
0
-1
-1
0
1
-1
0
0
0
0
0
-1
1
0
0
-1
0
0
1
1
0
1
-1
-2
1
1
1
0
-1
1
2
1
-2
-2
0
2
1
0
0
0
1
1
0
-1
0
0
1
1
-2
-3
0
1
0
-1
-1
1
1
0
1
2
2
1
0
0
0
1
0
0
0
1
0
0
0
-2
0
-1
-1
-1
0
0
0
0
-1
0
0
-1
0
0
0
-1
0
0
0
0
-1
0
0
0
0
0
0
-1
0
0
0
0
0
0
0
0
-1
0
0
1
-1
0
1
1
-1
1
1
0
0
1
0
0
-1
-1
-1
1
0
-1
-2
-2
0
0
-1
0
0
0
0
0
1
0
0
1
1
-1
1
1
1
1
0
2
1
2
1
0
0
0
1
1
0
0
0
0
0
1
0
1
1
0
1
0
0
0
0
0
1
0
0
0
-1
-1
1
0
0
-1
0
0
-1
0
-1
-1
-1
-1
0
-1
-1
0
-2
0
1
0
0
1
0
0
0
-1
1
0
0
0
1
0
0
0
1
1
0
0
0
1
1
0
0
0
1
1
0
0
0
0
-1
-1
0
0
-1
0
-2
0
0
0
-1
-1
-1
0
0
0
0
1
1
0
0
0
0
0
1
0
0
-1
0
-1
0
0
-1
0
-1
0
1
0
0
-1
-1
0
0
0
-1
0
-1
0
0
0
-1
0
0
0
0
0
0
0
0
1
1
2
1
0
2
2
0
0
1
1
0
1
1
1
0
1
0
0
-1
-1
0
0
-1
-2
0
0
0
0
-1
1
1
1
-1
1
0
-1
0
1
1
2
2
0
0
0
2
3
0
0
0
0
0
0
-1
0
0
0
-1
-3
-2
-2
-2
-2
-4
-2
-1
-2
-3
-3
-2
-2
-2
-1
-2
-1
0
-1
-1
0
-1
2
-1
-1
-1
1
2
0
1
0
0
2
1
0
0
3
2
2
2
0
0
2
2
3
0
2
2
1
2
2
1
0
2
3
1
0
1
3
1
1
1
0
1
0
0
0
-3
-1
1
0
-1
-1
-1
-2
-2
-2
-3
1
-1
-1
-1
-1
0
-2
-1
-1
-1
1
1
0
0
0
0
0
1
2
0
0
1
1
-1
0
0
1
0
1
0
0
0
1
-1
0
0
0
0
-1
0
-1
-1
0
-1
0
0
-1
0
0
0
-1
0
1
1
-1
-1
-1
0
-1
-2
-1
0
0
0
-1
0
1
1
1
0
0
2
1
3
1
1
1
2
3
0
0
0
0
0
0
-1
0
-3
-1
-1
-1
-1
0
-1
-1
0
0
0
0
0
0
1
0
1
2
1
0
0
0
0
0
1
2
0
0
0
0
0
0
-1
0
0
0
1
0
0
0
0
-1
0
-1
0
1
0
0
1
-1
-1
0
0
-1
0
0
0
0
0
1
-1
0
-1
0
0
-1
0
0
0
0
-1
0
0
0
0
1
1
0
1
0
0
0
0
0
-1
0
0
0
0
0
0
-1
0
-1
0
0
0
0
-2
-1
-1
0
0
0
0
1
0
0
0
0
0
0
-1
0
0
0
0
0
1
0
0
0
0
1
0
-1
0
1
0
0
0
1
1
0
0
-1
0
1
0
0
1
1
0
0
0
-1
1
0
0
-1
0
0
1
0
0
0
0
0
0
1
-1
0
0
0
0
-1
0
-1
0
0
0
0
-1
0
-1
0
1
0
1
0
0
0
1
0
0
0
-1
1
1
0
-1
0
0
0
0
0
0
0
0
0
-1
-1
1
0
0
0
0
0
0
0
0
0
1
0
0
-1
0
-1
0
0
-1
0
1
0
0
0
-1
0
0
0
-1
0
0
0
0
0
0
0
0
-1
1
1
1
0
1
1
0
-1
1
2
0
0
0
0
-1
0
0
0
0
-1
0
1
-1
-2
-2
1
2
0
-1
-1
0
0
-1
-1
0
0
-1
0
0
-1
-2
0
1
1
-1
0
0
1
-1
-1
2
2
0
-1
2
2
1
0
0
1
0
-1
0
1
1
-1
-1
0
0
0
-1
-1
-1
-1
-1
0
-1
0
0
1
0
0
-1
0
0
0
-1
0
1
0
-1
0
0
0
-1
2
1
-1
-1
0
2
0
0
0
1
1
0
0
1
2
0
1
2
1
-1
0
3
1
-2
-1
2
0
-3
-2
1
0
-2
-4
1
2
-1
-4
-2
0
1
-2
-1
1
2
1
-1
1
3
1
0
1
1
1
0
1
2
1
-1
0
1
1
-1
-1
0
-1
-2
-2
0
0
-2
-2
0
0
-1
-2
0
2
-1
-3
0
1
0
-2
-1
1
1
-1
-1
0
2
0
-2
0
1
1
-1
-1
0
0
-1
0
1
0
0
0
0
0
-1
1
3
1
-1
2
2
-1
0
1
3
1
0
1
2
2
0
1
0
0
1
1
2
0
-3
-1
3
4
-1
-1
2
2
-1
-1
-1
1
1
-1
-1
1
0
-2
-1
1
1
-1
-3
-2
-1
2
0
-3
0
3
0
-3
-2
1
2
-1
-2
-1
1
1
-1
-2
-2
1
2
-1
-3
-1
1
0
-2
-2
1
2
1
0
-1
0
2
1
0
-1
1
3
3
0
-2
0
2
2
-1
-1
0
1
-2
-2
0
0
0
-2
0
1
2
-1
-2
0
3
2
0
-2
0
3
1
-2
-2
0
1
1
-1
-3
0
0
0
-2
-2
1
2
-1
-1
1
1
0
