SAMPLES:	11709
BITSPERSAMPLE:	16
CHANNELS:	1
SAMPLERATE:	16000
NORMALIZED:	FALSE
2
3
3
2
2
1
2
1
2
1
0
0
-1
-2
-3
-4
-3
-3
-3
-4
-4
-3
-4
-4
-3
-1
-1
1
0
0
1
2
3
1
1
2
2
2
1
2
-1
0
1
-1
-2
-2
-3
-2
-3
-3
-2
-1
-1
-1
-2
-1
0
1
0
0
1
1
1
-1
0
0
0
0
0
-1
-1
0
0
-1
-1
-3
-1
-1
-1
-1
-2
-2
0
0
0
0
-1
0
0
1
0
-1
1
0
0
0
0
1
1
-1
0
0
0
0
-1
-1
1
1
1
-2
-2
-1
-1
-1
0
0
-2
-2
-1
-1
-1
0
0
2
0
1
2
2
3
3
3
5
4
6
6
3
5
4
2
3
0
0
-1
-1
-1
-1
0
-1
1
0
0
2
0
2
4
4
4
5
5
5
6
4
3
1
2
3
1
1
1
0
-1
-1
0
-1
-3
-1
1
-1
-1
0
2
1
2
2
3
4
2
3
4
3
3
2
1
0
1
-1
0
-1
-2
-1
-1
-2
-3
-2
-1
0
-1
0
1
0
0
0
-1
1
0
1
1
1
1
0
0
0
0
0
0
0
2
0
0
0
1
3
1
2
1
1
3
2
0
1
2
2
3
1
0
0
-1
0
-1
-2
-1
-2
-1
-3
-4
-4
-4
-3
-4
-1
-1
-1
-1
-1
0
0
2
1
2
2
2
2
2
2
1
1
1
-1
-1
-1
-1
-1
-3
-3
-1
-3
-4
-4
-3
-3
-3
-1
0
0
0
0
0
0
0
0
1
3
1
1
2
1
2
1
2
0
0
0
0
0
-1
0
0
0
-1
-1
0
0
0
-1
-1
0
0
0
-1
-1
0
0
-2
-2
0
0
0
0
0
0
-1
0
0
-1
1
0
1
1
1
1
2
2
3
3
2
1
2
1
1
-1
0
0
0
0
-1
0
0
1
1
1
0
1
2
0
1
2
2
3
2
3
1
0
0
0
0
0
0
0
2
0
-1
-1
0
0
1
0
0
2
1
2
0
1
0
1
0
0
-1
-1
-1
-2
-2
-3
-3
-3
-3
-3
-2
-2
-2
0
0
0
0
0
2
1
2
1
1
1
1
1
-1
-2
-1
0
-2
-2
-2
-1
-1
-2
-1
-1
-1
-2
-1
0
0
0
1
1
0
0
2
1
0
-1
1
1
0
-1
-1
0
0
-1
-2
-2
-2
-1
-1
-3
-3
-2
-2
-2
1
0
0
0
0
0
0
0
0
1
3
2
1
0
0
-1
-1
-1
-1
-1
-3
-1
-2
-4
-4
-3
-4
-3
-3
-3
-4
-4
-4
-5
-4
-2
-2
-2
-1
-1
0
1
1
1
1
3
4
3
3
3
4
3
2
2
-1
0
1
0
0
-1
-1
1
-1
-2
-2
-2
0
-2
-2
-1
-1
1
0
2
2
1
2
2
0
0
0
2
2
1
0
1
0
-1
-1
-5
-6
-4
-4
-4
-4
-5
-4
-4
-2
-1
-1
-1
0
0
0
1
2
3
3
3
2
2
1
1
0
3
2
1
0
0
1
-1
-2
-2
0
0
0
0
-2
-2
0
0
0
-1
-1
1
-1
-1
-1
2
1
-2
-2
-1
-1
-1
-3
-2
-3
-3
-2
-1
1
-1
0
0
0
0
0
4
6
5
4
5
4
3
3
4
0
-2
-4
-2
-2
-6
-8
-7
-7
-10
-11
-10
-9
-9
-7
-6
-5
-5
-3
-1
0
0
2
4
7
7
5
6
9
7
4
2
3
0
0
-1
-2
-3
-4
-2
-5
-6
-7
-6
-2
-4
-4
0
0
0
3
3
3
4
3
4
4
6
6
7
6
6
5
4
4
2
2
3
3
5
2
1
1
1
1
0
-1
-1
-2
-1
0
-1
-2
-3
-1
-2
-2
-1
-1
1
-1
-1
0
-1
-3
-4
-3
-1
0
0
0
0
-2
-1
0
0
0
1
1
2
2
3
3
3
3
3
4
6
5
2
2
5
5
3
2
3
1
0
1
0
1
0
0
0
1
-2
-2
-1
-1
-1
-1
0
0
0
0
0
1
5
4
3
2
2
2
0
1
-1
2
3
3
1
0
-1
-1
-2
-4
-2
1
2
1
0
1
1
1
2
3
3
1
0
2
2
1
0
0
1
0
0
0
-1
1
2
2
2
0
0
1
2
1
-1
0
0
1
0
0
-1
-1
-2
-3
-3
-3
0
0
0
0
-1
1
3
4
3
3
3
4
4
3
2
1
0
-2
-4
-4
-4
-3
-4
-6
-6
-3
-2
-4
-4
-3
-1
1
2
1
1
3
6
5
3
4
6
5
4
3
4
4
1
0
-2
-2
-4
-5
-6
-6
-5
-3
-4
-5
-5
-2
-2
-1
-1
1
2
4
6
7
6
5
6
7
7
6
5
5
3
1
0
0
0
-1
0
0
1
0
-1
-3
-3
0
2
1
-1
1
2
0
1
0
0
3
3
3
2
2
2
2
2
0
0
1
2
1
-1
-2
-2
-2
-1
-2
-1
0
0
0
0
0
-1
-1
0
0
1
2
1
1
2
3
0
-1
-1
0
0
0
0
1
1
0
-1
-1
-1
0
0
0
1
1
1
1
0
0
-1
0
0
-1
-1
0
-1
0
-2
-2
-2
-2
-2
-2
-3
-1
-1
0
-1
-1
1
1
1
0
1
0
0
1
0
2
1
1
1
1
1
0
0
0
0
0
0
0
-1
-2
0
-1
-3
-4
-3
-2
-3
-4
-1
-2
-1
0
0
0
0
-1
2
3
1
1
1
3
1
1
0
0
0
0
0
0
0
0
0
-2
-1
-1
0
-1
-1
-1
-1
-1
-1
0
0
0
0
0
1
1
0
1
1
2
0
0
1
0
0
0
1
0
-1
-1
-2
-1
-1
-2
-1
-2
-2
-1
-1
-1
-1
-1
0
0
0
0
-1
-1
0
0
0
1
0
0
0
1
0
-1
-1
1
0
0
-1
1
0
0
0
0
-1
0
1
1
0
-1
1
1
0
0
0
-1
0
0
0
-2
-1
0
-1
-1
-3
-2
0
0
0
-2
-1
0
-1
-1
-1
0
-1
0
0
-2
-3
-1
0
0
-2
-2
0
0
0
0
-1
-1
-1
0
0
0
2
1
-1
0
-1
-1
0
0
-1
-1
-2
-2
-2
-3
-3
-2
-1
-1
-2
-1
-1
-1
-4
-3
0
1
0
0
0
0
-1
1
0
0
0
0
0
0
0
0
-1
0
1
0
0
0
0
1
1
-1
0
1
2
-1
1
-1
0
2
1
1
0
0
1
1
0
-1
-1
0
1
0
0
0
1
2
0
0
0
1
0
2
1
1
2
1
1
0
1
1
3
1
1
0
0
0
0
-1
0
2
1
0
0
0
0
1
1
0
0
1
0
-1
-1
-1
0
0
-1
0
0
0
0
0
-1
-1
0
0
0
1
2
0
1
0
0
-1
0
0
0
0
0
0
0
0
1
-1
-1
0
0
-1
0
0
2
2
1
1
1
1
1
1
1
3
3
1
0
0
-1
0
0
-1
0
1
1
-1
0
0
0
0
1
1
-2
0
0
-2
-3
-4
-2
-1
0
-1
-2
0
0
-1
1
0
1
2
2
2
2
2
3
2
2
1
0
0
0
-1
1
1
-1
-2
-2
-3
-1
-1
-1
-1
-2
-1
-2
0
0
0
0
1
1
1
0
-1
0
0
1
0
0
1
0
0
-1
-1
-2
-2
-1
-2
-3
-3
-1
-3
-4
-2
0
1
0
-2
0
0
0
1
0
-1
0
0
0
-2
-1
0
-2
-2
-2
0
0
-1
-4
-4
-3
-2
-2
-1
0
-1
0
-1
-1
-1
-1
1
1
1
0
0
-1
0
1
-1
-1
0
-1
0
-1
-2
-1
-1
-1
-2
-2
-3
-1
-2
-1
-2
-1
1
0
1
0
0
1
1
0
0
1
1
1
-1
0
0
0
-1
-1
-1
0
-1
-1
-1
-1
-1
-1
0
-1
0
0
0
-1
0
0
0
0
0
0
0
0
0
1
0
0
0
-1
0
-1
0
0
0
-1
0
-2
-1
0
0
-1
0
0
0
0
0
0
1
2
2
1
0
2
1
0
0
0
2
1
0
0
1
-1
0
-1
1
1
-1
1
0
0
1
0
0
-1
0
-1
0
0
2
1
0
1
1
0
0
1
-1
1
1
1
0
0
1
1
2
1
0
2
2
3
2
1
1
1
3
3
2
2
3
3
3
2
2
2
4
3
2
2
2
2
1
2
2
1
1
0
0
0
1
0
-1
-1
0
1
-1
-1
-1
-1
-1
2
-1
0
0
0
0
0
0
2
3
3
2
4
5
4
3
3
1
1
1
1
0
-1
-1
0
0
-1
-1
-1
-3
-4
-2
0
0
0
1
2
1
2
2
2
2
4
5
3
1
1
1
0
0
1
0
0
-1
0
-1
-2
-1
0
2
2
0
0
0
2
2
3
4
1
-1
1
3
2
0
1
2
-1
-3
-1
-1
-1
-1
1
2
-1
-3
2
5
-1
-3
2
4
1
0
3
3
0
-1
2
2
-1
1
3
-1
-3
-2
2
-1
-2
0
0
-3
-3
1
-1
-4
0
2
0
-3
2
2
-4
-3
3
2
-5
-3
1
0
-5
-1
3
-2
-5
1
2
-4
-5
1
1
-3
-2
2
0
-3
-2
0
0
1
-1
-4
-2
1
-2
-5
-1
0
-3
-1
2
0
-4
0
3
-1
-2
1
2
0
0
3
0
-3
0
-2
-4
0
0
0
-3
-2
0
-4
-5
0
0
-1
-1
-2
-3
-1
0
0
-3
-2
3
5
1
-2
2
6
3
-2
3
5
0
0
4
3
-5
-4
2
-2
-8
-2
0
-5
-8
-4
-2
-6
-5
1
1
-1
-2
2
4
0
-2
0
2
4
1
-1
3
4
-1
-1
0
0
-2
-4
-2
-2
-2
0
0
-1
-4
-2
2
2
0
0
4
4
0
3
5
1
0
6
7
1
-1
2
4
3
0
-3
-3
-3
-3
-3
-4
-2
-2
-4
-1
-1
-4
-2
1
1
-1
2
4
4
4
2
4
5
6
2
-1
4
5
2
-1
1
1
-1
-3
-4
-4
-3
-3
-5
-6
-2
0
-2
-4
-1
0
1
3
2
3
4
5
7
5
2
3
4
3
0
-1
1
2
0
0
0
-1
-1
-2
-1
-2
-3
-2
-2
-1
-1
0
0
0
0
2
3
0
1
2
1
0
1
0
-2
0
-1
1
-1
-2
-2
-2
-3
-2
-2
0
0
0
-1
-1
0
0
2
3
2
1
1
2
2
2
3
2
1
0
1
2
1
0
2
1
0
0
1
3
1
2
0
2
2
-1
1
1
0
2
1
1
1
0
0
0
-1
-1
-1
0
0
1
-1
0
0
1
0
0
1
0
0
1
2
-1
1
3
3
1
0
0
1
0
0
1
2
2
1
2
1
-1
-1
-1
1
-1
-2
-1
0
0
-2
-3
-4
-2
-1
-1
-1
-2
-1
-1
-1
-1
-2
0
0
2
0
0
1
0
0
0
1
2
1
-2
-2
-3
-1
-1
-2
-1
-1
1
-2
-1
0
-2
-1
-1
1
-1
-1
0
0
0
-2
-3
-3
-2
-2
-4
-5
-2
-1
-3
-2
-2
-2
-2
0
-1
-2
0
0
2
1
2
0
-2
0
1
-1
-2
-2
-3
-5
-4
-4
-5
-4
-2
-1
-1
-2
-1
-3
-2
0
0
1
2
2
2
1
4
3
1
0
1
2
-1
1
0
0
2
0
0
-2
0
0
0
0
0
0
0
2
2
0
-1
3
4
3
1
1
0
-1
-1
-1
1
0
-1
0
1
-1
-4
-3
-1
-1
-2
-1
1
-1
-1
0
0
0
-1
0
0
1
2
1
1
2
2
0
1
3
1
0
0
1
0
1
1
-1
-2
-2
0
-2
-3
-2
-1
0
1
1
0
0
2
1
0
2
2
2
4
2
1
0
0
2
0
-1
0
0
0
-3
-2
-1
-1
-2
-2
-1
-2
-1
-2
0
0
-1
0
0
1
1
1
0
-1
-2
-4
-5
-5
-5
-8
-7
-7
-8
-9
-7
-5
-7
-8
-8
-9
-10
-14
-13
-12
-13
-15
-14
-14
-16
-15
-16
-20
-28
-35
-38
-39
-39
-34
-24
-11
1
15
34
49
64
73
83
93
103
112
114
118
117
115
106
92
82
62
38
13
-8
-34
-56
-70
-81
-87
-89
-85
-74
-58
-40
-29
-17
-3
17
32
41
42
44
42
30
8
-19
-50
-89
-124
-152
-168
-181
-187
-177
-144
-87
-20
46
113
198
281
336
370
396
418
416
404
401
392
351
273
202
139
61
-64
-216
-326
-384
-421
-436
-413
-336
-228
-137
-83
-62
-57
-61
-120
-246
-372
-434
-438
-454
-482
-489
-472
-479
-536
-609
-640
-655
-736
-847
-882
-809
-744
-732
-682
-497
-247
-63
72
225
425
594
712
855
1049
1258
1444
1650
1903
2112
2230
2319
2412
2424
2281
2055
1841
1649
1400
1109
837
605
392
166
-69
-326
-602
-895
-1154
-1373
-1567
-1747
-1849
-1824
-1753
-1690
-1618
-1491
-1364
-1341
-1378
-1380
-1316
-1266
-1283
-1299
-1238
-1113
-1004
-960
-938
-896
-823
-794
-837
-872
-836
-763
-747
-760
-711
-587
-451
-356
-263
-113
68
228
386
615
921
1236
1496
1739
2016
2304
2576
2794
2981
3153
3305
3405
3425
3401
3319
3155
2854
2457
2017
1535
1035
528
68
-321
-634
-892
-1098
-1243
-1353
-1464
-1583
-1653
-1682
-1733
-1813
-1815
-1746
-1746
-1853
-1958
-1978
-2036
-2206
-2360
-2349
-2240
-2189
-2141
-1931
-1611
-1376
-1271
-1140
-935
-851
-949
-1087
-1136
-1141
-1168
-1153
-1034
-844
-614
-306
102
564
1045
1581
2168
2767
3344
3922
4496
5031
5478
5776
5953
6019
5944
5611
4987
4168
3226
2162
888
-492
-1763
-2843
-3890
-4930
-5680
-6026
-6207
-6387
-6334
-5886
-5250
-4634
-3908
-2885
-1748
-740
246
1382
2480
3256
3806
4358
4769
4767
4518
4327
4001
3178
2102
1233
428
-756
-2184
-3268
-4083
-5129
-6373
-7244
-7555
-7758
-7893
-7644
-6929
-6060
-5094
-3689
-1954
-286
1168
2669
4247
5587
6603
7403
8002
8224
8119
7899
7586
7036
6273
5579
5006
4418
3785
3349
3099
2745
2242
1897
1887
1642
802
-129
-607
-979
-2057
-3483
-4333
-4762
-5629
-6878
-7337
-6874
-6668
-7042
-6938
-5657
-4143
-3316
-2505
-914
919
2000
2713
4051
5607
6292
6130
6186
6593
6352
5224
4022
3155
1943
45
-1816
-3135
-4398
-6021
-7436
-8059
-8268
-8701
-9058
-8696
-7787
-6985
-6366
-5390
-4125
-3055
-2109
-772
860
2002
2661
3569
4954
6010
6270
6377
6760
6961
6415
5511
4922
4454
3579
2411
1586
1312
1132
920
1025
1563
2331
3137
4037
4862
5388
5727
5961
5740
4743
3429
2260
866
-1166
-3305
-4814
-6054
-7716
-9243
-9697
-9437
-9472
-9659
-8851
-7095
-5614
-4630
-3120
-763
1341
2569
3847
5855
7743
8632
9038
9741
10382
10154
9189
8063
6657
4611
2091
-426
-2928
-5722
-8451
-10591
-12112
-13324
-14229
-14292
-13448
-12154
-10692
-8889
-6558
-4075
-1862
106
2006
3680
4797
5420
5935
6363
6313
5783
5286
5116
4951
4444
3819
3350
2930
2420
1979
1698
1277
633
213
337
742
977
1294
2285
3778
5000
5716
6587
7859
8569
7938
6659
5723
4684
2388
-837
-3478
-5250
-7368
-10196
-12334
-12826
-12708
-13107
-13239
-11817
-9359
-7362
-5850
-3585
-505
2056
3744
5626
8045
9827
10435
10992
12117
12779
12121
10959
10171
9121
6984
4303
2026
-199
-3131
-6297
-8605
-10154
-11922
-13755
-14478
-13921
-13280
-12958
-11885
-9593
-7205
-5547
-3839
-1407
946
2343
3366
4840
6284
6898
6986
7331
7778
7623
7009
6567
6271
5566
4403
3388
2763
2116
1153
286
10
162
148
-26
356
1409
2302
2445
2507
3202
3705
3034
1704
957
535
-995
-3382
-4992
-5496
-6405
-8271
-9312
-8667
-7925
-8261
-8329
-6562
-4202
-3051
-2358
-436
2329
4126
5015
6606
8875
10322
10562
10947
12039
12529
11595
10076
8901
7568
5149
1991
-957
-3642
-6685
-10007
-12697
-14421
-15758
-16915
-17241
-16349
-14867
-13290
-11204
-8371
-5460
-3045
-696
1990
4355
5749
6629
7730
8803
9076
8707
8554
8703
8438
7452
6403
5838
5257
4026
2388
1138
448
-309
-1392
-2201
-2122
-1471
-937
-394
840
2662
4119
4858
5660
6901
7447
6410
4687
3543
2401
-207
-3744
-6281
-7601
-9377
-11961
-13405
-12836
-11995
-12061
-11580
-9075
-5925
-4124
-2805
-117
3402
5658
6580
8147
10570
12058
12030
12004
12874
13244
12086
10418
9253
7926
5453
2429
-222
-2903
-6205
-9510
-11965
-13939
-16024
-17572
-17738
-16992
-16201
-15051
-12746
-9651
-6881
-4477
-1617
1617
4194
5727
7025
8603
9786
9960
9662
9657
9691
9042
7853
6933
6341
5389
3901
2516
1627
758
-450
-1537
-1945
-1791
-1617
-1463
-807
584
2293
3669
4602
5617
6940
7828
7364
5843
4526
3535
1452
-2019
-5095
-6639
-8146
-10999
-13404
-13286
-12055
-12131
-12626
-10742
-7060
-4733
-3823
-1630
2290
5099
5805
7011
9757
11727
11435
10912
11996
12876
11586
9315
8031
7090
4645
1148
-1770
-4211
-7274
-10676
-13126
-14585
-16026
-17277
-17334
-16153
-14695
-13234
-11087
-8181
-5294
-2836
-268
2606
5036
6522
7679
9274
10725
11063
10627
10568
10858
10213
8513
7095
6413
5244
2946
768
-330
-1267
-2920
-4383
-4600
-4225
-4221
-3981
-2532
-384
1336
2823
4807
6918
8403
9235
9618
9104
7507
5722
3995
1336
-2380
-5668
-7629
-9600
-12310
-13964
-13512
-12639
-12866
-12436
-9449
-5838
-4122
-3041
45
4193
6407
7060
8951
11935
13360
12925
13070
14361
14418
12414
10223
8870
6939
3309
-734
-3987
-7073
-10760
-14367
-16726
-18041
-19026
-19562
-19019
-17307
-15069
-12579
-9732
-6595
-3533
-732
2053
4701
6725
7928
8895
10111
10965
10886
10308
10056
9849
8816
7263
6076
5134
3498
1293
-316
-1188
-2345
-3971
-4956
-4750
-4156
-3707
-2781
-983
1162
3208
5331
7565
9276
10292
10958
10952
9666
7327
5073
2815
-688
-5002
-8256
-9933
-11805
-14458
-15576
-14193
-12591
-12350
-11544
-8161
-4296
-2559
-1433
1489
5152
6829
7220
9108
11866
12950
12430
12659
13885
13738
11844
9996
8667
6497
2880
-753
-3708
-6870
-10462
-13571
-15431
-16590
-17634
-17918
-16981
-15204
-13328
-11393
-8800
-5787
-3074
-909
1241
3659
5519
6402
7058
8064
8747
8304
7553
7560
7579
6415
4688
3915
3752
2598
579
-582
-618
-1131
-2551
-3390
-2805
-1874
-1514
-867
780
2747
4313
5838
7722
9199
9714
9765
9466
8117
5611
3102
917
-2181
-6166
-9208
-10480
-11682
-13652
-14178
-12202
-10080
-9773
-9138
-5640
-1497
29
236
2518
6280
7916
7479
8452
11227
12638
11514
10585
11443
11700
9651
6981
5573
4430
1621
-2096
-4859
-6727
-9015
-11836
-13793
-14424
-14766
-15261
-14974
-13352
-11330
-9833
-8295
-5826
-3007
-920
652
2568
4557
5587
5796
6277
7018
7026
6297
5911
6020
5587
4484
3847
3974
3624
2247
1066
897
695
-458
-1608
-1494
-651
-332
-200
919
2923
4682
5909
7284
8745
9458
9310
8711
7484
5103
2112
-508
-3199
-6614
-9931
-11809
-12770
-14156
-14988
-13692
-11393
-10394
-10045
-7659
-3753
-1527
-1138
512
4148
6725
6953
7691
10481
12767
12605
11853
12619
13293
11728
9113
7556
6554
4076
392
-2530
-4401
-6634
-9682
-12108
-13048
-13512
-14294
-14657
-13696
-11937
-10546
-9156
-7002
-4638
-2930
-1590
380
2310
2826
2528
3050
4406
4792
3853
3569
4700
5580
5108
4657
5606
6549
5861
4607
4400
4437
2969
815
25
307
57
-489
157
1803
3108
4239
6122
8172
9084
9122
9191
8576
6353
3451
1339
-736
-4162
-7784
-9735
-10529
-12035
-13606
-13001
-10910
-9985
-10205
-8960
-5916
-3911
-3751
-2793
62
2441
2817
3337
5811
8279
8694
8451
9710
11379
10978
9083
8058
7876
6425
3376
698
-918
-2980
-6062
-8740
-10066
-10957
-12171
-12825
-12266
-11211
-10291
-8949
-6837
-4833
-3563
-2326
-499
1093
1555
1551
2237
3355
3731
3386
3585
4615
5321
5108
4956
5690
6288
5658
4516
4051
3809
2514
533
-673
-915
-1183
-1653
-1432
-209
1394
3084
5042
7057
8612
9671
10310
9946
8218
5909
3883
1556
-1925
-5669
-8142
-9584
-11383
-13230
-13427
-12028
-11014
-10874
-9745
-6917
-4410
-3512
-2536
48
2702
3507
3671
5314
7569
8194
7691
8432
10278
10754
9458
8594
8921
8349
5721
2881
1293
-451
-3881
-7593
-9472
-10230
-11823
-13752
-13861
-12131
-10714
-10168
-8754
-5965
-3628
-2764
-1925
-37
1605
1814
1686
2569
3689
3824
3606
4188
5041
5095
4782
5038
5370
4762
3685
3175
2894
1819
287
-447
-401
-596
-1025
-559
1032
2635
3798
5356
7546
9251
9768
9741
9406
7949
5287
2577
128
-3132
-7064
-9978
-11434
-12968
-14866
-15247
-13689
-12314
-11999
-10682
-7319
-4209
-2969
-1661
1457
4574
5560
5886
7861
10292
10762
10132
10931
12785
13028
11442
10406
10489
9560
6571
3364
1305
-962
-4763
-8722
-10885
-11941
-13719
-15690
-15765
-13961
-12381
-11573
-9858
-6804
-4208
-3028
-1823
325
1986
2167
2154
3162
4102
3803
3354
4026
4880
4578
3906
4262
4980
4563
3437
3044
3222
2593
1231
550
727
529
-163
7
1339
2541
3139
4358
6498
8014
8172
8158
8392
7427
4730
2059
244
-2364
-6295
-9447
-10517
-11394
-13382
-14344
-12833
-10949
-10609
-9884
-6611
-2921
-1589
-1030
1636
5264
6660
6429
7699
10229
11151
10260
10331
11866
12188
10443
8812
8457
7481
4460
1130
-1022
-3093
-6412
-9980
-11907
-12768
-14076
-15464
-15361
-13604
-11776
-10408
-8357
-5271
-2457
-721
849
2964
4499
4559
4280
4776
5084
4057
2731
2573
2832
2009
914
1121
2007
1820
940
1131
1992
1753
536
139
601
311
-573
-442
923
2108
2870
4573
7036
8826
9747
10459
10791
9588
7217
5042
2453
-1390
-5563
-8413
-10123
-12436
-14539
-14472
-12938
-11818
-11092
-8616
-4521
-1676
-307
1713
4931
7288
7523
7785
9238
10228
9739
8928
9438
10187
9463
8062
7287
7028
5688
3025
492
-1624
-4105
-7441
-10672
-12749
-14395
-16198
-17496
-17128
-15350
-13663
-11857
-8895
-4937
-1574
541
2861
5648
7336
7192
6645
6861
6520
4629
2621
2013
1878
800
-250
151
1243
1386
1021
1637
2616
2358
1071
406
506
-9
-1017
-1120
63
1411
2548
4429
7021
9257
10554
11218
11252
10061
7844
5244
1932
-2195
-6209
-9113
-11359
-13878
-15391
-14777
-13248
-12176
-10800
-7413
-3220
-745
773
3405
6637
8102
7730
8216
9744
10004
8728
8121
9137
9618
8463
7401
7418
7213
5328
2752
767
-1345
-4433
-8079
-10899
-12915
-15001
-16763
-17392
-16455
-14834
-13044
-10399
-6881
-3234
-367
2090
4746
6751
7278
6913
6724
6312
4748
2663
1475
1082
271
-751
-741
204
737
620
1085
2131
2334
1430
754
836
565
-346
-566
473
1737
2661
4149
6603
8769
9964
10800
11326
10599
8391
5900
3342
-339
-4682
-8075
-10226
-12488
-14846
-15216
-13709
-12456
-11684
-9379
-5127
-1842
-438
1597
5042
7433
7345
7325
8959
9932
8788
7625
8401
9285
8295
6990
7026
7234
5725
3302
1653
-24
-2908
-6455
-9302
-11447
-13900
-16151
-17244
-17083
-16183
-14844
-12550
-9425
-5919
-2436
741
3771
6314
8039
8779
8870
8659
7739
6126
4462
3314
2269
835
-215
-280
8
-162
-397
63
633
545
169
214
548
606
805
1675
2909
4254
5792
7691
9331
10377
11326
11713
10772
8550
6242
3995
283
-4501
-8313
-10632
-13167
-16406
-17821
-16528
-15075
-14688
-13170
-8935
-4566
-2469
-565
3286
7199
8485
8485
10085
12156
12059
10579
10380
11331
10781
8763
7561
7332
6044
3208
700
-1009
-3476
-7148
-10410
-12397
-14300
-16676
-18223
-17957
-16761
-15662
-13837
-10444
-6448
-3124
-326
3063
6520
8487
8982
9270
9849
9385
7371
5429
4534
3629
1637
-178
-355
101
-334
-1091
-630
557
837
370
606
1628
2190
2154
2649
3957
5328
6357
7458
8690
9634
10173
10074
9173
7453
5466
3218
-59
-3902
-7188
-9543
-11990
-14663
-15820
-15111
-14081
-13505
-11896
-8261
-4562
-2375
-246
3302
6875
8367
8684
10149
11866
11694
10225
9759
10349
9456
7118
5661
5372
4151
1200
-1286
-2489
-4308
-7673
-10797
-12229
-13397
-15520
-17191
-16839
-15406
-14481
-13254
-10291
-6340
-3248
-901
2267
5904
8236
8989
9765
10996
11145
9651
8003
7262
6250
4042
1747
736
356
-806
-2247
-2591
-2032
-1930
-2387
-2109
-884
96
428
1121
2795
4473
5424
6161
7252
8442
8784
8186
7287
6325
5098
2849
-150
-2795
-4864
-6941
-9725
-12013
-12549
-12302
-12509
-12678
-11046
-7971
-5647
-4148
-1559
2385
5551
6910
8383
10976
12729
12428
11572
11788
11716
9710
7084
5520
4319
1767
-1432
-3439
-4748
-6916
-9607
-11199
-11760
-12840
-14293
-14469
-13300
-12301
-11769
-10183
-7123
-4181
-2117
263
3611
6603
8224
9436
11189
12516
12285
11204
10407
9569
7681
5110
3057
1496
-365
-2536
-4056
-4620
-5098
-5695
-5734
-4899
-3712
-2665
-1317
606
2709
4552
6148
7650
8894
9624
9519
8607
7279
5857
3843
761
-2486
-4858
-6786
-9427
-12180
-13335
-13156
-13280
-13797
-12797
-9937
-7483
-6050
-3745
322
4105
5864
7431
10452
13160
13586
12756
13006
13540
11954
8973
6848
5640
3304
-327
-3069
-4490
-6269
-8972
-11018
-11560
-12067
-13369
-14122
-13328
-12083
-11581
-10759
-8493
-5621
-3389
-1479
1346
4512
6622
7993
9665
11512
12253
11686
11162
10914
9920
7926
5873
4456
2902
642
-1391
-2417
-3095
-4303
-5480
-5459
-4500
-3829
-3491
-2348
-88
2157
3667
5072
6963
8719
9264
8760
7899
6956
5465
2732
-541
-3314
-5334
-7478
-10298
-12280
-12491
-12102
-12426
-12607
-10802
-7944
-6246
-5233
-2809
921
3546
4673
6540
9493
11429
11583
11677
12630
12752
11093
9003
7513
5749
2692
-689
-3222
-5354
-7962
-10696
-12417
-13148
-13795
-14450
-14371
-13302
-11965
-10709
-9066
-6719
-4153
-1989
139
2658
5264
7206
8470
9888
11374
12110
11817
11256
10892
9947
8125
6124
4466
2720
503
-1514
-2809
-3743
-4740
-5382
-5219
-4484
-3649
-2672
-1105
824
2581
4038
5467
7016
7958
7909
7404
6778
5843
3917
1325
-889
-2724
-4769
-7281
-9242
-9917
-10263
-10992
-11456
-10470
-8545
-7291
-6419
-4498
-1440
1188
2636
4387
7184
9600
10541
10862
11990
12956
12159
10384
9012
7863
5397
1889
-914
-3111
-5877
-9209
-11528
-12483
-13649
-15210
-15762
-14767
-13552
-13042
-11919
-9470
-6790
-4842
-2966
-74
2875
4911
6543
8550
10564
11467
11685
11968
12023
11173
9588
8180
6729
4650
2296
409
-976
-2549
-4090
-4813
-4716
-4424
-4247
-3366
-1619
215
1656
2983
4717
6327
7228
7380
7117
6629
5717
4148
1897
-485
-2472
-4247
-6495
-8855
-10143
-10347
-10701
-11536
-11286
-9375
-7411
-6445
-5087
-1963
1421
3310
4707
7439
10588
11996
12100
12969
14308
13972
11962
10187
9084
6912
3258
-149
-2590
-5167
-8513
-11345
-12840
-14004
-15417
-16249
-15754
-14778
-14196
-13195
-11059
-8535
-6662
-4817
-2036
1033
3249
4893
7179
9635
10986
11293
11813
12629
12289
10650
9038
8027
6440
3702
1127
-394
-1659
-3500
-5073
-5382
-4858
-4343
-3765
-2376
-304
1839
3582
4982
6530
8010
8698
8091
6882
6052
4936
2347
-1014
-3459
-4984
-7259
-10387
-12180
-12135
-12158
-13117
-13149
-10855
-8239
-6998
-5631
-2389
1566
3822
5205
7890
11145
12853
13004
13762
15182
15002
13067
11337
10280
8137
4350
863
-1494
-4220
-7906
-11034
-12497
-13523
-15186
-16207
-15569
-14237
-13428
-12509
-10221
-7377
-5355
-3702
-1243
1757
3783
4885
6503
8509
9670
9733
9890
10526
10384
9099
7777
6964
5841
3684
1344
-165
-1424
-3095
-4772
-5514
-5302
-4886
-4338
-3195
-1197
1090
3114
4754
6389
8066
8862
8466
7378
6414
5108
2403
-856
-3411
-5226
-7579
-10522
-12077
-12041
-11954
-12376
-11898
-9430
-6785
-5264
-3541
-498
2888
4803
5916
7959
10349
11627
11635
11846
12752
12814
11488
9800
8598
7196
4494
1308
-1281
-3596
-6410
-9486
-11513
-12597
-13800
-15010
-15141
-13957
-12744
-11908
-10319
-7634
-5101
-3412
-1512
1224
3515
4498
5419
7197
8589
8493
8104
8773
9337
8394
7005
6609
6392
4754
2455
1166
464
-1168
-3447
-4501
-4258
-4195
-4615
-4119
-2007
227
1592
2860
4907
7120
7976
7601
7124
6756
5709
3230
397
-1767
-3741
-6216
-9052
-10731
-11035
-11286
-11742
-11533
-9624
-7090
-5448
-3839
-1272
1887
4094
5228
6983
9218
10575
10756
10941
11893
12098
10888
9481
8608
7464
4868
1863
-292
-2348
-5303
-8518
-10442
-11489
-13090
-14731
-14960
-13915
-13084
-12579
-10968
-8233
-5840
-4127
-1978
879
3184
4400
5589
7258
8434
8561
8438
8707
8788
8052
7043
6349
5484
4046
2426
1134
-110
-1704
-3160
-3981
-4312
-4459
-4222
-3335
-1910
-230
1623
3459
5043
6468
7542
7926
7433
6449
5360
3660
1224
-1310
-3435
-5421
-7743
-9623
-10325
-10443
-10647
-10500
-9046
-6818
-5057
-3553
-1382
1338
3429
4655
6084
7848
9076
9429
9653
10248
10405
9690
8606
7686
6563
4639
2300
77
-2036
-4459
-7084
-9189
-10738
-12180
-13486
-14063
-13657
-12940
-12125
-10625
-8319
-5899
-3850
-1573
1142
3444
4879
6096
7605
8626
8602
8335
8468
8401
7489
6335
5772
5223
3912
2291
1199
486
-767
-2273
-3167
-3414
-3551
-3730
-3290
-2062
-612
720
2034
3551
5056
5919
5990
5586
5038
4175
2409
49
-2044
-3653
-5411
-7613
-9178
-9461
-9366
-9580
-9360
-7711
-5477
-3968
-2622
-448
2260
4167
5224
6691
8546
9859
10222
10475
11252
11573
10874
9712
8764
7658
5458
2641
99
-2361
-5299
-8526
-11136
-13029
-14901
-16471
-16994
-16558
-15773
-14708
-12583
-9618
-6822
-4180
-1179
2138
4756
6457
8166
9724
10413
10170
9855
9767
9005
7612
6440
5688
4704
3208
1920
1079
72
-1215
-2257
-2783
-3185
-3632
-3516
-2780
-1752
-566
898
2675
4143
5462
6563
6968
6631
5710
4791
3086
402
-2126
-4153
-5999
-8452
-10385
-10749
-10651
-10750
-10541
-8712
-6039
-4290
-2730
-251
2882
5084
6138
7733
9805
11119
11308
11389
12128
12283
11204
9759
8737
7581
5124
2008
-540
-2791
-5733
-9165
-11757
-13329
-14982
-16734
-17405
-16746
-15692
-14811
-13109
-10138
-7099
-4559
-1955
1347
4386
6175
7585
9247
10499
10503
9897
9714
9347
8081
6525
5533
4786
3407
1837
873
232
-729
-1913
-2562
-2779
-3025
-3108
-2773
-1959
-889
416
1893
3225
4561
5819
6491
6284
5560
4944
3634
1071
-1615
-3519
-5144
-7662
-10016
-10515
-10107
-10263
-10435
-8880
-5966
-3994
-2826
-567
2629
5005
5855
7101
9327
10659
10633
10421
11163
11412
10004
8369
7380
6476
4185
1263
-733
-2515
-4873
-7762
-9765
-10731
-12175
-13757
-14494
-14004
-13248
-12959
-11860
-9536
-7039
-5017
-2772
305
3295
5258
6909
8912
10386
10683
10332
10161
9777
8283
6403
5001
3792
2251
467
-559
-999
-1696
-2428
-2640
-2212
-1964
-1907
-1406
-436
693
1610
2705
3932
5054
6015
6376
6229
5532
4675
3237
717
-1912
-4308
-6402
-8973
-11364
-12228
-12388
-12455
-12287
-10714
-7917
-5722
-3918
-1358
1925
4589
6004
7548
9629
11048
11343
11257
11641
11728
10581
8930
7578
6422
4450
1639
-730
-2585
-4755
-7537
-9916
-11180
-12375
-14012
-15092
-14860
-13872
-13240
-12352
-10031
-7132
-4524
-2159
834
4325
6761
8443
10178
11872
12644
12085
11461
10952
9740
7737
5650
4155
2651
776
-849
-1775
-2203
-2711
-3219
-3146
-2529
-1912
-1431
-674
531
1728
2597
3390
4548
5522
5627
5101
4520
4129
2761
149
-2301
-4167
-6027
-8758
-11276
-11902
-11852
-12149
-12147
-10492
-7361
-5100
-3406
-691
2782
5634
6907
8248
10271
11468
11423
10834
10932
10804
9279
7356
5851
4783
2855
108
-2107
-3805
-5666
-8180
-10434
-11662
-12630
-13961
-14852
-14497
-13359
-12436
-11305
-8753
-5601
-2992
-690
2278
5708
7930
9130
10600
12102
12478
11547
10764
10335
8862
6507
4533
3388
1870
-383
-1842
-2206
-2433
-3151
-3448
-2541
-1410
-686
19
1378
3064
4190
4919
5644
6513
6932
6375
5326
4244
3203
1266
-1637
-4248
-6216
-8111
-10760
-12930
-13328
-13133
-13144
-12804
-10725
-7565
-5336
-3279
-163
3512
6152
7453
9255
11542
12578
12227
11768
12024
11623
9598
7564
6292
4898
2297
-753
-2755
-4540
-7056
-9900
-11840
-12865
-14180
-15538
-15858
-14930
-13748
-12786
-10934
-7884
-4763
-2124
494
3784
6872
8777
10304
11808
12817
12683
11796
11172
10153
8128
5771
3858
2335
315
-1884
-3254
-3919
-4443
-4950
-4852
-3948
-2784
-1535
-48
1743
3698
5432
6839
7949
8857
9308
8759
7448
6068
4485
1897
-1481
-4474
-6672
-9131
-12014
-13861
-14234
-14170
-14293
-13538
-11110
-8339
-6159
-3611
-66
3498
5882
7843
10451
12680
13422
13279
13498
13709
12569
10430
8626
7097
4898
1822
-1028
-3143
-5515
-8359
-10890
-12435
-13475
-14738
-15601
-15254
-14041
-12844
-11579
-9383
-6368
-3672
-1425
1181
4278
6761
8163
9530
11112
11979
11574
10793
10456
9575
7599
5373
3719
2280
68
-2205
-3534
-4284
-5124
-5958
-5858
-4882
-3857
-2722
-1039
1088
3138
4889
6593
8067
8940
9126
8696
7733
6258
4232
1543
-1357
-4037
-6431
-8898
-11313
-12653
-13024
-13133
-13068
-12057
-9770
-7436
-5435
-2868
466
3575
5691
7722
10242
12149
12690
12702
13113
13146
11828
9873
8314
6797
4393
1463
-1001
-3175
-5713
-8440
-10485
-11822
-13174
-14389
-14784
-14169
-13238
-12302
-10786
-8470
-5881
-3555
-1158
1569
4181
6197
7848
9532
10755
11135
10918
10669
10221
8933
7134
5434
3980
2189
26
-1687
-2770
-3709
-4734
-5203
-4749
-3948
-3250
-2200
-306
1705
3195
4393
5822
7289
7635
7056
6232
5319
3967
1461
-1176
-3437
-5580
-7748
-10107
-11454
-11947
-12297
-12372
-11877
-10068
-7869
-6120
-4100
-1349
1929
4542
6287
8467
10871
12512
13054
13285
13911
13727
12242
10538
9188
7425
4395
1088
-1365
-3763
-6976
-10209
-12319
-13614
-15156
-16477
-16439
-15513
-14391
-13004
-10756
-7727
-4891
-2082
1007
4073
6702
8611
10282
11619
12188
12072
11431
10626
9314
7586
5790
3984
2245
285
-1367
-2607
-3560
-4268
-4869
-4785
-4175
-3254
-2212
-936
888
2618
4066
5305
6576
7474
7335
6668
5792
4817
2994
273
-2136
-4131
-5988
-8431
-10595
-11316
-11558
-11973
-12293
-11183
-8839
-7197
-6009
-3734
-314
2655
4182
5988
9020
11455
12342
12665
13841
14796
13819
12107
10948
9778
7150
3361
428
-1978
-5331
-9274
-12346
-13919
-15663
-17857
-18599
-17661
-16271
-15359
-13639
-10118
-6420
-3510
-630
2966
6484
8713
10309
12054
13222
13124
12342
11803
10872
8890
6653
5016
3503
1283
-962
-2346
-3163
-4207
-5279
-5497
-4919
-4255
-3533
-2286
-402
1469
2937
4402
6045
7450
7770
7333
6909
6421
5112
2507
106
-1608
-3429
-5913
-8583
-9655
-10123
-10989
-11697
-11437
-9648
-8310
-7349
-5444
-2721
169
1993
3959
6797
9220
10795
11643
12794
13879
13616
12529
11278
10092
8193
5075
1903
-818
-3681
-7095
-10510
-12881
-14692
-16662
-17934
-17999
-17093
-16174
-14836
-11942
-8507
-5341
-2438
1105
5064
7807
9771
11728
13492
14073
13424
12915
12258
10612
8215
6131
4601
2533
-47
-2003
-3028
-3884
-5143
-5895
-5497
-4615
-3834
-3014
-1263
938
2721
4062
5405
7093
7939
7601
6764
5997
5078
2817
-84
-2328
-4053
-6159
-8929
-10669
-10918
-11187
-11961
-12058
-10264
-7988
-6789
-5454
-2645
884
3244
4634
7033
9960
11621
11910
12318
13476
13476
11685
9865
8766
7361
4332
784
-1559
-3610
-6569
-10043
-12381
-13513
-15129
-16926
-17446
-16365
-15201
-14434
-12376
-8808
-5222
-2533
535
4671
8217
10193
11730
13825
15196
14761
13618
13081
12298
10047
7350
5509
3939
1479
-1295
-2962
-3924
-5330
-6772
-7082
-6310
-5624
-5037
-3546
-1089
1185
2738
4310
6349
7944
8007
7250
6585
5868
3903
635
-1961
-3805
-5870
-8770
-11197
-11522
-11565
-12341
-12705
-11255
-8541
-7058
-5951
-3158
623
3507
4895
7158
10604
12677
13001
13205
14502
14931
13030
10801
9511
8108
4949
999
-1682
-3821
-6942
-10695
-13246
-14395
-15877
-17862
-18649
-17538
-16091
-15269
-13670
-10232
-6307
-3385
-621
3261
7281
9764
11295
13256
15137
15413
14365
13730
13304
11669
8955
6697
5309
3221
293
-1965
-3156
-4233
-5895
-6834
-6345
-5593
-4997
-3979
-1809
657
2303
3810
5654
7281
7706
6989
6252
5390
3476
570
-2258
-4312
-6402
-9160
-11321
-11973
-12043
-12483
-12741
-11319
-8912
-7336
-5944
-3528
-200
2471
4089
6365
9238
11276
12078
12752
14092
14647
13544
12084
11143
9961
7325
3955
1348
-970
-4023
-7657
-10523
-12312
-14138
-16124
-17289
-17088
-16261
-15460
-14130
-11610
-8517
-5676
-2923
349
3961
6790
8837
10944
13042
14289
14378
14200
14066
13180
11361
9367
7581
5444
2727
190
-1658
-3362
-5196
-6426
-6605
-6214
-5811
-4886
-2899
-601
1207
2735
4660
6453
6970
6436
5763
5008
3094
65
-2706
-4907
-7296
-10287
-12595
-13313
-13509
-14014
-14090
-12501
-9903
-7912
-6246
-3573
-19
2951
4837
7044
9969
12175
13160
13810
15077
15800
14921
13517
12423
11221
8636
5211
2303
-435
-3761
-7617
-10805
-13022
-15226
-17439
-18758
-18649
-17925
-17259
-15920
-13315
-10032
-7055
-4185
-681
3114
6285
8762
11252
13686
15181
15697
16007
16190
15460
13623
11668
9892
7533
4422
1456
-693
-2822
-5186
-6873
-7288
-7040
-6906
-6067
-4005
-1516
464
2254
4654
6799
7633
7418
7126
6629
4693
1634
-1276
-3723
-6533
-9990
-12656
-13919
-14713
-15569
-15753
-14238
-11898
-9980
-7904
-4816
-997
2135
4426
7215
10393
12790
13914
14753
16044
16521
15512
13894
12522
10846
7751
4035
856
-2065
-5613
-9589
-12566
-14453
-16254
-17997
-18789
-18181
-17040
-15883
-14024
-11208
-8104
-5322
-2436
989
4200
6632
8762
11097
13077
13968
14309
14823
14993
14063
12458
11086
9717
7454
4570
2185
372
-1743
-4103
-5686
-6060
-6125
-6279
-5588
-3790
-1654
-48
1543
3745
5615
6351
6146
5963
5578
3864
1188
-1365
-3345
-5670
-8725
-11012
-11915
-12332
-13018
-13227
-11737
-9521
-7840
-6179
-3501
-70
2483
4233
6641
9565
11627
12338
13067
14469
15022
13935
12364
11264
9811
6808
3168
189
-2656
-6274
-10259
-13134
-14978
-16972
-18943
-19734
-18925
-17811
-16892
-15133
-12068
-8615
-5790
-2882
756
4373
7111
9291
11759
13960
15023
15296
15649
15936
15105
13334
11671
10183
8022
5051
2407
380
-1868
-4381
-6233
-6807
-6986
-7321
-6778
-5012
-2812
-1144
501
2891
4928
5816
5886
6073
6006
4354
1874
-248
-2043
-4455
-7551
-9646
-10567
-11380
-12297
-12443
-11049
-9305
-7972
-6173
-3447
-394
1920
3934
6660
9365
11173
12205
13431
14880
15151
14255
13164
12214
10652
7681
4345
1399
-1714
-5464
-9524
-12606
-14970
-17456
-19645
-20722
-20238
-19413
-18470
-16466
-13257
-9495
-6256
-2827
1354
5332
8454
10825
13335
15544
16372
16414
16378
16155
14912
12757
10826
8997
6558
3578
1028
-895
-3055
-5379
-6866
-7197
-7293
-7408
-6628
-4768
-2782
-1263
502
2829
4522
5015
5073
5312
4981
3109
688
-1289
-3111
-5576
-8418
-10113
-10881
-11642
-12309
-11848
-9925
-8165
-6729
-4474
-1164
2016
3982
6086
9016
11544
12778
13390
14576
15473
14957
13596
12370
11125
8858
5657
2563
-317
-3597
-7263
-10625
-13222
-15569
-17733
-19206
-19630
-19112
-18256
-16764
-14344
-11244
-7936
-4650
-927
2845
6013
8579
10962
13226
14433
14624
14610
14549
13790
11980
10124
8614
6741
4184
1708
29
-1520
-3518
-5258
-5944
-5900
-5941
-5804
-4710
-2887
-1207
115
1801
3823
5158
5398
5258
5400
4954
3063
550
-1350
-2897
-5378
-8284
-9913
-10388
-11064
-12028
-11481
-9277
-7440
-6182
-3951
-243
2938
4598
6634
9666
12002
12558
12753
13915
14470
13179
11372
10296
9215
6634
3307
831
-1399
-4319
-7763
-10450
-12215
-14247
-16286
-17525
-17445
-16892
-16542
-15413
-13137
-10119
-7461
-4933
-1533
2094
5076
7137
9390
11854
13180
13409
13427
13769
13246
11441
9619
8276
6668
3989
1328
-381
-1861
-3748
-5609
-6305
-6239
-6211
-5914
-4857
-2974
-1258
221
2033
3929
5382
5821
5916
6076
5400
3704
1528
-288
-2062
-4772
-7409
-8948
-9665
-10515
-11475
-10876
-8944
-7171
-5659
-3364
154
3225
5187
7454
10217
12351
13044
13346
14250
14418
13298
11658
10371
9033
6461
3533
931
-1606
-4549
-7921
-10595
-12829
-15089
-17074
-18399
-18617
-18436
-17943
-16521
-14261
-11423
-8596
-5409
-1654
1901
5020
7723
10417
12662
13833
14370
14612
14448
13403
11617
9852
8071
5741
3012
570
-1279
-3067
-5063
-6471
-6892
-6834
-6722
-6196
-4737
-2830
-1249
339
2328
4226
5306
5596
6024
6224
5326
3555
1796
387
-1631
-4225
-6236
-7375
-8369
-9566
-9979
-8956
-7550
-6447
-4938
-2339
728
3008
4939
7372
9834
11428
12084
12808
13579
13392
12276
10978
9860
8235
5612
2912
508
-2087
-5151
-8284
-10662
-12795
-15103
-16853
-17653
-17619
-17534
-16973
-15136
-12672
-10117
-7524
-4195
-528
2523
5210
7920
10517
12158
12938
13553
13879
13386
12062
10615
9182
7298
4933
2656
811
-1010
-2911
-4502
-5380
-5830
-6200
-6114
-5399
-4139
-2950
-1761
-122
1548
2838
3489
4057
4672
4518
3591
2359
1288
-2
-2118
-4166
-5526
-6583
-7874
-9139
-9137
-8284
-7596
-6761
-5058
-2333
130
2078
4587
7537
9952
11281
12446
13932
14534
13780
12586
11588
10041
7227
4028
1305
-1494
-4957
-8497
-11130
-13200
-15483
-17453
-18256
-17953
-17547
-17009
-15421
-12800
-9881
-7208
-4203
-596
2922
5904
8472
11070
13312
14565
15095
15390
15443
14622
13001
11297
9655
7676
5173
2819
904
-949
-2927
-4545
-5341
-5813
-6293
-6344
-5492
-4197
-3172
-2182
-662
992
2020
2494
3005
3548
3234
2185
1075
98
-1204
-3265
-5097
-6319
-7385
-8526
-9460
-9288
-8572
-7916
-6764
-4821
-2217
34
2093
4796
7528
9628
10890
12020
13209
13331
12463
11312
10072
8283
5470
2610
191
-2482
-5622
-8684
-10932
-12793
-14859
-16526
-17218
-17198
-17024
-16447
-14894
-12584
-10058
-7375
-4102
-436
2956
6062
9056
11874
13983
15195
16049
16518
16199
15039
13539
12030
10089
7522
4986
2828
737
-1533
-3633
-4866
-5564
-6188
-6470
-5923
-4670
-3510
-2466
-957
895
2218
2782
3264
3952
4062
3085
1800
856
-195
-2016
-4120
-5467
-6367
-7517
-8690
-9026
-8335
-7708
-7155
-5822
-3592
-1321
345
2340
4949
7215
8568
9446
10624
11461
11116
10081
9044
8013
6160
3539
1176
-900
-3279
-6160
-8855
-10780
-12537
-14474
-16007
-16650
-16532
-16315
-15660
-13889
-11378
-8611
-5748
-2313
1486
4906
7925
10753
13323
15071
15978
16506
16637
16053
14759
13233
11603
9543
7087
4679
2573
365
-1965
-3820
-4951
-5682
-6350
-6365
-5521
-4371
-3186
-1899
-239
1282
2220
2892
3367
3499
2913
1823
777
-389
-1848
-3569
-5038
-6004
-6959
-7830
-8281
-8060
-7493
-7056
-6224
-4724
-2935
-1319
166
2125
4271
5888
7046
8173
9357
9899
9561
9073
8624
7660
5859
3801
2014
-15
-2698
-5492
-7801
-9902
-12299
-14464
-15705
-16284
-16740
-16779
-15635
-13567
-11336
-8903
-5750
-2011
1435
4404
7436
10511
12942
14405
15456
16397
16769
16229
15157
13989
12525
10430
7929
5505
3135
607
-1941
-3958
-5296
-6241
-6814
-6681
-5646
-4196
-2663
-951
994
2783
3930
4582
4980
4861
3861
2341
861
-689
-2690
-4872
-6509
-7610
-8689
-9621
-9863
-9400
-8785
-8118
-6877
-5019
-3081
-1294
627
2880
5077
6789
8224
9564
10644
11052
10774
10295
9522
8160
6080
3723
1466
-1079
-4036
-7060
-9594
-11757
-13972
-15834
-16856
-17108
-17068
-16578
-15094
-12866
-10401
-7759
-4560
-999
2263
5235
8181
11023
13154
14507
15610
16409
16489
15678
14603
13422
11648
9273
6789
4556
2126
-511
-2715
-4224
-5278
-6133
-6389
-5681
-4476
-3150
-1645
189
2134
3487
4292
4829
5075
4674
3374
1853
360
-1359
-3419
-5469
-6877
-7950
-9052
-9807
-9801
-9100
-8398
-7660
-6180
-4144
-2166
-475
1426
3818
5849
7234
8532
9977
11014
11015
10672
10452
9721
7986
5726
3766
1594
-1377
-4547
-7148
-9299
-11746
-14097
-15462
-16009
-16330
-16422
-15602
-13838
-11857
-9747
-7116
-3927
-789
1933
4660
7479
9908
11540
12668
13649
14184
13969
13156
12190
11033
9341
7295
5276
3437
1498
-585
-2239
-3296
-3943
-4504
-4678
-4033
-3008
-1909
-805
645
2199
3150
3728
4212
4544
4138
2936
1795
721
-697
-2568
-4275
-5327
-6345
-7445
-8145
-8124
-7694
-7413
-6858
-5654
-4132
-2727
-1418
259
2183
3810
5112
6424
7804
8781
9082
9073
8948
8350
6933
4965
2945
748
-1962
-4917
-7548
-9759
-11881
-13800
-14927
-15209
-15086
-14664
-13499
-11446
-9089
-6755
-4102
-988
2075
4634
6960
9372
11361
12536
13211
13770
13971
13354
12256
11192
9980
8213
6077
4175
2536
689
-1264
-2770
-3652
-4265
-4771
-4769
-4074
-3025
-1970
-829
671
2236
3325
3905
4326
4654
4340
3230
1911
730
-682
-2618
-4523
-5805
-6819
-8011
-8995
-9149
-8701
-8374
-7941
-6772
-5056
-3498
-2106
-209
2022
3852
5244
6760
8439
9532
9806
9842
9836
9232
7687
5702
3773
1542
-1297
-4268
-6782
-8958
-11229
-13242
-14410
-14752
-14804
-14597
-13534
-11609
-9431
-7333
-4818
-1715
1229
3593
5786
8159
10211
11387
12010
12577
12867
12409
11388
10400
9306
7605
5532
3714
2179
388
-1547
-2969
-3756
-4309
-4720
-4547
-3672
-2598
-1525
-145
1588
3162
4134
4857
5516
5775
5281
4204
3115
1889
191
-1793
-3526
-4816
-6109
-7440
-8303
-8483
-8321
-8184
-7715
-6581
-5157
-3833
-2484
-677
1325
2952
4322
5798
7324
8340
8723
8873
8862
8305
6977
5286
3505
1410
-1143
-3806
-6146
-8273
-10366
-12171
-13272
-13703
-13786
-13447
-12384
-10661
-8681
-6575
-4143
-1456
1083
3306
5416
7436
9041
10093
10817
11363
11516
11145
10453
9590
8430
6877
5162
3471
1727
-123
-1874
-3267
-4268
-4971
-5326
-5209
-4553
-3510
-2296
-893
702
2295
3536
4370
4987
5296
5050
4166
3022
1861
493
-1178
-2848
-4058
-4960
-5871
-6606
-6761
-6429
-6060
-5611
-4766
-3547
-2374
-1273
109
1763
3248
4395
5637
7054
8113
8535
8649
8685
8272
7104
5451
3662
1650
-815
-3519
-6008
-8200
-10315
-12208
-13439
-13907
-13918
-13558
-12476
-10656
-8511
-6291
-3860
-1131
1497
3746
5785
7745
9378
10383
11007
11520
11709
11274
10377
9394
8217
6533
4505
2549
691
-1334
-3379
-4965
-6024
-6823
-7352
-7236
-6382
-5180
-3842
-2200
-204
1764
3314
4517
5546
6185
6117
5446
4536
3420
1892
91
-1599
-3023
-4353
-5613
-6476
-6847
-6891
-6750
-6315
-5469
-4354
-3108
-1740
-138
1595
3240
4779
6289
7708
8752
9335
9562
9430
8800
7591
5940
3978
1721
-824
-3473
-5991
-8300
-10426
-12210
-13363
-13863
-13857
-13366
-12227
-10472
-8372
-6080
-3577
-910
1638
3927
6011
7920
9501
10576
11239
11620
11683
11292
10469
9352
7966
6310
4416
2390
360
-1591
-3401
-4978
-6188
-6955
-7311
-7197
-6578
-5498
-4121
-2582
-882
901
2521
3751
4649
5260
5450
5061
4249
3255
2026
480
-1202
-2676
-3919
-5129
-6244
-6910
-7010
-6865
-6621
-5994
-4830
-3433
-2072
-565
1250
3070
4563
5869
7200
8307
8798
8768
8556
8080
6992
5336
3536
1691
-469
-2903
-5168
-7043
-8773
-10429
-11601
-11990
-11860
-11513
-10714
-9196
-7213
-5194
-3102
-698
1784
3935
5758
7526
9170
10277
10827
11153
11346
11092
10224
9091
7936
6535
4691
2707
955
-691
-2421
-3986
-5047
-5662
-6066
-6162
-5693
-4762
-3701
-2604
-1273
269
1627
2571
3279
3903
4198
3928
3262
2448
1448
95
-1455
-2879
-4152
-5442
-6649
-7451
-7800
-7892
-7756
-7210
-6222
-4982
-3610
-2028
-238
1531
3124
4596
6012
7177
7870
8155
8158
7829
6989
5698
4169
2437
407
-1819
-3945
-5859
-7670
-9326
-10505
-11067
-11188
-10975
-10254
-8897
-7129
-5213
-3109
-698
1799
4024
6003
7924
9652
10856
11530
11936
12064
11697
10808
9639
8304
6678
4750
2743
849
-957
-2717
-4236
-5319
-5977
-6311
-6249
-5676
-4716
-3563
-2255
-748
804
2154
3208
4051
4670
4863
4550
3880
2997
1831
332
-1296
-2829
-4258
-5665
-6893
-7673
-8025
-8133
-7966
-7318
-6187
-4852
-3432
-1809
50
1910
3518
4960
6328
7454
8080
8227
8096
7643
6687
5213
3462
1579
-529
-2843
-5098
-7054
-8780
-10327
-11415
-11843
-11733
-11286
-10408
-8915
-6990
-4925
-2798
-475
1937
4106
5964
7637
9146
10246
10813
11058
11072
10740
9965
8864
7629
6212
4571
2814
1128
-431
-1920
-3217
-4171
-4722
-4948
-4871
-4390
-3534
-2449
-1275
-44
1228
2386
3266
3840
4189
4242
3840
3061
2110
1030
-295
-1782
-3159
-4317
-5372
-6310
-6889
-7026
-6894
-6590
-5940
-4879
-3626
-2378
-1065
449
1979
3246
4287
5298
6197
6689
6743
6603
6301
5592
4421
3022
1535
-165
-2117
-4064
-5810
-7432
-8944
-10101
-10705
-10879
-10773
-10227
-9052
-7453
-5743
-3905
-1755
533
2574
4366
6103
7732
8940
9660
10169
10537
10513
9946
9122
8294
7247
5762
4098
2637
1259
-285
-1818
-2928
-3615
-4216
-4677
-4629
-4048
-3335
-2623
-1651
-424
658
1398
2042
2651
2897
2621
2101
1545
808
-230
-1345
-2290
-3109
-3906
-4592
-4992
-5100
-5003
-4725
-4211
-3473
-2574
-1557
-458
699
1837
2873
3791
4626
5335
5808
5966
5839
5507
4958
4098
2894
1483
-54
-1734
-3512
-5269
-6897
-8379
-9640
-10554
-11032
-11073
-10720
-9913
-8629
-6955
-5037
-2898
-579
1728
3867
5850
7703
9239
10277
10899
11260
11279
10785
9886
8816
7602
6100
4370
2695
1176
-307
-1768
-2975
-3756
-4232
-4507
-4454
-3953
-3107
-2164
-1166
-35
1132
2080
2661
3031
3232
3026
2349
1438
518
-547
-1842
-3109
-4110
-4895
-5639
-6225
-6409
-6204
-5820
-5322
-4535
-3414
-2166
-947
293
1657
2992
4077
4963
5786
6448
6711
6583
6277
5798
4958
3742
2329
827
-818
-2601
-4372
-6000
-7489
-8824
-9828
-10378
-10509
-10320
-9730
-8605
-7051
-5257
-3316
-1206
991
3101
5038
6746
8161
9199
9843
10132
10048
9583
8799
7743
6479
5085
3654
2219
796
-495
-1568
-2408
-3015
-3338
-3331
-3043
-2503
-1744
-809
197
1159
2039
2781
3295
3498
3391
3006
2345
1436
362
-791
-1965
-3119
-4165
-5007
-5632
-6078
-6326
-6291
-5957
-5404
-4714
-3882
-2881
-1757
-611
500
1581
2591
3454
4157
4706
5061
5137
4924
4524
3952
3136
2075
890
-341
-1662
-3033
-4295
-5389
-6351
-7141
-7604
-7682
-7439
-6909
-6058
-4863
-3438
-1888
-261
1421
3057
4523
5780
6812
7594
8064
8192
8012
7557
6859
5921
4795
3564
2296
1050
-123
-1165
-2040
-2689
-3067
-3172
-3028
-2661
-2058
-1272
-377
554
1458
2285
2973
3457
3706
3694
3423
2898
2161
1266
242
-868
-1994
-3080
-4091
-4975
-5696
-6231
-6563
-6648
-6469
-6059
-5439
-4610
-3573
-2365
-1073
223
1505
2759
3889
4781
5418
5828
5976
5796
5311
4583
3628
2453
1106
-306
-1730
-3142
-4468
-5607
-6490
-7107
-7409
-7342
-6922
-6201
-5191
-3895
-2392
-815
777
2378
3895
5210
6293
7140
7711
7925
7826
7486
6886
5997
4884
3696
2463
1175
-102
-1255
-2219
-3004
-3571
-3886
-3936
-3731
-3293
-2651
-1871
-990
-57
851
1686
2375
2898
3223
3326
3207
2862
2332
1637
809
-98
-1044
-2001
-2933
-3767
-4446
-4970
-5316
-5446
-5321
-4953
-4381
-3611
-2655
-1563
-410
743
1856
2873
3745
4423
4859
5050
4994
4690
4126
3323
2355
1242
4
-1296
-2571
-3747
-4807
-5696
-6340
-6693
-6748
-6495
-5924
-5083
-4034
-2792
-1372
120
1564
2915
4175
5280
6129
6695
7012
7077
6835
6315
5591
4696
3632
2446
1249
94
-1029
-2058
-2885
-3460
-3825
-3984
-3875
-3487
-2896
-2167
-1309
-351
617
1498
2270
2927
3383
3573
3525
3288
2847
2187
1367
480
-448
-1392
-2295
-3085
-3714
-4180
-4466
-4521
-4319
-3898
-3305
-2546
-1624
-596
456
1485
2456
3322
4032
4548
4851
4927
4750
4319
3657
2790
1751
561
-724
-2031
-3307
-4505
-5571
-6427
-7010
-7316
-7336
-7052
-6436
-5531
-4403
-3100
-1668
-165
1322
2726
4001
5077
5917
6506
6847
6915
6683
6192
5502
4648
3621
2449
1230
43
-1086
-2145
-3058
-3742
-4170
-4354
-4281
-3924
-3324
-2561
-1654
-618
451
1423
2243
2943
3485
3758
3735
3489
3071
2455
1657
778
-105
-985
-1838
-2571
-3114
-3488
-3705
-3725
-3519
-3112
-2544
-1828
-986
-67
870
1808
2714
3518
4146
4585
4839
4872
4645
4152
3433
2523
1451
227
-1092
-2433
-3722
-4912
-5967
-6808
-7395
-7703
-7707
-7383
-6743
-5850
-4725
-3389
-1890
-346
1145
2575
3911
5063
5947
6565
6955
7093
6937
6500
5850
5028
4033
2884
1657
428
-775
-1918
-2921
-3704
-4241
-4550
-4605
-4359
-3830
-3096
-2233
-1254
-184
879
1823
2611
3255
3706
3895
3825
3549
3085
2427
1629
774
-90
-940
-1733
-2397
-2908
-3257
-3443
-3448
-3246
-2873
-2359
-1728
-975
-136
718
1545
2313
2989
3525
3870
4008
3941
3662
3160
2436
1545
555
-518
-1668
-2822
-3872
-4772
-5516
-6070
-6369
-6384
-6139
-5648
-4902
-3917
-2777
-1556
-277
1029
2276
3377
4315
5091
5675
6003
6056
5900
5578
5068
4339
3450
2506
1534
518
-498
-1423
-2201
-2834
-3316
-3595
-3636
-3473
-3174
-2729
-2118
-1411
-710
-37
638
1257
1726
2029
2201
2230
2070
1737
1297
794
229
-363
-910
-1362
-1717
-1978
-2109
-2077
-1925
-1703
-1399
-988
-497
-16
453
949
1449
1882
2214
2475
2631
2620
2435
2115
1688
1116
398
-390
-1177
-1943
-2690
-3377
-3925
-4298
-4496
-4545
-4415
-4043
-3464
-2776
-1982
-1025
33
1051
1996
2937
3819
4494
4924
5221
5393
5308
4928
4390
3804
3085
2176
1219
368
-432
-1260
-1996
-2491
-2805
-3060
-3205
-3093
-2745
-2351
-1953
-1416
-710
-29
524
1068
1637
2060
2234
2298
2344
2208
1770
1205
715
201
-509
-1271
-1835
-2237
-2678
-3108
-3286
-3212
-3112
-3017
-2706
-2129
-1528
-1013
-393
425
1213
1767
2213
2710
3106
3167
2957
2686
2359
1779
937
60
-746
-1592
-2512
-3317
-3875
-4281
-4586
-4650
-4377
-3870
-3234
-2430
-1409
-258
883
1978
3034
4023
4861
5451
5802
5966
5946
5673
5131
4440
3662
2768
1751
725
-213
-1099
-1933
-2633
-3101
-3375
-3539
-3551
-3321
-2889
-2387
-1844
-1192
-445
248
816
1323
1824
2205
2317
2238
2120
1916
1488
878
287
-247
-858
-1527
-2091
-2486
-2817
-3140
-3339
-3341
-3204
-3000
-2702
-2248
-1677
-1051
-400
253
877
1443
1908
2231
2390
2423
2323
2031
1584
1068
520
-125
-834
-1447
-1925
-2356
-2745
-2926
-2840
-2644
-2387
-1953
-1307
-605
52
763
1563
2295
2837
3280
3712
4033
4115
4027
3888
3646
3219
2678
2130
1552
913
280
-279
-788
-1245
-1579
-1790
-1935
-2008
-1932
-1725
-1505
-1296
-997
-594
-239
-11
198
470
687
748
742
763
753
625
442
296
135
-131
-462
-725
-940
-1230
-1587
-1839
-1925
-2007
-2128
-2117
-1869
-1561
-1344
-1058
-582
-103
195
437
790
1093
1149
1092
1131
1151
937
609
426
303
-5
-398
-594
-657
-830
-1055
-1068
-902
-794
-717
-446
-19
325
592
971
1432
1763
1941
2120
2313
2374
2261
2085
1906
1645
1236
774
352
-53
-502
-946
-1283
-1522
-1728
-1859
-1863
-1775
-1659
-1502
-1246
-937
-638
-348
-22
322
628
878
1112
1319
1440
1480
1481
1422
1226
917
600
282
-122
-608
-1037
-1348
-1630
-1920
-2099
-2078
-1965
-1842
-1623
-1235
-791
-432
-85
319
695
919
1044
1187
1268
1185
1027
921
789
515
213
11
-167
-443
-705
-801
-809
-858
-895
-750
-485
-259
-64
216
569
839
1022
1228
1449
1557
1532
1498
1470
1329
1049
746
473
158
-213
-551
-823
-1059
-1269
-1407
-1453
-1436
-1381
-1287
-1125
-896
-647
-399
-136
168
461
705
931
1144
1303
1379
1410
1403
1296
1082
816
525
182
-204
-592
-946
-1258
-1517
-1700
-1783
-1767
-1673
-1497
-1215
-850
-506
-193
153
519
791
947
1077
1170
1164
1069
958
827
623
375
131
-104
-347
-576
-760
-902
-998
-1034
-991
-874
-696
-481
-243
28
339
647
906
1137
1359
1531
1613
1621
1594
1493
1286
1016
718
392
20
-350
-676
-979
-1277
-1516
-1649
-1735
-1814
-1828
-1712
-1528
-1347
-1118
-788
-411
-57
307
705
1073
1365
1607
1807
1906
1889
1796
1633
1353
984
606
222
-194
-604
-943
-1218
-1452
-1599
-1628
-1576
-1482
-1312
-1051
-755
-456
-143
197
509
743
918
1062
1146
1130
1057
972
831
614
373
162
-54
-304
-540
-715
-849
-962
-1009
-972
-874
-732
-528
-265
4
273
549
825
1054
1218
1338
1427
1470
1416
1276
1091
875
592
238
-116
-452
-790
-1133
-1424
-1640
-1815
-1950
-1994
-1930
-1805
-1637
-1381
-1035
-654
-267
138
554
937
1271
1553
1762
1881
1921
1880
1738
1505
1220
901
539
157
-216
-562
-869
-1108
-1252
-1330
-1352
-1289
-1140
-935
-699
-429
-145
112
340
547
707
792
830
835
791
703
585
446
276
90
-81
-251
-420
-570
-684
-746
-766
-744
-680
-555
-369
-159
62
290
509
702
882
1043
1142
1177
1174
1134
1021
847
652
412
114
-191
-475
-759
-1055
-1308
-1496
-1657
-1773
-1791
-1723
-1633
-1499
-1262
-948
-632
-328
0
339
653
922
1152
1333
1458
1515
1499
1434
1329
1169
956
727
493
231
-40
-269
-454
-632
-789
-874
-881
-849
-786
-671
-504
-321
-137
54
241
389
487
568
632
652
613
542
462
367
236
79
-81
-234
-373
-495
-593
-656
-673
-643
-570
-448
-289
-115
49
220
406
564
675
752
822
851
810
742
670
550
355
141
-41
-234
-472
-691
-834
-927
-1008
-1042
-986
-883
-772
-634
-431
-197
1
165
343
533
664
722
748
761
734
649
529
391
239
74
-102
-274
-443
-596
-717
-794
-841
-862
-827
-723
-582
-433
-256
-32
213
444
651
837
991
1095
1128
1100
1027
901
723
507
276
36
-225
-481
-704
-887
-1037
-1145
-1188
-1172
-1106
-979
-790
-559
-314
-64
195
444
664
846
980
1059
1085
1066
1002
883
724
539
340
135
-70
-267
-436
-560
-654
-721
-743
-715
-651
-555
-423
-261
-92
72
249
420
565
666
725
754
743
689
591
468
318
149
-27
-204
-393
-576
-737
-869
-967
-1029
-1039
-1004
-926
-800
-626
-418
-203
21
256
480
664
816
943
1031
1051
1003
926
827
683
487
264
45
-163
-365
-560
-727
-857
-947
-990
-989
-942
-853
-730
-571
-389
-198
-14
153
299
434
545
609
634
645
637
594
525
446
357
258
165
85
18
-46
-87
-101
-96
-75
-49
-4
51
107
157
196
236
268
282
274
248
211
154
81
-4
-104
-211
-308
-390
-471
-537
-573
-589
-582
-554
-500
-439
-362
-260
-154
-56
40
138
221
293
355
395
414
432
435
410
361
308
253
192
117
29
-52
-117
-182
-251
-310
-345
-364
-372
-364
-333
-289
-235
-167
-99
-44
1
59
124
169
194
219
245
255
250
238
227
203
152
102
70
43
5
-37
-65
-72
-77
-83
-76
-61
-48
-34
-13
14
30
40
67
97
106
101
105
105
99
82
57
34
5
-28
-59
-84
-106
-140
-167
-186
-194
-197
-201
-195
-175
-136
-92
-53
-17
31
80
122
154
173
185
188
190
178
152
121
90
53
17
-18
-57
-94
-120
-135
-148
-157
-148
-130
-112
-95
-72
-35
2
34
67
88
101
112
130
139
124
105
97
87
73
52
23
2
-18
-40
-58
-73
-87
-100
-100
-93
-87
-75
-53
-29
-16
2
26
47
53
51
58
72
75
60
49
57
60
35
18
14
1
-19
-35
-48
-63
-79
-90
-83
-86
-91
-85
-76
-71
-57
-37
-20
3
26
46
61
71
77
71
65
57
45
35
22
12
1
-11
-19
-28
-36
-47
-47
-38
-26
-19
-11
2
22
38
39
44
50
51
49
44
42
39
31
27
17
3
-12
-30
-43
-53
-57
-60
-52
-42
-30
-16
-7
0
11
30
48
53
56
65
82
90
81
82
75
57
50
48
34
10
-2
-9
-21
-41
-59
-79
-90
-83
-82
-83
-78
-62
-40
-38
-43
-34
-22
-16
-9
-1
0
-7
-11
-8
-14
-19
-19
-17
-10
-10
-11
-2
13
21
25
31
42
55
56
56
60
61
48
28
18
15
7
-9
-24
-25
-29
-49
-65
-63
-61
-63
-58
-37
-17
-13
-6
15
40
46
41
41
52
58
49
38
41
48
39
26
24
23
15
2
0
-3
-14
-20
-24
-33
-52
-61
-58
-61
-74
-77
-64
-53
-55
-52
-36
-25
-17
-1
16
22
29
54
77
80
78
88
93
81
61
43
32
14
-9
-34
-50
-67
-86
-96
-95
-97
-98
-86
-62
-43
-32
-3
32
57
68
83
102
107
98
90
80
62
41
33
23
-2
-27
-39
-40
-56
-83
-93
-82
-75
-83
-81
-56
-32
-17
3
36
58
69
84
101
108
101
102
106
99
77
60
41
12
-17
-45
-69
-97
-113
-115
-119
-131
-131
-111
-93
-78
-52
-21
2
19
46
76
86
85
89
93
84
70
66
54
28
1
-8
-14
-28
-49
-62
-62
-57
-53
-51
-46
-35
-24
-13
-1
12
22
37
58
71
70
68
67
55
34
18
10
-2
-21
-32
-34
-40
-52
-60
-59
-62
-65
-63
-50
-33
-17
0
16
29
36
45
53
51
42
41
39
25
6
-1
2
-11
-30
-37
-35
-38
-46
-40
-22
-7
1
14
32
37
36
43
51
47
39
37
40
35
24
14
3
-6
-18
-28
-32
-34
-35
-34
-29
-25
-24
-25
-16
-13
-13
-9
0
16
23
26
28
28
30
29
20
7
4
10
11
-3
-13
-16
-19
-23
-27
-29
-36
-39
-31
-32
-30
-33
-33
-24
-13
-8
-8
3
20
32
37
41
45
46
48
44
34
24
18
9
-5
-21
-28
-31
-39
-45
-42
-41
-43
-37
-23
-14
-15
-4
18
35
38
43
55
61
58
56
62
57
46
37
32
18
-4
-25
-42
-54
-64
-68
-72
-80
-83
-79
-68
-61
-57
-39
-9
11
25
48
76
91
90
92
102
93
70
46
30
11
-15
-36
-54
-72
-87
-95
-96
-94
-88
-78
-59
-38
-19
1
21
45
63
72
76
79
80
75
61
53
48
32
9
-15
-27
-37
-51
-61
-60
-55
-53
-48
-37
-23
-16
-8
6
11
9
11
21
30
31
33
37
41
37
26
25
28
21
5
-3
4
9
1
-10
-13
-19
-27
-23
-14
-16
-24
-16
0
0
-3
1
8
9
5
7
9
1
-8
-7
-6
-15
-22
-17
-1
0
-5
1
18
26
20
21
23
20
18
21
27
28
26
24
21
11
2
-1
-7
-20
-24
-22
-13
-12
-16
-8
-1
-3
-8
-12
-12
-13
-12
-10
-5
-3
-1
1
3
0
-6
-6
3
7
2
0
9
18
14
7
5
6
7
10
21
31
28
26
26
20
10
-5
-11
-19
-24
-23
-23
-27
-31
-31
-29
-29
-31
-29
-24
-11
5
10
9
11
27
39
33
21
15
20
20
14
8
5
-3
-15
-19
-25
-39
-54
-53
-38
-29
-29
-19
1
13
18
28
43
51
44
39
40
35
21
7
2
-3
-16
-30
-29
-29
-36
-39
-31
-20
-17
-9
0
9
15
23
35
43
48
49
53
53
47
32
22
16
7
-12
-24
-30
-43
-56
-60
-67
-74
-77
-75
-72
-71
-63
-43
-23
-6
6
22
40
48
61
71
72
67
66
68
56
41
31
19
3
-17
-36
-44
-47
-53
-56
-56
-50
-42
-36
-23
-9
2
17
26
35
46
54
59
53
54
54
38
23
16
12
5
-6
-18
-24
-27
-27
-30
-36
-37
-26
-20
-14
-6
-3
1
12
18
24
29
33
34
31
30
20
9
1
-11
-24
-31
-40
-43
-43
-48
-49
-47
-36
-26
-23
-13
0
9
19
28
29
24
24
27
24
15
13
12
2
-1
-2
-8
-11
-5
-3
3
4
2
0
4
6
-1
-1
3
2
-1
-7
-5
-6
-8
-8
-14
-9
2
12
14
10
16
26
21
17
18
14
11
5
4
-6
-24
-24
-20
-21
-24
-25
-22
-18
-19
-23
-17
-3
2
7
16
18
18
19
25
22
14
22
26
8
0
4
-6
-8
-4
-24
-34
-33
-36
-39
-45
-39
-30
-24
-5
11
11
12
26
34
31
31
31
38
47
35
31
29
20
6
1
-2
-14
-28
-39
-25
-21
-39
-35
-24
-20
-13
-10
-8
3
22
30
34
41
38
31
43
40
23
25
14
-1
8
4
-13
-20
-26
-31
-36
-33
-32
-22
-13
-16
1
3
-5
13
19
6
3
14
8
-5
-1
-3
-25
-24
-15
-23
-21
-9
-10
-12
-6
-1
0
2
0
-9
4
12
1
13
27
22
29
45
44
43
43
29
14
9
5
-12
-24
-20
-15
-15
-25
-29
-29
-29
-29
-20
-14
-20
-11
9
18
17
11
17
27
20
22
25
23
29
27
20
16
20
10
1
-3
-5
-15
-25
-19
-26
-39
-31
-15
-17
-23
-19
-10
1
5
5
11
11
16
29
27
21
13
15
22
16
8
6
2
2
-10
-19
-17
-26
-24
-9
-5
-7
-3
1
4
7
10
15
18
23
20
18
13
8
4
-8
-11
-18
-17
-17
-20
-12
-8
-10
-18
-25
-19
-15
-24
-23
-8
3
6
0
1
5
9
15
18
10
9
21
24
17
14
13
5
1
-3
-7
-9
-2
1
-4
-5
-1
-1
-7
-21
-20
-12
-8
-6
-8
-2
5
6
5
-2
-2
-1
2
1
-3
-3
-5
-3
0
-5
-9
-16
-17
-14
-10
-7
-5
0
6
10
11
9
8
12
10
10
14
15
9
10
15
14
4
-2
-2
-8
-24
-29
-25
-27
-28
-30
-23
-18
-17
-16
-13
-9
-5
0
8
17
23
30
34
30
27
21
21
24
22
10
1
1
0
-13
-22
-22
-24
-24
-22
-17
-17
-18
-10
-8
-8
-5
3
11
11
15
20
22
20
16
15
10
7
2
-1
-3
-6
-14
-21
-22
-20
-23
-22
-18
-15
-11
-8
-1
3
4
-1
-2
-1
-2
0
2
4
4
5
5
7
7
6
2
2
4
4
1
-1
2
1
0
-1
-1
-2
0
0
5
9
9
11
12
13
9
6
6
3
1
0
1
1
0
-2
-4
-4
-1
4
10
10
9
10
10
10
8
4
-3
-4
0
0
-2
-3
-1
-3
-8
-16
-20
-19
-16
-12
-11
-7
-2
5
11
14
15
12
13
9
7
6
3
4
2
0
-2
-2
0
0
0
0
-3
-6
-4
-5
-8
-5
3
8
7
5
4
-2
-5
-2
4
6
1
0
2
3
-2
-7
-6
-7
-3
-2
-2
-1
-4
-3
0
1
2
3
1
0
0
0
-5
-9
-11
-12
-13
-18
-19
-14
-9
-7
-6
0
9
15
14
15
23
26
26
24
20
18
13
6
-1
-8
-9
-8
-12
-13
-13
-8
-5
-4
-5
-6
-2
0
3
6
9
10
9
8
4
1
0
-3
-9
-14
-14
-12
-14
-17
-21
-20
-16
-12
-11
-7
-2
4
10
15
19
22
25
27
30
26
18
17
16
9
0
-3
-4
-6
-10
-16
-26
-33
-36
-37
-39
-39
-27
-16
-10
-7
-3
2
6
12
18
23
25
25
28
30
24
15
10
4
-6
-16
-16
-16
-19
-21
-21
-21
-23
-23
-21
-14
-9
-8
-1
8
18
20
20
25
29
28
25
23
21
14
7
8
9
7
2
-1
-8
-11
-10
-10
-11
-13
-12
-7
-2
-1
-6
-5
3
9
15
14
14
18
20
21
14
3
0
-1
-2
-3
-4
-4
-4
-5
-9
-15
-16
-14
-14
-14
-16
-12
-6
-1
-1
-5
-3
1
0
1
3
5
10
15
18
15
17
20
19
15
18
23
20
14
11
10
3
-2
-7
-9
-8
-10
-12
-12
-12
-14
-13
-11
-9
-4
3
13
15
18
20
22
20
18
18
14
10
4
-3
-7
-11
-13
-16
-23
-27
-30
-29
-28
-26
-18
-13
-8
-2
7
13
13
11
17
22
21
22
22
23
16
12
9
4
0
-8
-10
-12
-14
-15
-14
-11
-11
-10
-8
-3
-1
0
7
14
18
17
16
18
16
13
11
9
8
6
2
0
-3
-6
-8
-13
-14
-15
-13
-11
-9
-6
-3
0
2
2
-1
-2
2
7
5
6
9
10
6
4
3
3
4
5
1
-2
-2
-2
-3
-8
-12
-11
-10
-8
-7
-4
-3
-5
-5
-2
-4
-9
-10
-7
-4
-7
-12
-13
-11
-9
-7
-5
-6
-8
