SAMPLES:	19679
BITSPERSAMPLE:	16
CHANNELS:	1
SAMPLERATE:	16000
NORMALIZED:	FALSE
-1
-1
-1
-1
-2
-1
-2
-2
-2
-2
-2
-2
-1
-1
-2
-2
-2
-2
-1
-1
0
0
0
0
0
0
-1
-2
-2
-1
0
-1
-1
-1
-1
-1
-1
-2
-1
-2
-2
-2
0
-1
-2
-2
-1
-1
0
0
-1
-1
-1
0
0
0
0
-1
-1
0
0
0
-1
1
0
-1
-1
0
-2
-2
-1
0
1
0
0
0
0
0
-1
0
0
0
0
2
1
0
-1
-1
0
-1
0
0
1
1
1
2
0
-1
0
0
2
1
-1
0
0
0
0
0
1
0
0
1
0
0
-2
-2
-2
-2
-1
-2
-4
-2
-2
-2
-2
-2
0
1
0
-1
0
0
0
0
-1
-2
0
-3
-3
-3
-3
-4
-3
-3
-3
-3
-4
-4
-5
-3
-4
-4
-4
-3
-3
-2
-2
-1
-1
0
1
0
-1
0
0
-1
-1
0
-1
1
-1
-1
0
0
2
1
0
0
0
1
0
1
0
0
1
2
1
2
2
2
1
2
2
0
1
2
2
1
3
3
1
1
1
2
1
1
1
2
2
1
1
1
0
0
0
0
-1
-1
-1
-1
0
0
0
-1
1
-1
1
1
0
0
0
-1
-1
-2
-1
0
0
0
1
0
0
-1
0
0
0
0
1
2
1
3
1
1
2
1
2
1
1
3
2
0
2
2
2
3
2
2
1
3
3
3
2
4
5
5
6
5
5
5
4
5
4
4
5
5
5
4
3
3
1
2
3
3
4
1
2
2
1
2
1
1
1
0
1
0
-1
0
0
0
0
1
0
0
-1
0
1
0
1
-1
-1
-1
-2
-2
-3
-4
-4
-3
-3
-2
-3
-2
-2
-3
-2
-2
-1
-1
-2
0
1
0
2
0
0
0
2
2
1
1
0
1
0
0
-1
-1
0
0
0
0
0
0
0
0
-1
-1
-1
-1
0
-1
0
0
0
0
0
0
-1
0
1
0
0
0
0
0
0
0
0
0
0
0
0
0
0
0
-1
1
0
0
0
-1
0
0
0
1
0
0
1
0
0
0
0
-1
-1
0
-1
0
0
-1
-2
-1
-2
0
0
0
0
-1
-1
-1
0
-1
-1
-1
0
-1
-1
-2
-2
-2
-2
-2
-2
-3
-3
-3
-3
-3
-3
-2
-2
-2
-1
-2
-2
-2
-2
-2
-2
-1
-2
-1
-1
-1
-1
-1
0
0
1
0
-1
-1
1
-1
-1
0
0
0
0
-2
-2
-2
0
0
-1
-1
0
0
0
0
0
0
0
1
0
0
0
0
0
-1
0
-1
0
0
-1
1
0
0
-1
0
0
0
0
0
0
0
0
1
-1
0
0
0
0
-1
0
0
0
0
0
1
0
0
0
0
1
0
0
0
1
0
-1
-1
0
0
0
-1
0
0
-2
-1
-1
-1
-1
-1
-1
0
0
-1
-1
0
0
-1
1
0
0
1
1
0
0
0
0
0
0
0
-1
-1
0
-1
0
-2
0
-1
-1
-2
-1
-1
0
-1
-1
0
0
0
-1
-2
1
0
1
0
-1
-1
-1
-1
0
0
-1
-1
-2
-3
-1
0
0
-1
-2
-1
0
0
0
-2
-1
0
0
1
-1
0
0
-1
-1
0
0
0
-1
0
-2
0
-1
-1
-1
-1
-1
0
0
-1
0
1
0
-2
0
0
0
-1
-1
0
-1
0
0
1
0
0
0
0
-1
1
2
0
-2
-1
0
0
1
0
-1
1
1
0
0
-1
1
0
0
0
0
1
1
1
-1
-1
1
1
1
0
-1
1
2
0
0
-1
0
0
0
-1
0
1
1
0
0
0
1
1
0
0
2
3
1
0
0
1
2
1
0
-1
1
0
0
1
0
0
0
0
1
0
-1
0
1
2
1
1
-1
2
2
1
0
0
3
2
0
0
1
1
0
-1
-3
1
3
1
-1
-1
1
0
1
0
0
-1
2
3
0
1
0
1
1
0
1
0
-1
1
2
1
1
0
0
0
-1
0
0
1
1
1
2
1
2
4
4
1
2
3
4
2
3
3
3
5
4
5
5
4
4
3
4
4
4
4
6
6
5
5
5
4
3
4
5
5
2
2
4
5
4
2
1
4
6
4
1
4
5
5
5
3
3
4
4
4
3
4
3
3
3
3
2
3
3
3
2
2
3
3
2
0
3
2
1
1
1
2
1
2
2
3
2
1
1
0
1
2
1
0
1
1
2
2
1
1
1
1
0
0
1
0
-1
0
0
0
1
-1
0
0
0
0
0
-1
-1
0
0
0
0
0
-1
0
0
0
0
0
-1
-1
0
0
0
0
-1
0
-1
-1
-1
-1
-2
-2
-2
-2
-2
-1
-1
-1
-1
-1
-1
-1
-1
-2
-2
-1
-1
-3
-2
0
-1
-1
-2
-2
-2
-1
-1
-2
-2
0
0
-2
-2
-2
-3
-1
-1
-2
-3
-1
-1
-3
-2
-2
-3
0
-1
-1
-1
-1
-1
-2
-3
0
-1
-1
-1
0
0
-2
-3
0
0
-2
-1
-1
-1
-1
-1
-1
-2
-1
0
-1
-1
-1
-1
-1
-1
-1
0
0
-1
-1
0
0
0
0
1
-1
-1
0
1
-1
-1
-1
-1
0
0
0
-2
-1
0
0
0
-1
-1
0
-1
0
1
0
-1
0
0
0
-1
0
0
0
1
0
0
0
1
0
0
0
0
0
1
0
0
0
0
0
0
0
1
0
-1
0
0
-1
0
0
-1
-1
0
-1
0
0
-1
0
1
0
0
0
-1
1
0
1
0
-1
1
0
1
0
0
1
1
0
0
0
0
0
-1
-1
-1
0
-1
-1
-1
0
-1
-1
-1
-1
0
0
1
0
0
-1
-1
0
-1
0
0
0
-1
-2
-1
0
0
0
0
1
1
-1
-1
-1
1
0
0
-1
1
0
0
0
0
-1
0
0
0
0
0
0
0
0
0
0
0
1
0
0
0
-1
0
1
0
0
1
-1
0
-1
-1
0
-1
0
-1
-1
1
0
0
-1
0
-1
1
0
1
1
0
0
0
0
0
0
0
0
0
0
0
0
1
1
1
0
-1
0
0
0
-1
0
1
-1
2
0
0
2
0
0
0
1
1
1
1
1
1
1
1
1
0
0
0
0
1
0
0
1
2
1
0
-1
1
2
2
1
0
2
2
3
1
2
1
0
1
1
1
2
2
1
1
1
0
0
1
1
-1
1
1
1
1
0
0
1
1
1
1
2
1
0
0
0
1
0
1
0
-1
0
0
-1
-1
0
1
-1
-2
-2
-3
-3
-3
-3
-4
-4
-4
-4
-3
-4
-4
-4
-5
-5
-3
-3
-4
-5
-4
-2
-3
-3
-4
-3
-3
-3
-2
-3
-4
-4
-3
-3
-3
-2
-1
0
1
2
2
2
3
4
6
8
8
9
10
11
11
12
15
17
19
22
23
24
25
27
25
24
23
23
22
20
18
17
14
14
12
12
11
8
5
5
2
0
-2
-6
-7
-9
-11
-12
-15
-17
-18
-19
-20
-21
-21
-24
-26
-25
-24
-25
-26
-27
-25
-27
-27
-27
-27
-27
-27
-27
-27
-26
-27
-28
-26
-23
-22
-22
-21
-22
-20
-19
-17
-16
-15
-13
-12
-12
-11
-10
-9
-8
-7
-6
-7
-5
-2
-2
-3
-2
0
0
1
0
0
0
2
3
2
3
5
5
7
6
7
11
11
13
14
15
19
20
18
22
23
24
25
26
27
25
24
24
25
23
24
23
23
22
19
18
17
14
14
13
16
14
14
15
16
15
13
11
13
12
12
12
10
9
9
7
3
0
-1
-2
-4
-6
-7
-8
-9
-11
-12
-11
-13
-13
-13
-13
-11
-13
-11
-9
-10
-10
-8
-7
-8
-7
-7
-6
-4
-4
-5
-1
0
0
1
0
0
2
2
2
0
2
2
3
1
-1
1
1
4
6
3
1
-1
2
3
-1
0
-3
-2
-1
-3
-4
-5
-7
-6
-3
-2
-3
-6
-3
-3
-4
0
-4
-6
-2
0
-1
-2
-7
-7
0
-1
-4
-4
-2
1
-4
-7
-3
1
2
-3
-2
-1
0
-3
-7
-1
1
1
-5
-6
3
2
1
0
0
2
2
2
0
1
5
3
0
1
4
5
1
-3
0
4
2
-1
0
0
1
-2
-1
3
1
-1
-1
2
3
1
3
3
0
-3
-3
3
3
0
-1
0
1
2
0
-2
-5
-4
-1
-1
0
0
0
0
0
0
-1
-6
-4
0
2
1
-2
1
3
-1
-4
-3
-2
-1
-4
-2
-1
-3
-3
-5
-2
-3
-5
-2
1
-1
-6
-5
0
2
-3
-3
-1
0
0
-1
-4
-2
-2
-1
0
0
-1
0
1
0
0
0
3
1
-1
1
0
1
2
1
1
0
1
0
0
1
0
-1
-1
0
2
-2
-1
1
2
3
1
1
2
2
2
0
-1
1
5
4
-1
0
0
1
3
1
0
3
5
2
0
1
3
2
-1
0
0
3
4
0
-1
1
3
6
3
1
2
2
4
5
2
1
0
4
6
3
0
2
6
3
3
1
0
1
0
0
2
1
0
-1
0
2
1
2
3
2
1
-1
3
5
2
0
2
4
4
0
-1
1
4
3
0
1
1
1
2
1
1
0
0
1
0
-1
0
0
0
0
0
1
0
0
1
1
0
1
0
1
1
1
1
2
1
0
2
2
2
1
1
1
1
2
1
1
2
1
2
0
0
0
0
0
-1
0
0
-1
0
0
0
-1
0
1
0
0
0
0
0
1
0
1
0
-1
0
-2
0
0
-1
0
0
-1
-1
-1
-1
-2
-1
-1
0
1
0
-2
-1
-1
-1
-2
-1
1
-1
-1
-1
-1
0
-2
-1
-2
-1
-1
0
0
-1
-1
-2
-1
-2
-2
-1
-2
-2
-1
0
-2
-3
-2
0
-1
-1
-1
0
1
0
0
-2
-1
0
0
0
0
-1
-1
-1
-1
0
-1
-1
0
-1
0
0
0
1
0
0
0
1
1
1
0
1
1
-1
1
-1
0
0
0
1
0
0
0
0
-1
0
0
-1
0
0
-1
-1
1
0
0
0
0
-1
0
1
0
0
0
-1
1
0
1
0
2
0
0
0
0
-1
0
0
0
1
0
0
0
0
-1
-2
-1
-1
-2
-3
-3
-1
-1
-2
-3
-3
-3
-3
-2
-3
-4
-4
-3
-3
-3
-3
-3
-4
-4
-5
-5
-4
-5
-4
-4
-4
-5
-5
-5
-2
-3
-4
-5
-4
-2
0
0
2
2
3
4
5
5
5
6
7
10
11
13
13
11
11
12
12
14
15
15
14
15
17
16
16
15
16
16
16
15
14
13
13
12
11
10
9
9
9
8
6
4
4
5
4
1
1
0
0
-3
-3
-3
-3
-3
-5
-6
-9
-10
-12
-13
-13
-15
-15
-16
-19
-19
-19
-21
-22
-22
-21
-20
-20
-18
-20
-20
-20
-20
-19
-17
-16
-14
-14
-13
-13
-12
-10
-8
-6
-5
-4
-5
-4
-3
-3
-2
-2
-1
1
0
1
1
0
1
0
1
1
1
4
7
7
8
7
6
7
10
9
7
6
6
6
6
4
2
2
1
1
2
1
1
1
0
0
1
0
2
4
4
4
7
7
9
10
10
11
13
15
16
16
17
20
21
23
23
23
23
23
24
23
24
24
23
22
23
22
20
19
18
16
15
16
13
14
12
13
12
10
8
7
6
4
3
4
2
3
2
0
-1
-3
-2
-3
-5
-6
-6
-8
-9
-10
-12
-13
-14
-14
-14
-15
-16
-15
-14
-14
-13
-13
-14
-15
-15
-14
-13
-13
-15
-14
-11
-10
-12
-12
-11
-9
-9
-8
-8
-7
-5
-6
-6
-6
-5
-5
-4
-4
-3
-3
-3
-1
-2
-1
-1
-2
-1
0
-1
-1
-1
0
-1
-1
-1
-1
-1
1
1
0
-1
-1
-1
-1
0
-1
-1
-1
0
0
-1
-1
0
0
0
0
0
0
0
-1
-1
0
0
0
0
0
0
0
0
0
-1
0
0
-1
0
0
0
0
0
0
-1
1
0
0
-1
-1
-1
0
-1
-1
-2
-2
-1
-1
-2
-2
-2
-1
-2
-2
-1
1
0
0
0
0
-1
1
1
0
-1
0
-1
-1
-1
-2
-2
-1
-1
-1
-2
-2
-1
-1
-1
1
0
0
1
1
1
0
0
0
1
1
1
1
0
2
0
1
0
2
0
1
0
0
0
0
1
-1
0
0
0
0
0
0
0
0
1
1
2
1
0
0
-1
0
0
0
0
1
0
1
1
1
0
0
0
0
-1
-1
0
0
0
1
0
1
0
-1
0
1
1
0
1
2
1
0
0
0
1
1
0
0
0
2
2
0
1
2
1
0
3
3
2
1
1
0
1
2
1
0
1
1
-1
0
1
1
-1
1
-2
1
1
0
0
0
2
1
1
1
1
2
0
0
0
2
1
1
0
0
3
2
0
0
0
1
0
0
0
0
0
0
-1
0
0
0
0
-1
1
-1
-1
-1
1
0
-1
-1
0
-1
1
0
0
0
1
-1
-3
0
0
-2
0
-1
-2
1
-2
-2
-2
-2
0
0
-2
-1
-1
0
-2
-1
0
-1
0
0
-1
-1
-1
-2
-2
-1
-1
1
-1
-2
0
0
0
-1
0
-2
-2
1
0
0
-1
0
-1
0
0
-1
-2
1
1
-1
-2
-1
0
0
-1
-1
1
0
0
0
0
-1
0
1
0
-1
-1
0
0
1
-2
-2
0
-1
0
0
0
0
0
-1
0
0
1
0
0
1
1
0
0
0
0
-1
0
0
1
0
1
0
0
-1
0
1
0
0
0
0
0
0
0
0
2
1
0
0
1
2
0
0
1
1
1
-1
-1
0
1
0
0
0
0
1
1
0
-1
0
0
2
0
0
0
1
0
0
0
0
1
0
1
0
1
1
1
0
-1
0
2
2
1
-1
0
0
0
0
-1
0
0
1
2
1
0
0
0
0
0
2
0
0
0
0
0
0
0
-1
1
2
2
1
0
0
0
-1
0
0
0
1
1
0
0
0
0
1
1
0
0
0
-1
0
0
0
0
-1
0
-1
-1
0
0
0
0
0
0
0
0
0
0
0
0
0
1
1
-1
0
0
1
1
0
0
0
2
0
0
0
0
1
0
1
0
0
1
1
1
1
1
1
1
0
1
0
0
2
1
1
2
2
1
1
1
1
0
1
-1
0
1
1
0
0
0
1
1
1
1
0
1
0
0
1
1
1
1
0
1
-1
0
1
1
0
0
0
0
1
0
1
0
-1
0
0
1
0
0
0
0
0
1
1
0
0
0
0
0
-1
0
0
0
0
0
0
1
0
-1
0
0
0
0
1
0
1
0
0
1
1
0
0
0
-1
0
0
0
-2
-1
0
1
0
0
0
-1
0
-1
-1
0
0
0
0
-1
-1
-1
-1
0
0
0
1
0
-1
0
1
0
0
-1
-1
0
0
0
0
-1
-1
0
-1
-1
-1
0
0
0
0
-2
-2
-1
0
-1
-1
0
0
0
-1
0
0
-2
0
0
0
0
-1
0
0
0
0
-1
0
1
0
0
0
0
-1
0
-1
-1
0
0
0
0
1
0
0
0
0
0
0
1
1
1
1
0
1
-1
0
0
0
1
1
1
1
0
-1
-1
0
0
1
0
0
0
0
0
0
0
0
0
1
0
0
1
0
0
-1
1
0
1
0
1
1
0
-1
-1
-1
0
0
-2
0
0
-1
-1
-2
0
0
0
0
-1
-1
-1
-2
0
0
-1
1
-1
-1
-1
-1
0
-1
-1
-1
0
0
-1
-1
-1
-2
-1
-2
-2
-1
-1
-2
-1
-1
1
0
-1
0
0
0
0
-1
0
0
0
0
0
-1
0
0
0
0
-1
0
0
0
0
0
1
1
1
0
1
1
1
2
2
1
1
2
2
1
1
1
1
2
2
2
1
1
2
1
2
2
1
1
3
3
3
2
2
2
2
2
1
1
1
1
0
0
1
1
1
1
2
2
1
1
0
1
1
1
1
0
0
1
1
1
1
1
1
2
2
1
1
2
1
1
0
1
1
3
2
0
0
0
2
1
0
1
2
1
0
0
0
0
0
0
0
0
0
1
0
0
-1
0
-1
-1
0
0
0
0
-1
-1
-1
-1
0
0
0
-1
-1
0
0
0
-2
-2
0
0
1
0
0
0
0
0
-1
-1
-1
0
-1
-1
0
-2
-1
-1
-1
-2
-1
-1
0
-1
-1
-1
-1
-2
-1
-2
-1
-1
-1
-1
-1
-2
-1
-1
0
-1
-1
-2
-2
-1
-1
-1
-2
0
-1
-1
-1
-2
-2
-1
-1
-1
-1
-1
-1
-2
-2
-1
-1
-1
-1
-1
0
-1
-1
-2
-2
-1
-1
-1
1
0
0
-1
-1
-2
-2
1
0
-1
-1
-1
0
0
-1
-1
-2
0
-1
0
0
0
-1
0
0
0
0
1
0
0
0
-1
-1
-1
1
0
1
0
0
1
0
0
0
1
0
0
0
1
2
0
0
0
0
0
0
0
0
-1
1
0
1
0
0
0
0
0
1
0
0
-1
0
1
1
0
-1
0
0
1
0
-1
0
0
0
0
0
0
-1
-1
0
0
-1
1
0
1
0
0
0
0
0
0
2
0
-1
0
-1
0
0
0
0
0
1
-1
0
0
0
0
0
0
0
0
0
1
0
0
0
0
0
0
-1
0
0
0
0
1
0
1
1
1
1
1
1
1
1
1
0
0
-1
1
1
1
0
0
1
0
0
1
-1
0
1
0
-1
1
0
0
0
1
0
1
2
1
1
1
0
1
0
0
1
1
0
0
0
1
-1
0
0
0
1
0
0
1
-1
0
0
-1
1
0
0
-1
0
0
0
0
0
0
0
0
0
0
0
-1
-1
0
0
0
0
0
0
-1
-1
0
0
-1
-2
-1
-1
-1
0
-1
-1
0
-1
-1
0
-1
0
-2
-1
-1
0
-1
0
-1
-1
0
0
0
-1
0
0
-1
1
0
0
1
0
-1
-2
-1
-1
0
1
0
0
0
0
0
-1
-1
-1
1
0
1
0
0
1
0
0
0
0
0
0
1
-1
-1
1
0
-1
0
-1
0
0
0
-1
0
0
0
0
0
-1
-1
-1
0
0
0
0
1
1
-1
-1
0
0
0
0
0
0
0
0
-2
0
0
0
0
-1
0
0
0
0
-2
-1
0
0
0
-2
0
0
0
-1
0
0
0
0
-1
-1
0
-1
1
0
0
1
0
0
0
1
0
0
1
0
-1
0
-1
0
1
0
1
-1
-2
-1
0
-1
0
0
1
2
0
0
0
0
0
0
0
0
-1
0
0
1
0
1
0
0
1
0
0
1
0
0
0
0
0
0
0
0
0
0
0
-1
1
0
0
0
-1
0
0
0
0
-1
0
-1
0
-1
0
0
1
0
0
-1
0
0
0
2
1
1
2
1
1
0
0
0
0
0
2
2
0
0
0
0
0
0
1
1
0
1
1
1
1
1
1
1
1
2
1
1
1
0
1
0
0
1
1
1
0
1
1
1
1
3
2
2
1
1
1
1
0
0
1
2
1
2
1
1
1
1
2
0
1
1
1
2
1
0
0
0
1
1
0
0
1
1
1
1
1
1
1
1
2
1
1
0
1
-1
0
0
-1
0
0
0
0
0
0
0
0
0
0
0
1
1
0
1
1
2
2
1
1
0
1
0
1
1
0
1
1
0
0
0
0
1
-1
-1
0
0
0
0
0
1
0
-1
0
0
0
0
0
-1
-1
0
-1
0
0
0
0
0
0
0
-1
-1
0
-1
1
1
0
-1
0
0
0
-1
-1
-1
-1
-1
-1
0
0
0
-1
0
0
1
0
0
1
0
0
0
1
0
-1
0
0
0
0
0
0
0
0
0
-1
-2
-1
-1
0
0
-1
0
-1
-1
-1
-1
0
-1
-2
-2
-2
-1
-1
-1
-1
1
0
0
0
1
0
0
0
0
1
1
0
1
1
-1
0
0
1
1
2
2
2
2
2
1
1
2
2
2
3
4
4
4
3
4
5
5
5
6
7
7
6
5
4
3
3
2
2
1
1
0
0
-1
0
-1
-1
-1
-2
-2
-2
-4
-4
-4
-4
-4
-4
-5
-5
-5
-6
-6
-7
-8
-8
-9
-8
-7
-9
-9
-8
-9
-9
-10
-11
-11
-10
-9
-11
-12
-11
-9
-9
-9
-9
-6
-5
-2
-2
-2
0
1
3
4
5
5
6
8
7
6
5
6
5
4
5
5
6
7
7
6
6
6
6
8
7
7
9
9
10
12
12
12
13
12
13
11
11
10
9
9
9
8
7
5
4
5
4
3
3
2
2
1
1
-1
-2
-3
-4
-5
-6
-6
-8
-6
-5
-6
-5
-6
-6
-6
-6
-5
-5
-5
-2
-2
-2
-1
0
0
2
3
3
3
4
4
6
7
7
6
5
6
6
6
6
6
6
6
5
5
4
4
4
3
2
2
2
2
2
2
1
2
1
1
0
0
0
0
-1
-2
-2
-2
-2
-2
-2
-3
-2
-2
-3
-4
-3
-3
-3
-4
-3
-4
-4
-3
-2
-2
-3
-4
-4
-4
-3
-3
-3
-3
-2
-2
-1
-2
-2
-3
-2
-2
-2
-3
-2
-2
-2
-2
-2
-1
0
-1
-1
-1
-1
0
0
0
-1
-1
0
-1
0
-1
0
0
-1
-1
-1
-1
-1
-2
-2
-2
-1
-1
-1
-2
-1
-1
-1
-1
-1
-1
0
-1
-1
-1
0
0
-1
-2
-1
1
-1
-1
-2
0
0
0
0
-1
0
0
-1
0
0
0
0
-1
0
0
0
0
1
0
0
0
0
0
0
0
0
0
0
-1
1
-1
0
0
0
0
0
1
0
-1
1
0
1
0
0
0
1
-1
-1
0
0
0
0
0
0
0
0
-1
-1
0
0
0
0
1
1
0
1
0
0
0
0
0
0
0
0
0
-1
-2
-1
-1
-1
0
0
0
0
0
-1
0
0
0
0
0
-1
0
-1
0
1
0
0
1
0
0
0
2
0
0
0
0
-1
0
1
-1
0
0
0
0
-1
0
1
0
-1
1
1
0
1
-1
0
0
1
0
0
-1
1
0
1
2
1
1
1
1
1
-1
0
0
0
1
0
-1
0
-1
0
1
0
0
0
1
1
0
0
-1
-1
-1
-1
0
1
0
1
1
0
0
1
0
0
0
1
1
0
1
0
-1
0
0
1
0
0
0
0
0
1
0
1
1
1
1
1
0
0
0
0
1
0
1
0
-1
-1
0
0
-1
0
0
0
0
0
-1
0
0
0
0
0
0
1
1
0
0
0
1
-1
0
0
1
0
0
0
0
0
-1
0
0
0
0
0
0
0
0
1
1
0
0
0
1
1
0
1
1
2
1
0
0
0
0
1
0
1
0
0
0
-1
0
0
0
-1
0
1
0
0
0
0
-1
0
-1
-1
0
0
0
0
0
-1
0
-2
-1
0
0
-1
-1
-1
0
-1
-2
-2
-1
-1
-1
-1
0
0
-2
0
-1
-2
-2
-1
-1
1
-1
-3
-1
-1
-3
-2
-1
-2
-2
-1
-1
-1
1
1
-1
-1
-1
-2
-1
-1
0
1
0
-1
-1
-2
1
0
-2
-3
-1
-1
-1
-1
-1
-1
0
1
-1
-1
-1
0
0
-1
-1
0
0
0
-1
-1
0
0
-1
0
-1
-1
0
0
0
0
0
1
-1
0
0
0
0
-1
-1
1
1
0
0
1
0
0
0
0
1
1
1
1
0
1
1
1
0
0
1
1
1
1
0
1
0
0
1
0
0
1
0
0
0
0
0
0
1
0
1
1
1
1
0
0
0
0
0
0
0
0
0
0
0
-1
0
0
0
-1
0
-1
0
0
0
0
0
0
0
-1
1
0
1
0
0
0
0
1
1
0
-1
0
1
-1
0
0
0
0
0
0
0
0
0
0
0
0
0
1
-1
0
0
0
0
0
0
0
-1
0
-1
0
0
0
0
0
-1
0
1
0
0
0
1
0
0
0
0
0
0
1
0
0
0
0
0
0
0
1
0
2
0
-1
-1
-1
1
0
0
1
1
1
1
0
1
0
2
0
0
2
1
2
0
0
1
1
1
0
1
1
1
1
1
0
0
0
0
0
0
0
0
0
1
0
0
0
1
0
1
1
2
0
1
1
1
0
1
2
1
0
2
1
-1
0
0
0
1
0
0
0
0
1
0
0
0
1
0
0
0
1
1
0
1
-1
0
0
0
1
0
0
-1
0
1
0
0
0
1
-1
0
0
0
-1
0
0
0
-1
0
1
0
-1
0
0
-1
-1
0
0
0
0
-1
-1
-1
0
0
0
0
0
0
0
-1
-1
1
-1
-1
-1
-1
0
0
-1
0
0
0
-1
0
0
0
0
0
0
1
0
0
0
0
1
0
0
0
-1
0
1
0
0
-1
-2
-1
1
0
0
-1
0
-1
0
0
0
1
0
0
1
1
0
0
0
0
0
0
0
0
0
0
0
1
0
0
0
0
-1
1
0
0
0
0
1
1
1
0
0
0
0
0
-1
0
0
-1
-1
0
0
0
1
0
2
1
0
0
0
1
0
-1
0
0
0
0
-2
-1
1
0
0
0
-1
-1
0
0
0
-1
0
0
0
0
0
-1
0
0
0
1
0
0
0
1
2
1
0
0
1
-1
0
0
0
0
1
1
1
0
1
1
0
1
1
1
1
1
-1
0
1
1
0
1
1
0
1
1
2
1
3
1
1
2
1
0
0
0
0
1
1
0
0
1
1
0
0
0
1
1
0
0
1
2
1
1
0
0
3
0
1
-1
1
1
0
1
1
0
0
0
1
1
0
0
0
0
0
0
0
0
-1
0
0
-1
0
0
1
0
0
1
0
0
0
1
-1
1
-1
-1
0
-1
1
-2
-1
0
0
0
-1
-2
-1
-1
-1
-1
-1
-1
-1
-1
-1
-1
0
-1
-1
-1
-1
-1
-1
1
0
0
-1
-1
-1
0
-1
-1
-1
-1
-1
-1
-1
0
-1
-1
-1
-1
-2
-1
-1
0
-2
0
-1
-1
-1
-1
1
1
0
0
-1
-2
0
0
0
0
0
1
0
1
0
0
1
1
0
0
0
0
0
-1
0
0
0
-1
0
0
1
0
0
0
0
1
0
1
0
0
0
0
-1
0
0
0
0
0
-1
0
0
0
1
1
0
0
-1
0
0
1
0
0
-1
1
0
0
0
0
-1
0
0
0
0
0
0
0
0
0
0
0
1
0
0
0
-1
0
1
0
0
1
-1
0
-1
-1
0
0
0
0
0
0
0
0
-1
0
-1
1
0
1
1
0
0
0
0
0
0
0
0
0
0
0
1
1
1
1
1
-1
0
0
0
0
1
0
0
2
0
-1
0
0
0
0
0
0
0
1
1
1
0
0
1
0
1
1
0
1
1
1
0
0
0
-1
-1
1
1
0
0
-1
1
0
2
-1
0
0
0
0
0
0
1
0
0
0
0
0
0
0
1
0
1
0
0
0
-1
-1
0
0
0
0
1
-1
-1
0
0
0
0
1
0
-1
-1
0
0
0
0
1
0
0
0
0
0
0
0
0
0
0
1
0
0
0
0
0
0
0
0
0
0
0
0
0
0
-1
1
0
0
1
-1
0
0
1
2
0
0
1
2
2
1
1
1
2
1
1
1
1
1
0
0
1
0
-1
1
0
0
0
0
-1
2
0
0
0
0
0
1
1
1
0
0
0
1
0
0
-1
0
0
-1
1
0
-1
0
0
0
0
0
0
0
1
-1
0
0
-1
-1
-1
0
0
-1
0
0
0
0
0
-1
1
0
-1
-1
-1
0
0
0
-1
-1
-1
-1
0
-1
0
0
0
0
-1
0
0
-1
-1
-1
0
0
-1
-1
-1
0
0
-2
-2
-2
-1
-1
1
-1
0
0
0
-1
-1
-2
0
-1
0
0
0
0
0
0
-1
-1
-2
0
0
0
0
-1
0
-1
-2
-2
0
-1
-1
-2
-1
0
-2
-1
0
0
1
0
1
0
0
0
0
0
1
0
1
0
0
-1
1
0
0
0
0
0
-1
0
-1
-1
0
0
0
-1
1
0
-1
0
-1
0
0
0
0
0
0
0
0
1
0
1
0
0
0
0
0
1
0
0
1
0
0
1
0
0
0
0
0
0
0
0
0
0
0
1
0
0
-1
0
0
-1
0
0
0
0
1
1
0
0
0
-1
0
0
0
0
0
0
1
0
0
-1
0
0
0
1
0
0
1
0
0
0
0
0
-1
0
1
0
0
0
0
1
1
0
0
0
1
0
-1
0
0
0
0
0
1
0
1
0
0
0
0
0
0
0
-1
0
-1
1
0
0
0
0
-1
0
-1
0
0
0
0
-1
1
0
0
0
1
0
-1
0
1
1
0
-1
0
0
0
0
0
0
0
0
-1
0
0
-1
-1
0
-1
0
0
-1
0
0
-1
-1
-1
-1
0
0
-1
-1
-2
-2
0
0
-1
0
0
-1
0
-1
-1
0
0
-1
0
-2
-1
-1
0
-1
0
0
-1
-1
0
-1
0
-1
0
-1
-1
1
0
0
0
0
1
0
0
0
0
0
0
0
0
1
0
0
-1
0
0
0
-1
0
0
0
0
1
0
0
1
0
0
0
1
-1
0
-1
0
0
0
1
0
0
0
0
0
0
1
0
0
0
0
0
0
0
0
0
-1
-1
0
1
1
0
0
0
1
0
0
0
0
0
0
0
0
0
0
1
0
1
0
-1
0
0
-1
0
0
0
-1
0
0
0
-1
0
-1
1
-1
1
0
0
0
0
0
1
0
1
0
0
0
0
0
0
0
0
0
0
0
1
0
0
-1
0
0
0
0
0
0
0
0
0
0
-1
0
0
1
0
0
-1
0
0
0
0
0
0
0
0
-1
0
1
0
0
0
0
1
0
0
0
0
0
-1
0
0
-1
0
0
0
0
0
0
0
0
0
0
0
1
1
1
1
0
0
-1
1
0
0
0
0
0
0
0
0
0
0
0
0
1
0
0
0
0
1
0
0
1
0
0
0
1
1
-1
0
-1
0
0
1
1
0
0
-1
0
-1
-1
0
0
0
1
1
0
-1
0
1
0
0
0
0
1
0
1
-1
0
1
0
0
0
-1
0
0
0
1
0
-1
0
-1
0
0
0
1
0
0
0
1
1
0
0
1
1
-1
0
-1
0
0
0
1
0
0
0
0
-1
-1
0
-1
0
0
-2
-1
0
0
0
0
0
-1
0
1
0
-1
0
-1
0
0
-1
-1
1
-1
-1
-1
-1
-2
-1
-1
-1
-1
-1
-1
-1
-1
-2
0
0
-1
-1
-1
-1
-1
-1
-1
0
-1
-1
-1
0
0
0
-1
0
0
0
0
-1
0
0
0
0
0
0
0
0
-1
0
0
0
0
-1
0
0
-1
-1
0
0
1
-1
0
0
0
0
-1
0
0
0
-1
-1
0
-1
0
0
-1
0
0
0
-1
0
0
0
0
-1
0
0
0
0
0
0
0
0
0
1
-1
0
0
0
0
-1
0
0
0
-1
0
-1
0
0
1
1
0
0
1
0
0
0
0
0
1
-1
0
0
-2
-2
0
0
0
-1
-1
0
0
1
-1
0
0
0
-1
0
-1
0
0
0
-1
0
0
0
0
1
2
1
0
-1
-1
0
0
-1
0
0
1
1
0
1
0
2
1
0
0
1
1
1
0
0
0
0
0
0
0
0
0
0
0
0
0
0
0
0
-1
-1
1
0
0
1
1
1
2
0
0
1
0
1
1
2
2
0
0
1
0
0
0
0
0
2
1
1
2
0
1
1
1
1
1
1
1
1
1
2
2
-1
1
1
0
0
0
1
1
-1
1
0
0
0
3
1
2
0
-1
1
0
-1
-3
-1
-1
-3
-2
-1
-1
1
0
-1
0
0
0
-2
-2
-1
-2
-1
-1
0
0
0
2
0
1
0
-1
-2
-1
0
-2
-3
2
1
1
2
2
1
0
0
-1
-3
-3
-3
-2
0
1
1
0
-1
2
0
-3
1
3
0
3
2
0
3
0
-2
4
2
-2
5
7
-6
-4
6
-2
-3
9
1
0
10
-2
-3
3
-4
-3
0
-1
4
1
4
8
1
0
0
0
-3
-6
0
-1
-3
3
5
3
3
2
1
0
-1
-7
-5
2
-1
-1
1
-2
-3
3
-3
-5
1
0
-3
0
-1
0
3
1
-3
-2
-2
-2
1
-2
0
-2
1
8
-2
0
6
0
-1
1
0
0
-1
0
0
1
1
-2
-1
1
-4
-4
3
-1
-2
4
0
2
1
0
1
-2
1
0
-4
-2
0
-3
-4
0
-4
-2
2
-1
-4
-1
-2
-5
-3
-2
0
-1
-1
1
-1
-1
2
-2
-8
0
-1
-7
3
0
-6
3
0
-5
-1
-1
-3
1
0
-3
-3
1
-3
0
2
-5
-2
0
-3
-1
0
0
0
-3
-4
-1
0
-4
-4
-2
-1
2
0
-2
0
0
1
0
0
-2
-4
2
2
-2
2
-1
0
2
-1
-2
-2
1
2
-2
1
1
-2
0
0
0
1
3
3
0
-1
2
-2
-1
1
-1
1
1
-2
2
3
0
1
0
1
1
0
2
0
1
2
-1
0
3
0
1
2
-1
1
1
-2
1
1
0
0
0
3
1
2
3
0
0
1
-1
2
1
0
0
1
0
0
0
0
0
0
1
0
-1
-1
1
-1
0
-1
0
0
-1
0
0
0
1
-1
0
0
0
0
0
0
1
-1
-2
0
0
0
-1
-2
0
0
0
0
0
0
-1
0
0
0
-1
-1
0
-1
0
-1
-2
-1
-1
-2
1
-2
-1
1
-2
0
0
-2
0
1
-1
0
0
-2
0
0
-1
0
1
0
0
-1
0
-1
-4
-1
-2
-3
1
-1
-2
1
0
1
3
1
2
1
-1
-1
-3
-2
-1
0
0
5
8
12
13
14
15
15
13
11
11
10
9
10
12
10
10
8
2
4
4
6
14
18
25
33
36
39
33
21
12
0
-7
-11
-14
-2
9
17
30
31
36
28
4
-20
-59
-95
-122
-151
-159
-153
-137
-104
-64
-15
23
32
9
-37
-79
-131
-201
-251
-266
-238
-183
-127
-56
22
77
101
93
80
67
39
-1
-31
-49
-67
-91
-137
-184
-225
-245
-212
-125
21
214
423
637
798
880
871
744
546
296
23
-209
-393
-493
-485
-385
-187
29
214
372
438
434
363
256
206
175
171
224
292
384
422
364
284
198
144
140
174
244
311
339
246
-16
-399
-871
-1296
-1585
-1696
-1505
-1067
-498
97
539
769
742
415
-89
-636
-1071
-1309
-1312
-1051
-646
-209
115
261
258
102
-110
-295
-389
-265
8
357
751
1005
1090
969
571
78
-397
-758
-879
-808
-516
-61
389
756
909
856
692
406
113
-90
-176
-102
46
200
371
507
599
662
730
848
1023
1240
1427
1466
1251
748
8
-863
-1692
-2270
-2424
-2088
-1347
-359
724
1664
2179
2153
1655
829
-142
-1064
-1721
-1900
-1606
-1020
-297
430
970
1132
868
273
-460
-1176
-1802
-2147
-2124
-1806
-1239
-639
-125
317
531
565
526
401
358
437
587
821
1009
1037
948
694
256
-243
-736
-1095
-1223
-1180
-955
-575
-178
198
460
542
575
554
485
518
616
708
748
666
523
302
-79
-490
-787
-892
-761
-532
-170
400
947
1351
1564
1556
1407
1035
433
-110
-510
-765
-792
-709
-439
97
623
1083
1479
1565
1417
984
108
-897
-1946
-2815
-3006
-2693
-2002
-917
160
1095
1581
1274
567
-341
-1412
-2247
-2631
-2349
-1322
-171
809
1869
2720
3056
2731
1687
508
-503
-1407
-1943
-1948
-1416
-632
-139
141
458
518
207
-356
-919
-966
-558
-170
242
741
1000
963
581
-81
-558
-963
-1339
-1379
-1114
-495
175
543
867
1135
1036
554
-259
-997
-1168
-1019
-900
-687
-422
-41
501
771
880
804
421
119
-205
-212
412
887
1122
1276
1282
1473
1365
526
-400
-919
-938
-492
310
1391
2581
3719
4348
4117
2742
-171
-3174
-4884
-5380
-4533
-3300
-1788
967
3329
4446
4785
3726
1780
-749
-3540
-4665
-4053
-3112
-2110
-888
1160
3845
5320
5101
3985
2059
-389
-2670
-4099
-4075
-3012
-2027
-1142
253
1681
2228
1601
108
-1187
-1662
-1878
-1554
-391
495
1048
1490
1441
1297
465
-1337
-2973
-4096
-4293
-3428
-2324
-936
798
2142
3161
3758
3018
1354
-307
-1908
-2773
-2645
-2480
-2057
-1285
-833
-262
341
560
512
-7
-627
-730
-167
794
1461
2041
2602
2518
2017
1087
-230
-1415
-2288
-2493
-2024
-1103
-98
705
1876
3112
3606
3591
3354
2973
2700
2633
2629
2600
2089
-265
-3873
-5856
-5751
-4631
-3036
-2029
-268
3447
6027
6300
5516
3480
946
-1678
-4371
-5065
-4079
-3554
-3278
-1998
1008
4476
5784
4804
3558
2224
308
-1627
-3070
-3231
-2711
-2717
-2373
-941
384
525
-457
-1571
-1361
-644
-686
-479
375
1400
2296
2584
2467
1866
147
-2478
-4578
-5497
-5911
-5677
-4706
-2845
-24
2287
3694
4812
4976
4027
2301
371
-907
-2112
-3342
-3841
-3777
-3227
-2782
-2678
-2054
-1030
16
1186
2297
3386
4388
4798
4729
4304
3185
1506
-259
-2112
-3687
-4249
-4089
-3298
-1846
-254
1640
3841
5852
7084
7459
7613
7238
5988
5019
4327
2957
-206
-5327
-9283
-10091
-8999
-7421
-5775
-2563
2498
6185
7475
7817
7481
5870
2249
-2116
-4188
-4155
-4765
-5482
-3894
161
3912
4815
3630
2377
1343
-435
-2537
-3428
-2858
-2330
-2743
-2674
-969
831
562
-1464
-2676
-2194
-1759
-2233
-2120
-561
1433
2861
3364
3562
3674
2108
-1171
-3941
-5584
-6656
-7345
-7536
-6334
-3890
-1717
31
1829
3222
3836
3532
2740
2188
1637
614
-611
-1330
-1351
-1543
-2110
-2494
-2499
-1996
-1413
-669
897
2723
3926
4477
4658
4481
3282
969
-1284
-2885
-3472
-3012
-2284
-974
888
1918
3105
5111
6183
6496
6155
5116
5440
6317
6302
6544
5224
634
-4934
-9323
-10878
-9773
-8669
-7707
-4667
256
4581
7048
7792
7269
5421
1760
-2048
-3429
-3068
-3260
-3984
-2969
920
5192
6557
4892
2648
1074
-806
-3538
-5410
-5056
-4179
-4272
-4042
-2143
467
1493
402
-399
538
1441
899
-138
-98
1432
2857
3056
2674
1758
-264
-3269
-5821
-6700
-6993
-7566
-7549
-6407
-3964
-934
1224
2389
3087
3175
2908
2756
2403
1425
84
-717
-745
-911
-1731
-2765
-3473
-3596
-3306
-2625
-1002
1025
2463
3573
4581
5203
4906
3323
810
-1357
-2516
-3090
-3118
-2512
-1237
588
2263
3238
4102
4959
5504
6152
6872
7450
8470
9410
9262
7669
2915
-4017
-9312
-12005
-12335
-10951
-9296
-5588
746
5734
8133
8759
7545
5251
1457
-2981
-4373
-3157
-2745
-2919
-1613
2098
6614
7894
5670
3696
2735
947
-2250
-5794
-7433
-7128
-6845
-5989
-3512
-505
1155
687
-90
918
2364
2149
1058
964
2538
4484
5104
4435
3113
1106
-2075
-6232
-9237
-10744
-12099
-12105
-10135
-6823
-2044
2257
4794
7165
8533
7819
6326
4016
1071
-1464
-3812
-5689
-6523
-6985
-7475
-7077
-5194
-2557
-142
1420
2446
3770
5118
5992
6015
4940
3314
1034
-1792
-3923
-5425
-6662
-6920
-5974
-3755
-337
2993
5169
7132
9154
10289
10851
10706
10057
9674
8731
7367
5560
1308
-5217
-11459
-15008
-14654
-12382
-10396
-6758
136
7352
11709
12668
11294
8867
4732
-1352
-5468
-5177
-3670
-3802
-3973
-998
4967
9127
8277
5472
4384
3487
-36
-4950
-7583
-6779
-5448
-5620
-5015
-1778
1884
2803
972
-412
6
77
-1199
-2103
-1038
1496
3110
3119
3072
2702
382
-3495
-7228
-9859
-10676
-10719
-10708
-8138
-3207
1576
5591
7673
7828
7564
6262
3619
930
-1648
-4155
-6042
-7032
-7172
-6497
-5333
-4049
-2367
-271
1638
3063
4249
5407
6059
5914
5224
3692
1588
-398
-2882
-5573
-7322
-8263
-8128
-6238
-3057
630
4151
7288
10224
12440
13782
13441
11137
9251
7741
5723
4655
1926
-4477
-10664
-14463
-14877
-11685
-9142
-7550
-2032
5678
11017
13601
13414
11254
7955
1989
-4037
-5543
-4848
-5500
-6440
-4889
472
6091
7309
5814
5137
4979
3229
-827
-4251
-4349
-3491
-4150
-4559
-2748
422
2036
235
-2324
-2591
-2092
-2868
-3844
-3137
-620
1752
2716
3348
4022
3335
183
-4191
-7238
-8803
-10239
-11181
-10392
-7044
-2104
1830
4313
6284
7278
6807
5086
2704
514
-1684
-4299
-6088
-6083
-4938
-3783
-3156
-2344
-864
299
655
1303
2812
4419
5207
4647
3522
2718
1162
-1586
-4097
-5835
-7010
-7571
-7195
-4630
195
4937
8003
9980
11699
13012
13016
11521
9649
7961
6222
4447
2591
492
-3259
-9116
-13481
-14052
-12169
-9344
-6736
-2945
4049
10555
12794
12429
10596
7340
2997
-2615
-6453
-6658
-6707
-7378
-5888
-1305
4782
8461
8121
7014
6411
4021
-286
-4297
-6269
-6287
-6373
-6561
-4324
-612
1344
981
-379
-882
-389
-916
-2050
-1297
1165
3412
4506
4528
3666
1501
-2520
-7353
-10688
-11956
-12581
-12617
-10440
-5590
539
5730
8810
10266
10471
8987
6097
2730
-654
-4321
-7841
-9397
-8184
-5675
-3745
-2748
-1725
-60
1540
2297
2726
3694
4701
4956
4860
4630
3776
1858
-1436
-5114
-7553
-8562
-8625
-7330
-4050
590
5384
9670
12719
14395
14929
13789
11261
8740
6911
5038
2760
-358
-5693
-11598
-14872
-15706
-14311
-11082
-8252
-3719
3876
9758
12593
13741
12084
8726
4331
-1708
-5708
-6289
-7355
-8896
-7609
-2947
3289
7225
6998
6250
6829
5642
1130
-4241
-7043
-6635
-5891
-5731
-3958
-398
2567
2871
1351
999
1550
14
-2871
-3808
-1620
1777
3336
2699
1953
1252
-1030
-4742
-8102
-9964
-10855
-11280
-10118
-6162
-443
4490
7571
9433
10490
10273
7990
4031
61
-3595
-6798
-8268
-7911
-6483
-4899
-3818
-2374
78
2248
3155
3345
3709
4358
4762
4897
4849
4345
2837
128
-2839
-4894
-6301
-7771
-8219
-6097
-1925
2608
6517
9219
11136
13001
13244
11499
9910
8274
6093
4585
2369
-2045
-7335
-12522
-15699
-15217
-13057
-10489
-5818
743
6326
9499
10517
9880
8093
4154
-1419
-4672
-4617
-4293
-5103
-4918
-1244
4438
7635
6978
5181
4282
2458
-2210
-7041
-8180
-6073
-4301
-3860
-2202
1303
4157
3930
1561
623
870
-502
-3093
-4233
-2206
1353
3100
3013
2719
1842
-593
-4382
-8236
-10539
-11072
-10995
-9603
-5692
-621
4057
7589
9303
9677
8715
5882
2059
-1621
-4719
-6742
-7349
-6833
-5546
-3916
-2306
-576
1187
2108
2075
2273
3369
4867
5854
5891
5319
4567
3304
1096
-1619
-4058
-6515
-8691
-8846
-6558
-2574
1499
4427
7365
10838
13359
14138
13264
11413
9663
8014
6212
4312
786
-5446
-11541
-14616
-15000
-13642
-12032
-9448
-3179
3785
7345
8774
9062
8090
5925
1475
-2426
-2574
-2526
-4458
-4866
-1713
3745
7455
6136
3269
2787
2158
-1258
-5481
-7168
-5637
-4048
-3936
-2536
1577
5026
4353
890
-1348
-1010
-1301
-3715
-5174
-3835
-725
1929
2818
3472
3659
976
-3275
-6715
-8616
-9214
-10184
-10648
-7746
-2199
3047
6540
8144
8559
8211
6433
3527
567
-2421
-5399
-7299
-7208
-5507
-3796
-3019
-2222
-510
1468
2353
2029
2261
3588
4633
5070
5142
4903
4343
2285
-996
-3700
-5582
-7233
-8434
-7727
-4707
-837
3105
6773
9958
13062
14775
13979
12180
10312
8044
5746
2679
-2597
-8685
-12772
-14077
-13115
-10797
-8316
-4184
2332
7463
9191
9488
8696
6153
2186
-2401
-4192
-2291
-1485
-3057
-2791
1131
6196
8086
5565
2846
2328
900
-3132
-6949
-7414
-5045
-3642
-3681
-1451
3034
5823
4337
547
-933
-183
-1225
-3919
-5070
-3335
-1
1695
1355
1654
1778
-759
-4561
-7718
-9451
-9768
-10501
-10827
-7881
-2789
1663
4625
6354
7526
7860
6689
4329
1510
-1096
-3659
-5769
-6259
-5688
-5109
-4302
-3110
-1595
-90
504
621
1753
3482
4436
4811
4967
4855
4001
1714
-1028
-2728
-4129
-5962
-7121
-6436
-3790
-338
2833
6063
9665
12421
13533
13350
12699
12337
11293
8666
4896
-1002
-8288
-13085
-14853
-14597
-12367
-9826
-5720
1464
6931
8503
9016
8268
5795
2404
-1877
-3908
-2135
-1350
-2754
-1915
2653
8013
9647
6340
2753
1739
-34
-4254
-7922
-8103
-5390
-3294
-2496
82
4297
6418
4552
888
-666
-400
-1859
-4552
-5003
-2649
479
1891
1545
1713
1443
-1524
-5698
-8644
-9738
-9826
-10488
-10324
-6683
-1414
2560
4759
5790
6533
6422
4537
2018
94
-1507
-3643
-5737
-6081
-4990
-4047
-3838
-3812
-2977
-1296
-102
629
2209
4155
5242
5496
5476
5558
5059
2795
-327
-2473
-3583
-4494
-5344
-5524
-3828
-218
3757
7272
10453
13044
14439
14597
14245
13866
12329
8317
789
-8394
-14029
-15097
-14427
-12802
-10632
-6830
69
5693
7140
7280
6790
4794
2049
-1140
-2107
591
1996
334
202
3309
7238
8132
4329
327
-796
-2103
-5232
-7871
-7734
-5246
-3639
-3466
-1522
2444
4866
3724
929
-482
-393
-1336
-3591
-4420
-2914
-772
521
914
1358
1141
-1445
-5101
-7525
-8400
-8560
-9061
-8869
-6431
-2906
186
2695
4704
6047
6140
5018
3748
2503
622
-1884
-4087
-5115
-5445
-5955
-6112
-5173
-3603
-2054
-528
1406
4014
6411
7417
7309
7076
6567
5089
2667
102
-1787
-3258
-4592
-5184
-4920
-3755
-1416
1337
4473
8315
11511
13698
15557
16439
16318
14997
10722
2753
-7102
-15022
-17722
-16279
-13819
-11573
-8133
-1744
4776
7353
7005
5895
3969
1017
-2878
-4589
-1622
1649
1542
1468
4444
9011
10933
7153
1372
-1731
-4331
-8992
-12859
-12376
-8040
-4237
-3090
-1396
3084
7063
6598
3074
578
-4
-1065
-3151
-3603
-1422
1144
1996
1143
674
490
-2358
-6932
-9899
-10538
-9920
-9328
-8392
-5591
-1746
1118
2817
4274
5604
5748
4477
3245
2626
1870
642
-1093
-2694
-3816
-4986
-5812
-5539
-4547
-3449
-2192
-280
2560
5120
6342
6828
6980
6337
4730
2430
529
-268
-1241
-2857
-3636
-3247
-2194
-674
1058
3813
8068
11823
14176
16450
18356
18427
15540
8062
-2721
-11754
-16937
-18782
-17046
-13324
-8776
-1709
5143
8380
9949
9634
6106
1273
-4054
-7437
-5881
-3006
-1690
550
5028
9998
12101
9139
4106
287
-3639
-8664
-12645
-13230
-10425
-7174
-5021
-1591
3341
6228
5195
2243
788
1214
629
-1446
-2060
-212
1846
1953
620
-471
-1761
-4559
-8263
-10487
-10108
-9135
-8709
-7254
-4340
-1354
392
772
996
1592
1574
1236
1818
2848
2995
2169
1571
1794
1343
-1148
-4314
-5862
-5349
-4391
-3936
-2660
528
4274
6860
8285
9392
9828
8414
4972
1612
534
139
-1492
-2867
-2564
-695
1561
2248
2401
4583
7574
9426
10899
12888
15225
16421
14040
7337
-1469
-9319
-14756
-17637
-17516
-14886
-10135
-3158
3215
7069
9663
10475
8114
3125
-2900
-6559
-6179
-5074
-4847
-2685
2567
8454
10895
8501
4731
1722
-2382
-8157
-12754
-13462
-10921
-8040
-5576
-1575
3562
6373
5498
3183
2100
1851
294
-2076
-2744
-1212
556
897
-75
-1167
-2378
-4711
-7271
-8692
-9320
-9487
-8942
-7218
-4308
-1535
314
1846
3126
3731
3733
3620
4044
4450
3552
2034
1189
595
-989
-3954
-6573
-6899
-5680
-4808
-4115
-2172
1292
4890
7166
8474
9777
10261
8737
5621
3011
1977
642
-1809
-3723
-4107
-2843
-967
-243
1100
4755
8390
11322
14547
17444
19146
16852
7902
-3208
-10700
-14658
-16897
-18155
-17364
-11539
-2517
3751
6642
8757
9367
6550
593
-4787
-5163
-2777
-2979
-4424
-1904
5128
11461
12027
8680
6011
3019
-3075
-10017
-13299
-12290
-10873
-10934
-8621
-1846
4501
5303
2128
455
2035
2926
1130
15
1601
3892
4563
4035
4266
3685
-866
-7560
-11730
-11968
-10992
-11755
-12430
-9321
-3890
194
2062
2943
3964
4140
2803
2042
3114
4199
3246
1512
1483
2319
1078
-2932
-7146
-9010
-8467
-7413
-6246
-3441
416
3235
5179
7144
8922
9553
7746
4527
2475
1799
1108
432
105
272
918
1101
892
1656
3457
5450
8037
11795
15550
17437
16184
10148
695
-7134
-11945
-14877
-15656
-15678
-13711
-7186
-321
4226
7999
9164
6986
2725
-2571
-4616
-2723
-1955
-2867
-1585
3243
9256
11829
9669
6712
3983
-825
-6829
-11181
-12163
-11321
-11824
-11284
-6082
661
3970
2826
482
1199
3766
4497
4293
5095
6324
6845
5725
3838
2251
-1356
-7369
-12156
-14080
-13905
-13324
-13291
-11746
-7633
-2883
814
3324
5232
6219
6158
6002
6178
6437
5606
3422
1524
197
-1827
-4656
-7106
-8126
-7910
-7190
-6265
-4417
-1416
1280
3490
5894
7824
8373
6990
4633
3634
3558
2701
1364
33
-549
-143
38
450
2271
4636
7414
11233
14852
17505
16865
9780
546
-5773
-9881
-11536
-12099
-12853
-9322
-3034
796
3509
5492
5287
3676
-152
-3611
-2082
808
728
-162
1282
5881
9978
8834
5107
2594
-413
-5115
-9561
-10841
-8391
-6603
-7183
-5593
-773
3019
2724
-620
-2397
-1010
-246
-567
1263
4746
7011
6490
4329
3536
2779
-1586
-7834
-11839
-12014
-10326
-10161
-10259
-7983
-5149
-3542
-2994
-2574
-749
1039
958
1480
4094
6422
6818
5557
4035
3191
1498
-1659
-4649
-6366
-6551
-6027
-5320
-3387
-982
811
2623
4205
5224
5510
4464
3088
2079
1018
444
623
922
1364
2315
3306
4769
6393
6704
7056
8888
10664
11559
9430
3095
-2804
-5615
-6741
-6727
-6917
-6296
-2443
691
779
969
1297
788
-707
-3517
-3231
1219
3820
3216
3262
5899
9597
9833
5675
1736
-775
-4668
-9731
-12904
-11919
-8409
-6855
-6438
-3101
1281
2752
966
-1804
-2170
-732
-997
-1098
1757
5157
6848
6727
6170
6513
4896
-983
-7597
-11068
-11253
-10611
-10301
-8814
-5968
-3381
-1949
-1274
23
1199
267
-909
215
2643
4496
4798
4459
5177
5338
3016
-97
-2448
-4501
-6592
-8213
-7748
-4599
-1454
-67
1169
3245
5354
5895
4383
2723
2172
1746
942
713
2118
4542
5863
5797
6310
7612
8208
8312
8424
8821
7791
1960
-5742
-9235
-8712
-7266
-6745
-6430
-2686
2375
3207
1644
871
-58
-2290
-5878
-6426
-1066
4103
4332
3186
5390
10068
11577
7687
3249
1270
-1328
-6582
-11156
-11126
-7979
-6771
-7567
-5471
-156
3218
1682
-1548
-1617
374
342
-915
-143
2858
5367
5342
4986
6046
5364
1428
-3059
-5336
-5131
-5431
-7506
-7930
-5888
-4521
-4746
-5081
-4076
-1882
-464
-329
478
2593
3800
3733
4079
4731
4662
3221
788
-797
-1591
-3189
-5042
-5752
-4934
-3489
-2598
-1862
-740
72
149
49
821
1913
1960
1523
2157
4218
6346
6822
5916
5741
6591
7470
8432
9198
8536
4057
-3719
-9531
-10593
-9059
-8137
-8175
-4878
2693
8111
8207
6120
3661
139
-5475
-10995
-10362
-4481
-448
531
3227
9866
15935
15419
10257
6442
3930
-663
-6994
-10546
-8846
-5972
-6162
-6570
-3837
-603
-545
-3464
-5222
-3194
-814
-676
583
4554
8417
9610
8369
7422
7131
4255
-1716
-6834
-8534
-8509
-9093
-9289
-7292
-4147
-2312
-2642
-3166
-2315
-1313
-832
111
2027
4028
4450
3793
3723
3392
1488
-1703
-4568
-5392
-5006
-4591
-3634
-1795
377
1795
2382
2966
3178
2250
607
-732
-1215
-1023
-763
-111
1720
3617
4701
5358
5743
6362
6964
7352
8065
8625
7173
1493
-6547
-11402
-11614
-9613
-7477
-5951
-1959
4756
8613
8747
7864
5692
1363
-5120
-10284
-9146
-4572
-2590
-2408
448
6827
12148
11799
8304
6088
3463
-1717
-6973
-8367
-5393
-3131
-4376
-4570
-1393
1118
-359
-4447
-6482
-4777
-3397
-3538
-1553
2808
6383
7102
6472
7695
9071
6212
-247
-5692
-7596
-8144
-10022
-11428
-9915
-7018
-4921
-3853
-2436
196
1812
1682
2567
5156
7334
7040
4663
2954
2565
1402
-1381
-4185
-5289
-5069
-4747
-4400
-3462
-2100
-1296
-1043
-248
1577
3257
3680
3606
3724
3924
3823
3034
2606
2775
2677
3275
4769
6685
9037
10245
10215
9007
3372
-5924
-13175
-15559
-13762
-10332
-7562
-2768
5448
11599
13004
11778
9079
4591
-2924
-10987
-13200
-9685
-6680
-5897
-3368
3770
11900
14209
10852
7118
3850
-1061
-6681
-9099
-6648
-3396
-3324
-3518
-350
3502
3461
-849
-5095
-5908
-5340
-5130
-3474
142
3741
5377
5546
6588
8110
7001
2648
-1942
-4298
-5482
-7236
-9113
-9968
-9499
-8541
-7760
-6463
-4206
-1973
-23
3032
7178
10430
11048
9161
6660
4427
1522
-2082
-4985
-6185
-6100
-5386
-4096
-2293
-739
-552
-1491
-1862
-1090
-9
794
1781
3641
5799
7121
7667
7741
7505
6865
5686
5195
5720
6278
7054
7753
6971
2668
-5811
-13492
-15970
-14382
-11283
-8671
-4759
2892
9656
12535
13314
11851
7651
688
-6698
-8350
-4817
-2739
-3320
-2618
2292
8400
9315
5320
1462
-1512
-5234
-9091
-10108
-6854
-3161
-2519
-2128
1199
4741
4329
-63
-4176
-4890
-4495
-4987
-4073
-891
2147
3254
2442
2212
3272
2200
-931
-2697
-2652
-1899
-2042
-3460
-4238
-4666
-6268
-8443
-9870
-9833
-9019
-7546
-3696
1971
7236
10788
11717
11156
9998
6977
2666
-1085
-3725
-5188
-5253
-4013
-1971
-488
-573
-1510
-2069
-2299
-2743
-2744
-1644
637
3417
5763
8110
10708
12108
12143
11938
11940
11490
9988
8270
7225
5131
-1405
-11766
-19435
-20531
-17699
-14047
-10116
-3339
6140
12378
13700
13879
13154
8946
530
-6956
-6832
-2146
-419
-1764
-768
4876
9979
8767
3820
-234
-4279
-9788
-13872
-12244
-5958
-1542
-1419
-569
3710
6876
4765
-716
-4897
-6140
-6622
-6600
-3515
1417
3864
3229
2630
3428
3383
96
-4423
-5597
-3518
-2023
-1880
-1433
-865
-1892
-4484
-6843
-7752
-8216
-9785
-10274
-6304
64
5029
8031
9692
11002
10815
7845
4283
1402
-1492
-4216
-5759
-4430
-1216
257
-436
-1275
-1780
-2578
-3868
-4257
-2543
-291
1130
2300
4939
9038
11636
12055
12198
12427
12025
10914
9695
8895
5958
-2395
-12634
-18512
-19068
-17216
-15201
-12165
-4685
4515
9559
11283
12557
12616
9288
2139
-3432
-2479
330
-73
-1592
-48
5309
9184
7242
3520
1080
-2614
-8183
-12471
-11716
-7112
-4553
-4787
-3347
654
3705
3068
403
-592
-304
-943
-834
1687
4462
4808
2382
-41
-151
-531
-2820
-4377
-4146
-2876
-1885
-2078
-1688
-1048
-2584
-5061
-6476
-6530
-5953
-6089
-5472
-2460
829
3157
4846
6048
7295
7099
4671
2656
1610
-9
-1544
-2190
-1791
-526
-190
-1202
-1734
-2242
-3744
-4993
-5128
-3697
-1269
429
2330
5454
7892
9253
10442
11792
13836
14781
14025
13484
11440
4526
-6058
-15662
-19755
-18907
-17391
-15742
-10534
-2005
5112
8718
10534
11830
11119
6406
808
-1
2464
2783
61
-1511
1444
5217
4680
1453
-1303
-3340
-6237
-9989
-10506
-6642
-3117
-2169
-1587
156
2025
1611
-833
-2277
-2213
-2340
-2021
515
4109
6151
5392
3116
1550
-79
-2995
-5180
-5011
-3179
-1398
-716
67
804
-307
-2907
-5370
-6769
-7410
-8231
-7961
-4809
-570
2157
3472
4661
6270
6850
4800
1685
-484
-1662
-2124
-1512
334
2625
3844
3194
1786
598
-1342
-3929
-5752
-6214
-5246
-3507
-1507
1510
5049
7829
9801
11684
13903
15808
16656
15790
12632
5549
-5088
-14579
-19529
-20267
-18572
-16191
-11153
-2496
5163
9676
11864
12067
10563
6455
1487
555
2159
2091
625
172
2805
6292
5547
1438
-2542
-6413
-9936
-11686
-10344
-6129
-2429
-959
874
3669
4920
3566
436
-2272
-3488
-4419
-4426
-1818
1338
2945
3456
3352
3011
1246
-2652
-5493
-5153
-3304
-1496
-208
930
1659
954
-1060
-3106
-4663
-6680
-8738
-8550
-5106
-745
1893
2564
2668
3238
3589
2323
393
-851
-1591
-1653
-589
1746
4472
5774
4800
2949
1457
-280
-2591
-4621
-5575
-5178
-3965
-2630
-619
2408
5510
8218
11045
13924
16593
18588
18630
14736
6074
-4005
-11803
-16263
-18325
-19508
-18263
-12330
-5013
443
4838
8428
10017
7949
3603
2518
5798
8180
6865
5033
6609
9846
9607
5848
1873
-2136
-7444
-13306
-15543
-12226
-8150
-6792
-5439
-1755
2276
3422
1322
-338
-98
-513
-1539
-321
2967
5043
3812
1536
345
-1096
-4265
-8402
-9785
-7318
-4564
-2629
-145
2460
3730
2299
-807
-3257
-5504
-8094
-9262
-7272
-2740
1152
2897
3368
3175
2300
160
-2647
-4221
-4272
-3368
-1533
1189
4327
7025
8846
9035
7279
4085
-355
-4584
-7048
-8149
-7732
-6141
-4268
-1834
773
3517
7281
10989
13833
16558
19005
20984
20006
12742
2255
-6282
-11743
-14557
-16484
-17449
-14231
-8770
-4502
-424
3688
6631
6796
3957
3126
6906
10586
10833
9226
9099
11079
10970
6870
2189
-1915
-6716
-11786
-14717
-13334
-9473
-7063
-5519
-2457
581
1518
366
-1113
-1187
-1132
-1773
-333
3200
5513
5461
3501
1428
-507
-4604
-9193
-10933
-9934
-7223
-4365
-1708
1326
2708
1896
672
-1061
-3491
-6319
-8366
-7230
-3579
29
2378
3205
3000
1851
-159
-2201
-3758
-5110
-5950
-4768
-1767
1830
5081
6658
6716
6107
4224
1782
-83
-1458
-2644
-4090
-4487
-3216
-1444
237
2024
4532
8193
11821
14912
18128
19206
14034
3878
-4996
-9144
-9929
-11256
-12826
-9212
-1706
2804
3549
3471
4240
3331
-1960
-5792
-2330
4051
6763
6036
7738
13608
16688
12864
6699
1928
-3086
-10211
-16040
-15533
-10786
-7827
-6734
-3547
1496
3626
823
-3052
-4257
-3922
-3979
-2384
2603
7792
9211
7707
6190
4458
279
-6260
-11408
-12479
-11133
-8916
-5161
-390
2896
3248
2383
2290
1718
-1503
-5717
-7469
-5704
-2323
345
2375
4079
4012
1989
-734
-3200
-5084
-7094
-7888
-5317
-490
4271
7344
8613
8819
7200
3779
558
-1586
-3294
-5265
-6657
-5697
-2831
-54
2162
4978
8769
12415
15051
16713
16543
11408
1708
-6866
-10462
-10077
-9580
-10266
-8054
-2742
729
1226
828
1030
126
-3966
-6456
-2186
5012
8865
8676
9549
14256
17302
13993
7573
1555
-4465
-11257
-16429
-15675
-10499
-7200
-6657
-4427
499
3886
2383
-1636
-3699
-3479
-3071
-1691
2509
7558
9658
8204
5941
3848
-2
-6272
-12031
-13734
-11804
-8438
-4005
1034
4976
6166
5043
3679
2330
-316
-3943
-6137
-5331
-2450
384
2443
3564
2907
494
-2506
-5247
-7519
-9115
-9065
-6015
-781
4498
8717
11541
12681
11313
7863
4239
953
-2236
-5025
-6912
-6895
-5428
-3857
-1274
2725
6978
10965
13695
14220
10816
3172
-4001
-7119
-6878
-6097
-6668
-5115
-506
2401
2338
502
-1692
-4258
-8737
-11109
-6870
598
5820
7711
10285
15799
19511
17615
12163
5911
-680
-8099
-14097
-15063
-12444
-10752
-10552
-8740
-4369
-212
1007
-242
-1414
-1609
-1018
1484
5591
8990
9990
8809
7272
5645
2086
-3352
-8626
-12152
-13230
-12442
-10128
-6726
-3627
-1255
821
2696
3990
4073
3635
3800
4281
4208
3981
4516
4910
3798
635
-3611
-7032
-9898
-12571
-13254
-11001
-6676
-1965
2411
7281
12055
14614
14112
11734
9338
6468
2994
397
-1516
-2896
-4324
-5327
-3454
119
3297
6103
7767
6627
1047
-5832
-8205
-6242
-3881
-3494
-2810
1982
6645
6455
3976
1490
-1287
-6596
-12972
-13038
-6382
213
3706
6962
13672
20130
20243
15710
10684
5533
-1847
-10616
-15496
-14793
-12765
-12056
-10433
-5961
-1494
-534
-2380
-4077
-3993
-3243
-1769
2254
7332
11028
12698
12165
10173
6115
-523
-6716
-10836
-13548
-14376
-13308
-10466
-6680
-3519
-407
2493
3720
3054
1601
1875
3655
4446
4774
5556
6366
6260
4142
1056
-2166
-6472
-11218
-14043
-13616
-10923
-7898
-4541
762
7049
11697
14160
14785
13832
11212
6795
2972
1181
-677
-2835
-4026
-3083
770
4886
7764
9738
6991
-1090
-9300
-13547
-12155
-8724
-6853
-2806
4587
10797
13345
12215
9297
4480
-4239
-12533
-14176
-10438
-6343
-3727
615
9276
17613
20245
18197
13835
7518
-623
-8623
-12585
-12384
-12203
-12447
-10268
-5770
-1653
-823
-3393
-6071
-7006
-6355
-3253
1781
6575
9972
11650
12187
11626
8519
2857
-3520
-8935
-11847
-11883
-10168
-8286
-7389
-6706
-4827
-2300
-583
-215
-707
-319
1627
4266
7454
10028
10358
8719
5980
2816
-589
-5006
-10000
-13156
-13349
-11906
-9881
-7217
-3786
609
5116
8771
11949
13539
12449
9955
7591
6474
5364
2574
-202
-1358
-316
2742
5767
6981
3773
-3883
-10841
-13403
-12091
-9912
-8238
-3976
3326
9506
12730
13776
12894
8508
81
-7509
-9249
-7261
-6426
-7004
-4017
4356
12384
15587
15105
12999
9040
2190
-4701
-7699
-7765
-8219
-9457
-8256
-3948
-783
-1647
-5125
-8220
-9628
-9734
-7444
-2345
3363
8006
10809
12503
13594
11739
6408
-114
-5995
-9474
-10701
-10813
-9881
-9129
-8420
-6666
-4899
-3545
-2911
-2750
-1276
1549
5002
8703
11604
12952
12287
9879
6571
2254
-3473
-9607
-13919
-15386
-14714
-12786
-10271
-6823
-2459
1620
5375
8943
11401
12391
12286
11856
11561
10295
7035
3057
237
-554
646
2264
2108
-1670
-8017
-12200
-12280
-10462
-8971
-7733
-3690
2812
7790
10920
13250
13659
10132
3160
-1777
-1939
-1566
-4048
-7087
-5811
-368
4286
6499
7547
7688
5949
2377
-154
-27
204
-1611
-3714
-3506
-1578
-616
-2130
-5320
-8204
-9858
-9595
-6592
-2427
1097
3712
5483
7386
8986
8314
5268
1106
-2623
-4564
-4888
-4897
-5562
-6858
-7992
-8320
-7811
-6676
-5436
-4247
-2318
1008
5534
9960
12452
12670
11531
9490
6391
2214
-2883
-8115
-11829
-13596
-13575
-11631
-8881
-6372
-3896
-1283
1614
4532
6772
8258
9496
11087
12142
11432
9233
6452
4135
2903
2052
1811
1189
-2965
-9385
-14002
-14736
-12396
-10632
-9474
-5251
773
5199
7427
8878
10449
9365
4502
601
796
2478
1725
-968
-958
2596
5016
4216
2557
1582
145
-3076
-5593
-4442
-1794
-1160
-1865
-941
1830
3165
1313
-1832
-3909
-5078
-5625
-4295
-1181
2270
3998
4180
5416
6989
6511
3715
-376
-3197
-3985
-4284
-4444
-5010
-6174
-7019
-7186
-6315
-5110
-4249
-3215
-1442
2020
6506
10306
12227
11789
10500
9056
6769
3211
-1947
-6813
-9947
-11829
-12065
-11450
-10286
-7768
-5006
-1620
2475
5085
6389
7018
7665
9583
10801
10291
9101
7433
6393
6231
6240
5253
-89
-9059
-16233
-18550
-16449
-13708
-12198
-8147
-1074
5034
8557
9977
10187
8090
2715
-1521
-638
2503
3219
1275
1376
5427
8897
8347
5479
2523
-860
-5297
-8696
-8476
-6080
-4977
-5219
-3727
-67
2769
2736
411
-2000
-3735
-4953
-3981
-1055
1734
3417
3664
4173
5297
5009
3297
606
-2092
-3337
-3601
-3250
-3087
-4134
-5495
-6601
-7273
-7408
-7118
-5832
-4006
-1488
2619
7572
11794
13401
12658
11221
8969
5592
1055
-3544
-6675
-9018
-10532
-10506
-9779
-8726
-7459
-5668
-2159
1929
4302
5572
7122
9188
11470
12375
11695
10769
9391
8300
8223
7872
5286
-2100
-11420
-16434
-16806
-14912
-13269
-11692
-6467
459
5468
9147
11150
10493
6413
784
-814
2112
4333
2751
104
1239
5270
7389
6059
2808
-490
-3785
-7027
-7756
-5706
-3572
-3372
-4009
-2557
261
1585
155
-3149
-5735
-6495
-5415
-2406
865
3231
4598
4929
4960
4199
2110
-593
-3511
-5190
-4641
-2873
-1366
-1630
-2986
-4369
-6121
-7866
-9528
-10007
-8504
-6378
-2923
2242
7642
11995
13681
13475
12541
9898
5543
223
-4172
-6556
-8297
-9406
-9290
-8242
-6753
-5707
-4140
-1102
1566
3104
4258
6272
9721
12090
12779
13209
13005
12161
10803
9455
7740
1894
-7713
-15034
-16709
-14366
-12629
-12101
-7777
-453
4963
7727
9149
10296
8592
2806
-914
1367
5562
6136
3409
2956
5790
6978
4382
562
-2069
-4666
-8274
-10086
-7972
-4410
-3093
-3534
-2241
968
3364
2803
-20
-2936
-5520
-6811
-5788
-3149
-220
1446
2225
3459
4417
4384
2746
-521
-3481
-4834
-4312
-3212
-3466
-4383
-5038
-5573
-6279
-7541
-7576
-6220
-5417
-4422
-2009
2351
6822
8466
8825
9849
10523
9026
4706
480
-2045
-4626
-7550
-9359
-8869
-7332
-6474
-5058
-1925
1782
3577
3309
4195
7088
10021
11493
11695
11929
12369
12136
11482
9330
2876
-6716
-14656
-17104
-14700
-11954
-10100
-6500
-1623
2378
5179
7305
8341
5982
906
-796
3468
8997
10603
8388
6845
7463
7137
4400
529
-3588
-7731
-10957
-11067
-7605
-3901
-2711
-2606
-1472
594
2206
1934
165
-1987
-3675
-3345
-1044
1077
1714
1097
539
836
1250
1130
285
-1325
-2567
-2301
-774
116
-1441
-4420
-6844
-7971
-8477
-8828
-8240
-6690
-4807
-2410
449
3488
5422
5224
4588
4838
5411
5330
4178
2610
1285
-223
-2188
-4095
-5687
-6701
-6941
-5921
-3452
-852
991
2257
3513
5460
7461
8661
9528
10355
11321
12295
12027
8878
2456
-5056
-10652
-12823
-12516
-11660
-9420
-5364
-1687
1048
3155
4866
5210
1972
-1951
-1448
3305
8148
9452
8967
10158
11395
10077
6509
2343
-1684
-6651
-10990
-11234
-7698
-4156
-3308
-3333
-1542
1270
2609
1497
-479
-1665
-1909
-827
1392
3517
4311
2941
792
-571
-1547
-2501
-4042
-5525
-4998
-2681
76
1525
738
-1116
-3540
-6255
-8511
-9902
-9558
-8093
-6110
-2725
1323
4564
5786
5109
4268
3428
2083
596
-533
-441
136
257
444
295
-603
-1877
-2878
-2780
-1797
-1065
-670
314
1985
4140
6711
8764
9955
10904
11344
10806
7414
545
-5725
-9114
-10225
-10157
-9907
-7128
-2310
-115
-118
20
940
1266
-1605
-4047
-1355
3886
7492
8716
10396
13756
14919
11722
7061
3567
-10
-5289
-10136
-11383
-9170
-6782
-5832
-4708
-2976
-1897
-1875
-2296
-2045
-1342
-906
769
3705
6157
7234
6019
3751
1833
-533
-2462
-3806
-5107
-5081
-4034
-2437
-882
-437
-623
-1674
-3798
-6296
-8245
-8486
-7383
-5433
-2399
1090
4057
5672
6325
6530
5416
3151
958
123
661
565
-341
-527
246
1212
994
159
-21
-392
-839
-1160
-1608
-1380
-1223
-243
3229
7442
11233
13732
13599
9934
2505
-4963
-8768
-9648
-9757
-10289
-8495
-3492
243
961
-28
-1102
-2467
-5721
-7582
-4467
1369
5800
7384
9785
14850
17985
16170
10811
4651
-949
-6606
-10893
-11604
-9696
-7719
-6566
-4981
-2636
-1306
-2070
-4092
-5596
-5596
-4006
-631
3479
6842
8922
9165
8037
5788
1886
-2226
-5570
-7643
-7050
-4674
-2108
-69
964
1937
2315
594
-2666
-5976
-7432
-6751
-4978
-2219
704
2625
3649
4371
5119
5117
3360
806
-419
135
1430
2536
2870
2713
2325
1926
1984
1614
-168
-2495
-3712
-3352
-2440
-1801
-903
1254
4850
8707
11757
12391
8256
1306
-4198
-6262
-5808
-6241
-7367
-5970
-2986
-809
-130
-539
-1807
-5399
-9688
-9374
-3723
2606
5727
6926
10532
15850
18001
15479
10399
4321
-2206
-7541
-9488
-8269
-7049
-7766
-8343
-6652
-4016
-2805
-3554
-4966
-5874
-5524
-2734
2091
6506
8612
8500
7503
6142
3571
-163
-3887
-6923
-8625
-8092
-5368
-2270
-713
-534
-464
-280
-846
-2517
-4240
-4858
-4748
-3815
-1062
2081
3653
3183
2144
2493
3011
2202
1002
866
1872
2434
2325
2856
3574
3111
1697
1007
1684
2081
875
-900
-1823
-2029
-2121
-1467
842
4067
7135
9578
10528
8333
3209
-1907
-4622
-5152
-5483
-6065
-4675
-1932
-462
37
223
31
-1808
-5294
-6388
-3338
962
3961
6053
9478
13569
15360
14043
10620
5870
-4
-5735
-9266
-10028
-9329
-8526
-7416
-5757
-4361
-3591
-3634
-4370
-5392
-5826
-3993
-96
3815
6688
8156
7766
5690
2284
-1259
-4078
-6942
-9248
-9264
-6823
-3461
-1429
-760
-469
-1090
-2537
-4191
-5074
-4320
-2930
-890
2178
4683
5719
5213
3971
2838
1085
-779
-1356
-886
-196
111
364
1156
1824
1605
1418
2230
2883
2943
3001
3010
3041
2205
764
480
878
1747
3078
4701
5766
3385
-766
-3150
-3721
-3237
-3608
-3788
-1328
845
1309
1368
1707
1725
-793
-4133
-3971
-805
2099
3118
4223
7481
10518
10840
8800
5836
2229
-2326
-6128
-7058
-5871
-4518
-3769
-2934
-1689
-1684
-3426
-5760
-7524
-7925
-6962
-4299
-336
3308
6160
7820
7584
5616
2033
-1742
-4311
-6052
-6547
-5256
-3114
-1542
-825
-286
107
-950
-3723
-6057
-6205
-4642
-2718
-368
2834
5606
6261
5510
4982
4373
2283
-832
-2879
-2594
-1427
-1046
-639
104
687
683
671
1923
3179
3025
2874
3528
4698
5146
3712
2416
2515
3134
4302
5056
4021
199
-5294
-8655
-8981
-8039
-7258
-6389
-3177
685
2331
2650
2192
1040
-1467
-4524
-4273
-927
1959
3236
4571
8302
12469
13460
11112
6783
1663
-3500
-7435
-8540
-7461
-5954
-4603
-3034
-1309
-709
-1871
-4283
-7080
-8891
-8352
-5003
-94
4359
7870
10635
11842
10426
6467
1493
-2937
-6291
-7840
-6936
-4712
-2904
-1936
-907
97
-647
-3548
-6753
-7920
-6694
-4232
-443
4333
7966
9357
9181
8596
7279
3782
-1127
-4347
-4833
-3968
-2666
-1027
1030
2327
1672
757
850
757
-129
-795
16
2236
4109
4464
4808
5696
6144
6413
5837
3287
-1701
-7530
-10462
-9906
-8142
-6771
-5272
-2051
997
1630
1132
492
-682
-2790
-4511
-2744
1585
4492
5156
5794
8333
10888
10581
7927
4372
415
-3761
-6875
-7303
-6040
-5108
-4930
-4406
-2954
-1982
-2691
-4611
-6609
-7398
-6310
-3205
787
4317
7091
8803
9602
8836
5967
2121
-1922
-5108
-6232
-5550
-3752
-2175
-1252
-454
-341
-1227
-3207
-5515
-6542
-6238
-4311
-455
3917
7413
9036
9180
8699
6774
3406
-291
-3004
-4133
-4528
-4176
-2548
-664
107
-183
-189
431
228
-986
-1805
-861
1428
2826
3553
5097
6834
8250
9267
9550
8015
2713
-4331
-8652
-9092
-7772
-7289
-6687
-3948
-1139
160
713
1267
1183
-1441
-4403
-3452
1009
5262
6946
7898
10474
12615
11824
8660
4615
326
-4402
-8475
-9880
-8638
-7152
-6710
-6169
-4719
-3070
-2669
-3944
-5630
-6382
-5565
-3039
314
4189
7799
9317
8817
7035
4703
2193
-1644
-5975
-8073
-7194
-5119
-3824
-2966
-1852
-1319
-2309
-4391
-5523
-5297
-4891
-3884
-1074
3306
6864
8097
8454
8726
7751
4647
446
-2201
-2943
-3349
-3693
-3402
-2275
-1407
-1454
-946
303
1004
592
-361
-143
1354
2512
3319
4534
6145
7806
9060
9888
9598
6071
-538
-6483
-8959
-8242
-7074
-6805
-5184
-2019
559
1912
2203
2191
1225
-1516
-2930
-672
3437
6679
7866
9066
11262
12042
10038
5975
1378
-3048
-7356
-10155
-10123
-8272
-6493
-5761
-5011
-3421
-2127
-2293
-3876
-5430
-5367
-3643
-872
2470
5622
7421
7202
5562
3456
1484
-1065
-4351
-6831
-7247
-5690
-3761
-2473
-1517
-1346
-2330
-4025
-5299
-4993
-3887
-2827
-1126
1606
4736
6677
6919
6414
5259
3086
395
-1799
-2459
-2255
-2292
-2290
-1888
-1269
-1048
-850
-376
23
518
759
1036
1775
2000
2439
3585
4696
6048
7303
8383
8582
5552
401
-4011
-6490
-7027
-7329
-7023
-4277
-669
1583
2326
2423
2610
1399
-1615
-3239
-1567
1821
4473
5937
8244
11184
11926
9719
6116
2492
-1288
-5387
-8248
-8161
-6053
-4408
-3688
-2873
-1668
-1035
-2142
-4114
-5179
-4859
-3396
-1158
1985
5683
7998
7947
6234
4042
1948
-762
-3958
-6042
-6362
-5531
-4456
-3367
-2157
-1860
-3041
-4900
-6090
-5726
-4856
-3917
-2184
274
2856
4337
4707
4683
3704
1655
-588
-1863
-1732
-1360
-1418
-1437
-1172
-939
-1184
-1273
-787
-593
-856
-841
321
2206
2808
2078
1898
3097
5045
6605
7875
9181
8499
4467
-818
-4331
-5300
-6084
-7884
-8036
-4874
-747
1299
1275
1336
1563
-124
-2990
-3427
-468
3103
4744
5937
9285
13029
13464
10325
6279
3004
-479
-4565
-6978
-6566
-5111
-4716
-5074
-4292
-2948
-3078
-4878
-6599
-6139
-3904
-1164
2069
5579
8416
9298
8160
6330
4507
2138
-1360
-4702
-5753
-4713
-3395
-3102
-3431
-3499
-4137
-5750
-7390
-7720
-6573
-5370
-3781
-858
2652
5255
5653
4875
4299
3185
1140
-1047
-2228
-2067
-1698
-1664
-1250
-661
-668
-1208
-1280
-491
125
-149
-520
318
1988
2788
2521
2590
3788
5756
7693
9494
10503
8484
3059
-2466
-5221
-5764
-6768
-8622
-8273
-4868
-1328
513
1299
1986
1348
-1896
-4708
-3700
47
3117
4258
5933
9365
11707
10946
8205
5373
2365
-1696
-5243
-6284
-5321
-4547
-4945
-5093
-4365
-4028
-4866
-6173
-6589
-5793
-3992
-1056
2823
6614
8598
8216
6657
4869
2997
369
-2773
-4708
-4558
-2960
-1673
-1423
-1761
-2908
-4931
-7320
-8739
-8163
-6958
-5401
-2486
1620
5805
7837
7793
7398
6523
4884
2483
342
-143
-165
-485
-670
-688
-569
-989
-1499
-1215
-664
-241
-326
-415
414
1203
1723
2457
3567
5416
6899
8191
10237
11395
9659
4221
-2335
-6341
-8151
-9379
-10303
-9107
-4945
-1154
523
1379
2174
1794
-1519
-5097
-4572
-732
2829
4340
5841
9277
11876
11220
8613
5801
2609
-2174
-6867
-8332
-6945
-5899
-6892
-8176
-7712
-6417
-6275
-7240
-7636
-6450
-4065
-1012
2542
6053
8217
8095
6522
4768
3070
1042
-1624
-3750
-4074
-3107
-2203
-2239
-2890
-3921
-5647
-7725
-9089
-8971
-7636
-5611
-2603
1671
6020
8582
9030
8508
7850
6832
5097
3408
2300
1300
155
-938
-1402
-1457
-2059
-3057
-3402
-2382
-567
1018
1854
2168
2725
3490
4239
5334
6672
7897
8729
9593
10907
10906
7481
915
-5848
-9704
-10756
-10723
-9874
-7527
-3969
-900
1058
2584
3190
1648
-1753
-4071
-2650
1092
4092
5184
5873
7580
8987
8915
7277
4118
-175
-4852
-7816
-7790
-6415
-6059
-7282
-8156
-7208
-5577
-4800
-5194
-5618
-4780
-2746
41
3011
5197
5872
4974
3682
3136
2664
1071
-1578
-3698
-3925
-3093
-2889
-3471
-4153
-4785
-5599
-6464
-6452
-5364
-4353
-3763
-2337
709
4096
5849
6050
6401
7133
7015
5633
3641
1871
240
-1600
-2948
-3315
-3330
-3595
-3546
-2039
603
2754
3511
3205
3016
3505
4308
5412
6804
8152
8816
8855
9234
9791
8489
3451
-3811
-9134
-10465
-9171
-7967
-6857
-3995
-630
1505
2425
2771
2703
422
-3604
-5076
-2272
2248
4641
4511
5388
7695
8893
7628
4495
1345
-1909
-5367
-7170
-6456
-4559
-4015
-5005
-5220
-3872
-2369
-2426
-3889
-4715
-4107
-2507
-333
1769
3517
4059
3313
2678
2396
1897
186
-2553
-4121
-3743
-2774
-2738
-3561
-3978
-4168
-4600
-4862
-4713
-4124
-4042
-4526
-3806
-1404
1365
3099
3864
4952
6000
5876
4649
2757
675
-1549
-3480
-4091
-3534
-2937
-2763
-2392
-1130
630
1744
1829
1695
1912
2709
4204
5858
7485
8650
8871
8848
8840
8734
7556
3325
-2937
-7953
-9835
-8807
-7393
-6591
-4567
-1530
980
2605
3607
4150
2808
-373
-1762
671
4654
6456
5668
5608
7596
8962
7521
4605
1971
-790
-4227
-7071
-7513
-6171
-5602
-6301
-5992
-3491
-575
351
-903
-2243
-2414
-1982
-1159
137
1785
3084
3224
3022
3212
2928
959
-2481
-4946
-5087
-4421
-4361
-4726
-4491
-3712
-3446
-3747
-4140
-4524
-5210
-5940
-5198
-2428
1071
3539
4765
6010
6909
6236
3991
1026
-1490
-3359
-4566
-4710
-3907
-2657
-1927
-1809
-1415
-676
-31
190
423
1480
3187
5302
7244
8562
9485
9369
8287
7216
6442
5419
2265
-3128
-7707
-9494
-8721
-7332
-6476
-4858
-2329
169
2143
3556
4717
4537
2743
1623
2797
5289
6473
5682
4917
5327
5949
5414
3627
1284
-1546
-4595
-6636
-6846
-5814
-5091
-4855
-3917
-1824
585
1512
483
-1436
-3241
-3675
-2376
-278
1650
2591
2836
3271
3683
3198
1122
-1964
-4137
-4491
-3677
-2759
-2483
-2558
-2742
-3176
-3773
-4484
-5169
-5778
-5768
-4125
-884
2601
4916
5787
5935
5632
4486
2413
-95
-2323
-3810
-4083
-2923
-1200
-182
-298
-633
-152
719
903
522
510
1481
3207
4869
6269
6976
6465
5369
4365
3864
3614
2151
-951
-4846
-7911
-8359
-7027
-5699
-4757
-3550
-990
1920
3590
4322
4379
3721
2067
301
540
2168
3031
2396
1631
2625
4236
4313
2725
434
-1587
-3420
-4947
-5097
-4018
-2891
-2399
-1888
-550
737
579
-1385
-3796
-4931
-4598
-3111
-1065
910
2716
3901
4538
4924
4452
2902
546
-1535
-2035
-1481
-1175
-1639
-2511
-3106
-3515
-4256
-5012
-5317
-5223
-4482
-2623
388
3615
5487
5820
5655
5294
4411
2604
152
-1992
-3354
-3774
-3172
-2157
-1580
-1555
-1656
-1190
24
1174
1791
2257
2961
4321
5967
6915
6881
5966
4543
3217
2396
1978
1224
-900
-4230
-6825
-7334
-6297
-5126
-4441
-3281
-1174
898
2352
3256
3531
2775
925
-472
-28
1163
1381
731
797
2259
3643
3624
2618
1357
-107
-1915
-3250
-3269
-2687
-2467
-2455
-1814
-392
473
-181
-1858
-3657
-4653
-4498
-3303
-1311
681
2139
3241
4320
5179
5153
3711
1434
-299
-976
-904
-983
-1732
-2609
-3271
-3735
-3973
-4209
-4461
-4508
-4001
-2427
-13
2240
3515
3958
4157
4154
3534
2201
538
-1002
-2157
-2876
-3040
-2742
-2471
-2338
-1944
-832
863
2296
2947
3187
3686
4433
5007
5140
4736
4125
3330
2416
1929
1552
550
-1653
-4654
-6524
-6466
-5301
-3942
-2842
-1173
1119
2829
3810
4087
3620
2400
581
-282
400
1430
1826
1541
1758
2690
3141
2735
1653
436
-730
-1976
-2497
-2104
-1494
-1312
-1736
-1989
-1725
-1548
-2041
-3172
-4047
-3935
-2933
-1575
-256
1027
2010
2497
2641
2718
2656
1872
356
-1018
-1547
-1647
-2263
-3362
-4294
-4887
-5295
-5550
-5077
-3820
-2610
-1582
-249
1621
3424
4122
3915
3562
3128
2481
1587
857
312
-557
-1715
-2684
-3109
-3242
-3210
-2706
-1606
104
1871
3204
4309
4947
5140
5231
4928
4493
3966
3140
2484
1708
567
-772
-2558
-4111
-4674
-4343
-3239
-2026
-981
265
1351
2177
2833
3022
2846
2431
2130
2477
3223
3728
3801
3673
3567
3290
2487
1254
-152
-1474
-2561
-3287
-3447
-3311
-3237
-3310
-3384
-3063
-2392
-1929
-1898
-2056
-1872
-1167
-404
158
577
878
994
940
974
1039
709
-210
-1269
-1807
-2068
-2710
-3701
-4541
-4867
-4794
-4493
-3684
-2531
-1601
-864
-14
1192
2336
2705
2600
2559
2569
2541
2338
2066
1622
741
-268
-1079
-1620
-2272
-2972
-3034
-2326
-1088
256
1440
2495
3201
3657
4125
4414
4469
4136
3600
3228
2627
1602
294
-1124
-2097
-2474
-2415
-1938
-1576
-1383
-1076
-767
-155
507
873
1234
1592
2313
3463
4274
4555
4196
3323
2352
1151
-51
-1129
-2240
-3167
-3741
-3712
-3258
-2934
-2885
-2918
-2719
-2216
-1669
-1143
-595
-56
497
1049
1435
1381
766
-132
-810
-1046
-1005
-893
-819
-726
-455
-57
347
472
-26
-971
-1804
-2200
-2236
-2202
-2209
-2051
-1721
-1187
-403
396
1051
1383
1553
2007
2604
3044
3082
2739
2434
2125
1681
1061
284
-551
-1409
-2021
-2167
-1937
-1663
-1513
-1085
-126
1176
2484
3383
3944
4194
3938
3382
2614
1555
290
-846
-1366
-1245
-1029
-1220
-1683
-2084
-2252
-2270
-2230
-1997
-1633
-957
420
2301
4084
5011
4773
3932
2950
1851
501
-1150
-2809
-4054
-4545
-4228
-3481
-3027
-3108
-3234
-2908
-2040
-1061
-388
68
550
1121
1821
2280
2000
1045
-197
-1049
-1182
-1024
-892
-799
-666
-266
217
490
491
115
-500
-992
-1061
-761
-494
-545
-673
-518
-180
22
47
122
480
1044
1590
2198
2790
3048
2875
2464
2177
1861
1226
527
2
-228
-376
-809
-1193
-1421
-1602
-1429
-838
227
1381
2049
2474
2808
2908
2605
1814
837
-114
-911
-1294
-1098
-687
-674
-1090
-1600
-1856
-1892
-1938
-1920
-1689
-1116
-95
1272
2675
3478
3277
2481
1534
716
-123
-1246
-2356
-3187
-3470
-3171
-2636
-2232
-2198
-2229
-1987
-1435
-625
159
686
961
1092
1373
1649
1348
424
-663
-1313
-1414
-1397
-1382
-1306
-1192
-1055
-729
-131
378
478
265
246
559
746
640
380
106
-13
3
101
287
385
503
862
1346
1821
2060
2049
1981
1959
2064
2155
2058
1700
1115
569
138
-345
-904
-1492
-1858
-1797
-1319
-538
238
853
1187
1288
1348
1299
1168
861
413
135
-5
24
121
75
-79
-470
-996
-1407
-1693
-1807
-1777
-1589
-1125
-490
289
1063
1555
1673
1326
771
246
-302
-948
-1677
-2228
-2398
-2209
-1824
-1443
-1226
-1158
-1045
-762
-359
-66
47
194
462
799
1013
915
530
-36
-603
-1020
-1230
-1302
-1340
-1348
-1156
-665
-65
445
724
775
717
623
538
392
101
-275
-494
-422
-111
277
557
756
898
998
1118
1269
1445
1600
1732
1939
2248
2399
2209
1626
771
-84
-914
-1578
-1921
-1988
-1758
-1247
-515
326
989
1325
1371
1254
1148
1014
857
746
658
611
593
519
319
-55
-588
-1101
-1423
-1496
-1384
-1170
-785
-220
407
1016
1468
1663
1612
1296
845
362
-207
-878
-1605
-2192
-2479
-2505
-2322
-2000
-1614
-1195
-825
-544
-326
-222
-222
-215
-159
13
236
393
370
39
-439
-926
-1333
-1623
-1795
-1730
-1350
-696
121
906
1426
1560
1306
798
237
-314
-791
-1057
-1019
-653
-112
407
781
940
924
829
787
945
1274
1708
2190
2614
2862
2764
2251
1362
254
-867
-1775
-2212
-2201
-1840
-1196
-451
304
918
1290
1453
1387
1256
1183
1196
1327
1411
1351
1159
833
401
-206
-884
-1407
-1683
-1625
-1338
-896
-310
231
701
1095
1388
1571
1481
1134
727
406
97
-429
-1147
-1877
-2383
-2587
-2541
-2204
-1751
-1353
-1021
-713
-355
-97
-126
-394
-614
-557
-307
-61
-8
-168
-519
-1011
-1422
-1671
-1747
-1673
-1410
-778
184
1148
1706
1674
1230
570
-128
-711
-1064
-1148
-979
-526
105
727
1127
1088
753
438
290
412
704
1068
1508
1908
2185
2179
1788
1032
31
-921
-1553
-1753
-1597
-1184
-588
84
785
1367
1673
1722
1572
1371
1269
1316
1431
1418
1219
895
536
161
-327
-861
-1272
-1440
-1298
-888
-318
268
674
869
963
1009
996
793
427
48
-276
-553
-843
-1199
-1594
-1936
-2140
-2069
-1708
-1162
-600
-171
123
283
261
10
-392
-793
-1081
-1172
-1102
-928
-776
-801
-984
-1182
-1239
-1132
-913
-527
111
933
1673
2086
2043
1556
817
-10
-719
-1146
-1270
-1091
-722
-234
259
580
635
456
257
232
447
864
1379
1866
2186
2275
2109
1660
920
-30
-955
-1566
-1735
-1484
-966
-363
222
727
1141
1406
1440
1238
960
825
897
1086
1197
1103
814
379
-94
-533
-939
-1279
-1461
-1375
-967
-337
270
644
725
582
300
-38
-401
-722
-942
-1074
-1095
-1013
-892
-817
-849
-969
-1035
-974
-752
-398
-49
208
310
241
55
-239
-630
-1048
-1401
-1562
-1503
-1303
-1014
-697
-376
-72
216
509
810
1070
1278
1418
1399
1238
919
506
73
-375
-701
-863
-857
-661
-327
83
479
751
933
1096
1238
1374
1456
1521
1552
1474
1336
1117
828
442
-36
-436
-661
-722
-679
-527
-226
173
520
747
921
1015
973
846
711
611
484
283
97
-22
-158
-356
-553
-672
-729
-793
-834
-757
-604
-490
-448
-463
-509
-603
-763
-903
-963
-973
-951
-875
-764
-660
-592
-563
-515
-449
-425
-386
-308
-219
-173
-235
-341
-448
-585
-705
-775
-748
-639
-541
-451
-337
-201
-66
20
85
184
328
505
666
792
850
778
619
437
298
182
55
-14
9
148
353
500
558
524
467
429
417
470
553
657
793
934
1065
1120
1021
778
495
260
118
47
48
130
241
342
400
418
380
248
79
11
83
239
390
480
520
475
312
45
-261
-513
-675
-737
-629
-374
-116
40
43
-74
-309
-646
-939
-1095
-1106
-1023
-879
-679
-441
-277
-268
-399
-597
-758
-796
-687
-468
-224
-51
50
66
-47
-264
-549
-839
-1022
-1011
-806
-487
-184
8
103
136
100
0
-83
-67
55
214
381
582
732
731
548
266
35
-98
-169
-130
30
263
482
603
629
610
523
350
205
164
278
471
640
810
923
918
762
515
293
154
82
71
149
326
523
641
640
522
317
102
-69
-188
-245
-231
-174
-125
-107
-118
-130
-150
-178
-188
-128
14
148
203
172
89
-42
-210
-368
-468
-495
-488
-467
-428
-383
-360
-399
-479
-568
-595
-532
-388
-194
-40
75
151
154
57
-118
-319
-505
-630
-638
-508
-326
-180
-63
23
40
-34
-147
-217
-239
-209
-123
15
196
325
355
267
105
-54
-171
-243
-286
-241
-85
116
290
403
466
472
416
334
266
244
235
238
271
322
335
287
226
168
118
87
94
162
245
329
402
450
474
431
339
216
106
54
15
-11
-5
1
10
31
40
37
15
-11
-11
3
-5
-14
1
-10
-40
-83
-119
-133
-147
-179
-215
-202
-188
-203
-180
-133
-97
-83
-67
-23
13
0
-64
-124
-175
-212
-261
-319
-322
-288
-242
-194
-171
-143
-107
-78
-56
-42
-53
-81
-95
-82
-54
-30
-17
-12
8
27
9
-33
-60
-83
-143
-159
-92
-3
82
127
136
146
146
101
14
-62
-132
-151
-92
19
147
240
307
322
319
326
266
190
91
-8
-2
49
83
100
93
74
90
110
105
102
102
116
126
134
139
121
74
11
-28
-55
-67
-41
-12
-19
-47
-63
-43
-18
-29
-42
-20
-8
-35
-38
-10
-5
-48
-96
-93
-66
-68
-71
-38
-26
-65
-90
-74
-68
-109
-142
-127
-81
-22
12
36
55
58
45
-8
-67
-126
-178
-182
-140
-81
-38
-7
8
22
8
-25
-69
-126
-128
-83
-15
58
113
134
128
99
38
-41
-122
-174
-173
-127
-60
2
45
72
98
113
81
32
-3
-20
-6
34
84
114
109
96
70
33
-28
-95
-123
-121
-92
-34
47
103
122
119
98
58
16
-21
-51
-53
-26
-3
17
41
39
13
-14
-25
-32
-29
-14
16
49
54
50
51
63
46
3
-30
-33
-16
-12
-23
-37
-32
-28
-36
-27
-7
8
11
14
27
41
37
18
20
27
21
14
19
11
-8
-23
-29
-29
-30
-18
-2
25
40
50
66
57
42
42
44
38
34
27
25
27
31
44
46
45
35
26
33
34
22
6
4
10
19
34
37
23
8
0
-11
-26
-53
-67
-63
-48
-18
10
33
39
34
24
7
-3
-27
-55
-62
-52
-37
-25
-19
-22
-32
-49
-64
-70
-82
-89
-84
-70
-38
-11
8
18
13
5
-1
-3
-10
-33
-52
-54
-49
-39
-32
-28
-24
-18
-8
-2
7
13
12
6
-2
-1
9
9
4
-15
-22
-7
17
37
44
55
72
84
73
55
34
7
-17
-28
-18
2
23
34
52
78
88
80
63
62
59
50
47
57
71
59
47
40
26
1
-35
-57
-65
-62
-46
-24
6
33
52
71
67
44
28
7
-20
-41
-47
-40
-41
-36
-30
-29
-30
-37
-45
-46
-50
-62
-61
-45
-31
-30
-26
-26
-25
-25
-33
-45
-47
-48
-55
-54
-38
-19
-16
-16
-13
-13
-22
-30
-47
-53
-45
-43
-29
-7
15
29
34
37
25
0
-17
-32
-40
-39
-28
-9
11
33
42
38
32
23
11
-5
-12
-3
5
20
36
45
43
34
26
18
8
3
7
19
30
34
34
25
17
8
4
0
-4
-1
0
7
15
8
5
6
9
10
11
22
33
36
30
23
19
8
-5
-14
-19
-26
-29
-16
0
12
27
28
25
25
19
12
6
-1
-3
-4
2
8
10
6
-3
-4
-5
-7
-3
2
5
9
11
15
14
5
0
-1
-2
-1
4
9
14
11
3
-9
-13
-18
-20
-19
-18
-11
0
5
3
-3
-10
-11
-12
-14
-6
-3
0
5
6
8
-2
-15
-20
-23
-21
-20
-13
-5
3
6
5
4
0
-6
-14
-17
-20
-24
-23
-14
-7
-3
4
8
13
11
4
0
-4
-7
-10
-14
-9
-4
-1
0
-1
-3
-8
-16
-18
-17
-16
-11
-3
13
21
24
22
12
6
7
12
14
14
19
29
33
30
18
3
-8
-16
-11
-3
2
7
19
34
50
52
42
35
27
22
14
7
6
6
10
4
0
4
4
-3
-10
-13
-8
-2
0
-3
-8
-1
1
-1
-6
-10
-10
-11
-11
-11
-10
-17
-19
-17
-16
-12
-12
-14
-17
-18
-18
-21
-23
-23
-24
-23
-19
-17
-19
-16
-16
-20
-18
-17
-13
-12
-15
-13
-10
-7
-3
-4
-9
-10
-12
-5
-3
-5
-5
-4
2
3
10
16
13
11
5
2
1
1
-4
-6
-6
-3
7
9
10
16
25
34
30
29
27
29
25
21
26
27
23
15
8
4
0
-7
-9
-6
-7
-7
-1
7
13
13
11
8
4
9
9
5
1
-1
-7
-15
-22
-26
-31
-32
-29
-19
-10
-10
-8
-10
-16
-23
-26
-24
-27
-25
-23
-16
-7
-10
-14
-19
-18
-21
-26
-21
-8
-6
-7
-6
-8
-10
-12
-20
-28
-26
-18
-8
2
3
5
5
4
3
0
0
-6
-7
-11
-10
-4
2
8
12
22
27
21
13
8
0
-4
-5
2
14
19
23
26
27
17
6
-1
-4
-6
-3
5
11
15
14
11
7
2
-1
-2
3
6
10
19
25
30
31
24
20
13
9
5
3
13
18
18
17
16
17
13
5
7
4
6
7
6
10
9
0
-11
-18
-22
-22
-17
-9
-1
9
13
14
14
15
11
3
0
-3
0
4
1
-2
-2
-6
-15
-26
-20
-11
-10
-8
-9
-6
5
10
11
12
13
11
8
9
4
-2
-12
-15
-13
-20
-19
-18
-14
-10
-8
5
18
26
32
31
19
11
6
1
1
0
3
6
10
7
8
4
1
-5
-14
-9
0
9
16
18
21
18
7
4
6
7
7
14
23
24
25
21
14
4
-1
-2
5
6
1
1
-4
-6
-10
-16
-11
-3
-3
-1
2
1
0
1
-3
-5
-3
-2
2
5
5
5
5
3
-3
-6
-11
-14
-15
-16
-18
-20
-17
-10
-5
-4
-5
-5
-7
-8
-16
-18
-18
-14
-5
7
14
9
2
-4
-12
-11
-8
-9
-10
-8
-3
-4
-5
-6
-11
-3
1
-3
1
0
0
4
2
4
-1
-2
0
-1
0
-5
-4
-2
3
7
9
8
4
-3
-5
-7
-7
-7
-5
0
1
-6
-8
-5
-3
-4
-3
2
6
7
1
-2
-2
0
3
3
2
4
8
9
4
-5
-4
-7
-8
-7
-7
-2
0
3
5
0
-8
-16
-16
-9
-11
-6
1
0
7
11
11
7
-3
-10
-9
-8
-9
-6
-1
0
-4
-7
-8
-7
-4
-6
-5
2
7
10
7
2
2
-1
-6
-8
-2
0
-2
-2
0
-2
-2
1
-3
0
8
7
11
11
11
10
8
8
5
5
8
11
6
1
0
-3
-7
-9
-12
-7
-3
1
5
6
5
-1
-5
-1
2
7
9
5
1
1
0
-3
-8
-12
-10
-3
4
10
10
7
6
-1
-5
-6
-9
-5
1
1
1
4
7
1
-3
-4
-1
0
0
1
3
1
3
5
5
5
2
3
5
7
7
2
0
0
0
1
1
-4
-6
-2
0
2
3
3
4
5
2
0
1
2
1
2
3
3
2
0
0
0
0
0
2
1
2
5
4
4
3
5
3
2
0
-2
0
0
2
2
2
3
6
5
3
5
7
6
3
2
2
3
2
2
2
5
7
7
7
5
5
3
2
-3
-6
-3
0
-1
-3
-4
-2
-2
-3
-4
-5
-6
-6
-5
-2
1
2
0
-1
0
-1
-6
-11
-11
-10
-6
-5
-5
-4
-5
-9
-13
-14
-13
-12
-8
-2
0
0
-1
-2
-7
-13
-14
-16
-14
-10
-8
-6
-6
-8
-11
-14
-16
-16
-12
-9
-2
1
4
5
4
1
-2
-4
-7
-9
-9
-6
-3
-4
-5
-5
-4
-3
-6
-7
-3
-1
0
5
8
11
9
5
1
0
1
2
0
4
6
8
9
4
2
3
3
-2
-5
-5
-4
-6
-3
0
1
4
7
9
6
4
2
-2
-3
-1
3
5
8
10
7
5
1
-4
-6
-5
-4
-3
1
2
-2
-1
0
-2
-2
-1
-2
0
0
2
2
0
4
0
0
1
1
3
4
3
0
1
3
0
0
0
-1
0
0
2
1
2
2
0
1
3
3
3
3
2
2
0
1
1
0
-1
0
0
0
0
1
1
4
7
8
8
7
7
4
1
-1
0
0
1
1
2
3
3
2
2
4
4
3
5
6
8
8
7
4
2
1
0
0
0
0
0
1
4
4
4
6
4
1
0
1
2
2
3
6
5
4
5
2
0
-1
-3
-2
-2
-3
-4
-1
-1
-2
0
0
1
1
3
5
4
4
4
2
0
-1
-1
0
0
0
-4
-2
-2
-5
-6
-6
-5
-2
0
0
0
0
-2
-3
-3
-5
-4
-5
-1
1
1
1
0
-2
-1
-3
-6
-5
-5
-6
-4
-3
-1
-2
-2
-1
-2
-1
-1
0
0
-1
-2
2
1
0
-1
-2
-3
-7
-6
-6
-6
-7
-6
-6
-6
-4
0
2
1
4
3
2
3
-1
-4
-6
-7
-9
-10
-9
-8
-7
-7
-7
-6
-6
-6
-3
-4
-4
-6
-3
-1
-2
-2
0
-3
-4
-4
-7
-9
-8
-7
-7
-7
-4
-6
-7
-6
-8
-5
-2
-3
-3
-1
-2
-4
-7
-10
-7
-5
-3
0
0
1
2
3
1
0
0
0
-2
-2
-3
-2
-2
-2
-2
-2
-5
-4
-6
-4
-5
-6
-4
-2
1
2
1
0
3
1
0
1
-1
-2
4
5
1
-2
-2
-1
-5
-2
-4
-5
-2
-4
-4
-2
0
0
-2
0
5
3
0
2
1
-2
-1
-2
-4
-1
0
0
-3
2
3
0
3
2
3
1
-1
-1
0
-2
-1
1
0
3
5
4
5
3
1
0
3
5
1
0
3
3
2
2
1
3
3
3
3
4
8
5
6
5
1
2
-1
2
5
1
3
3
0
1
1
1
1
9
8
4
7
5
2
2
-1
-3
-1
3
1
1
3
5
3
0
2
-1
-2
0
2
4
5
7
5
6
5
2
-3
-4
-4
-4
-3
0
-3
-2
2
-3
-1
3
1
-2
2
3
2
4
3
1
1
0
1
-3
-5
0
-1
-3
1
4
1
0
7
6
3
4
4
-4
-8
0
3
4
4
5
5
4
10
5
0
5
10
5
8
21
16
6
8
9
4
-1
0
4
1
-3
2
2
-3
0
6
15
9
4
15
12
11
8
2
3
-6
3
6
-6
-10
1
3
1
16
19
17
18
6
-13
-4
9
-2
-2
13
14
-6
-3
15
2
-13
-3
12
7
-16
-13
16
19
-9
-9
10
7
-8
-11
10
6
-11
0
4
-5
-5
6
-2
-14
-4
-4
-1
-1
-4
-5
3
7
-3
5
8
-27
-25
13
11
-4
-16
-22
3
8
-24
-23
3
-16
-24
2
3
-2
1
-1
-7
-9
5
23
5
-13
1
22
-2
-29
3
26
26
-5
-16
11
9
-29
-32
0
-7
-12
5
4
-2
0
-11
12
34
-7
-13
27
25
-8
-10
-13
13
18
-36
-8
33
10
-9
-9
0
12
6
-10
-1
12
5
-10
-9
7
6
-17
-29
3
37
5
-34
-5
32
5
-32
-9
33
10
-34
-10
35
15
-42
-24
22
5
-36
-28
20
21
-18
-15
42
22
-41
-22
10
6
-18
-21
25
29
-21
-18
27
19
-32
-38
-10
9
18
6
3
17
5
-6
17
8
-23
-19
0
4
-1
4
10
-1
-7
-9
5
9
-5
-4
5
3
10
9
-14
-7
5
7
13
16
3
-5
1
8
0
-18
-11
9
6
-11
-12
3
3
-2
-6
-5
-2
-6
-1
8
10
1
-10
-7
0
4
-6
-13
-7
-3
-9
-14
1
11
8
3
6
6
-5
-9
-3
1
-3
-7
2
5
0
3
2
-3
-4
-2
0
2
1
-3
-1
1
2
-1
-3
1
2
-1
0
3
1
-3
-1
7
6
0
0
0
-4
-5
-2
-3
-2
-1
3
2
1
3
2
2
1
-2
0
0
-2
-2
3
1
0
0
0
0
1
4
4
5
1
2
4
0
-1
-1
1
1
1
2
0
3
5
4
5
1
2
3
3
3
0
2
5
2
2
1
-3
-3
-4
-1
2
2
2
2
1
0
-3
-4
-3
-2
0
-1
2
2
-1
-2
-5
-6
-4
-1
-2
-2
-1
-2
-2
-4
-6
-6
-7
-6
-7
-7
-8
-10
-9
-9
-9
-8
-9
-7
-3
-2
-2
-4
-4
0
0
-2
-1
-2
-3
-6
-6
-5
-6
-8
-7
-5
-8
-8
-5
-3
-5
-8
-5
-1
-3
-5
-3
-2
-2
-6
-3
0
1
1
0
1
3
1
-2
-2
-1
-3
-1
0
4
3
1
6
6
1
0
-2
-1
0
0
1
0
4
4
2
-1
-1
1
2
0
1
6
3
2
6
5
0
-1
1
2
3
4
4
3
0
3
2
0
0
1
2
3
3
6
6
4
3
5
7
4
2
4
3
4
5
5
7
5
6
7
4
4
5
7
6
3
3
4
8
9
8
7
6
6
4
4
2
2
4
7
7
6
6
7
7
5
4
7
5
3
4
4
5
6
4
4
0
0
1
0
3
3
4
5
6
3
0
-1
-1
-2
-1
0
-1
0
0
0
0
0
0
0
0
0
0
-1
-2
-4
-4
-2
0
0
-1
-2
-2
-3
-5
-3
-1
0
0
1
0
-1
1
-1
-3
-4
-2
0
-1
0
0
-1
-1
0
-2
0
1
2
2
4
3
0
0
1
0
-1
0
0
-2
-1
-1
0
0
0
0
-1
-1
-1
0
0
1
2
4
2
0
1
0
-1
0
0
1
0
0
2
2
0
-1
0
-1
0
-2
-2
0
0
1
0
0
0
1
-1
-1
0
1
2
0
0
-1
0
-4
-6
-4
-4
-1
-1
-1
-2
0
-3
-5
-5
-5
-5
-5
-1
-1
0
0
0
0
-4
-5
-5
-6
-4
-4
-5
-3
-6
-7
-7
-6
-5
-4
-4
-3
-3
-5
-4
-4
-4
-3
-5
0
1
-1
-5
-5
-4
-5
-5
-5
-4
-5
-4
-4
-3
-2
-2
-4
-4
-3
-2
-5
-6
-5
-4
-3
-2
-2
-1
-3
-3
-3
-3
-3
-4
-2
-2
-2
-1
-1
-3
-2
-2
-3
-2
-2
-5
-3
-2
-1
0
-1
-3
-2
-3
-2
0
1
0
0
1
0
-1
-2
0
0
-1
0
0
-2
-1
-2
-3
-2
-2
-1
-2
-2
-1
-3
-3
-3
-4
-4
-2
-2
-4
-4
-4
-4
-4
-4
-2
-3
-4
-4
-5
-4
-5
-4
-4
-2
-3
-3
-3
-4
-4
-6
-5
-4
-4
-4
-4
-4
-4
-4
-4
-2
-2
-3
-4
-3
-3
-2
-3
-3
-1
0
1
0
0
1
-1
-2
-3
-3
-2
-1
0
0
0
-1
-1
-1
-1
0
1
1
1
0
2
3
1
0
0
-1
1
2
3
2
2
0
0
0
0
1
0
1
2
4
3
2
1
1
1
1
1
0
2
1
3
2
2
0
1
0
0
2
1
2
2
3
4
3
3
2
1
1
4
2
2
3
4
5
6
5
3
4
4
5
5
3
4
2
2
2
2
1
0
3
3
3
2
3
5
5
7
6
5
7
6
5
2
3
7
8
8
8
8
7
8
7
4
4
6
5
5
5
5
6
6
7
8
5
6
8
7
5
6
8
6
6
3
5
5
5
5
5
4
4
5
5
4
1
1
3
3
0
-2
1
1
1
2
3
4
5
6
4
2
1
-3
-5
-4
-5
-5
-3
1
-1
-2
0
0
-1
-3
-1
1
3
4
4
3
3
3
1
1
0
0
1
0
2
2
-1
-1
0
-2
-4
-3
-3
-2
-2
-3
-3
-2
0
0
1
0
0
1
3
6
7
6
8
12
13
12
11
10
8
7
4
0
-1
-2
-3
-1
0
2
2
2
4
3
2
2
1
-1
0
0
-1
-2
-2
-1
-1
-1
-2
-4
-3
-6
-7
-6
-5
-5
-3
1
1
1
0
-1
-2
-4
-6
-4
-3
-4
-4
-3
-4
-3
-5
-3
-3
-4
-1
1
2
2
2
1
1
1
0
2
3
2
1
1
0
-2
-3
-3
-3
-1
0
-1
2
7
6
5
4
4
5
7
7
3
1
3
4
3
4
5
4
2
1
0
-2
-4
-2
1
-2
-2
-1
-1
-3
-1
0
0
-2
0
0
-3
-3
-5
-8
-8
-8
-8
-7
-7
-5
-3
-3
0
-1
-3
1
3
1
-2
-3
-3
-4
-5
-4
-3
-4
-4
-6
-4
-4
-5
-5
-2
0
1
0
1
-1
-1
0
1
0
0
3
4
2
2
2
0
0
0
0
0
0
0
1
0
1
1
0
0
0
2
1
0
1
4
5
4
4
2
2
1
0
0
1
0
1
2
0
0
1
0
0
-1
-2
-3
-3
-2
-2
-1
-1
1
2
0
1
0
0
0
0
1
-1
-1
-2
1
-1
-1
0
0
-1
1
2
1
0
0
0
-1
-2
-3
-4
-2
-2
0
0
-1
0
1
0
-1
-1
0
-2
-1
0
0
-1
-1
1
-2
-2
-2
-1
-2
-3
-3
-2
-3
-1
-1
-2
-2
-3
-2
-3
-2
-2
-2
-2
-2
-4
-3
-4
-4
-3
-5
-2
-1
1
1
-1
-2
-1
-2
-3
-5
-6
-7
-7
-3
-3
-5
-2
1
0
-1
-3
-5
-5
-5
-6
-6
-6
-4
-3
-3
-3
-4
-4
-5
-7
-7
-6
-4
-4
-4
-2
0
-1
0
-1
-3
-4
-5
-5
-6
-6
-4
-5
-5
-3
-3
-3
-1
0
-2
-2
-3
-1
-1
-1
0
0
1
-1
1
0
1
0
1
1
0
-3
-1
0
0
0
3
4
5
4
2
3
3
2
3
4
6
6
7
6
4
3
1
2
1
2
4
7
9
8
7
6
3
4
4
5
4
5
6
6
7
6
6
6
8
7
9
9
8
7
5
6
5
5
5
5
4
2
5
6
7
4
4
5
5
5
4
3
4
5
5
3
3
4
5
6
4
3
2
3
4
2
0
2
2
3
3
1
0
-1
0
0
-1
0
1
1
1
1
0
0
-1
0
-1
1
0
1
0
0
0
0
0
0
-1
-2
-1
-3
-3
-2
-2
-1
0
0
0
-1
-2
0
-1
-2
-1
-1
0
-1
-3
-2
-1
-2
-2
-3
-2
-3
-4
-4
-1
-3
-3
-4
-3
-2
-3
-1
-1
0
-1
-3
-3
-3
-2
-2
-3
-3
-3
0
-1
-1
0
0
0
-1
-2
-2
-3
-1
0
0
-1
0
0
1
0
0
0
0
0
0
0
-2
-3
-2
-3
-1
-2
-1
0
-1
-1
-2
-3
-3
-2
-3
-3
-2
1
0
-1
-2
-4
-3
-5
-5
-3
-3
-3
-3
-5
-2
-2
-3
-4
-3
-3
-1
0
-1
0
-1
-2
-3
-3
-5
-6
-6
-5
-5
-6
-5
-4
-4
-3
0
-2
-3
-3
-2
1
-2
0
0
-2
-2
-2
-2
-1
-2
-1
1
0
-2
-1
-1
-3
-2
-2
-1
0
-1
-3
-1
0
-2
-2
0
0
-3
-1
-2
-2
-4
-3
-2
-1
0
-1
-1
-1
1
-1
-4
-3
-3
-1
-1
0
-1
-2
0
-3
-6
-4
-4
-3
-1
0
0
-1
-2
-3
-5
-5
-5
-3
-2
-3
-2
0
-1
-3
-4
0
0
-2
-3
-2
-1
-4
-4
-3
-1
-3
-2
-1
-2
-3
-3
-1
-2
-1
0
-1
-3
-1
1
-1
-6
-5
1
2
-5
-9
-2
2
0
-4
-1
1
-1
-4
-2
-2
-4
-5
-2
1
-2
-2
3
4
2
-2
-1
0
-1
-4
-3
1
-1
-5
-5
-1
2
1
-1
0
-1
0
-1
0
1
1
2
-1
0
0
0
0
2
3
2
2
1
1
1
1
1
2
4
3
3
5
4
1
2
1
3
3
3
1
2
6
6
1
-1
-2
-2
0
4
0
-3
0
5
4
0
1
3
1
2
5
6
4
0
2
5
3
0
1
3
4
0
-2
0
5
5
1
1
4
4
0
-1
1
1
1
2
2
2
0
1
3
5
3
0
2
3
4
3
4
6
5
4
6
4
2
-2
-1
2
0
-1
-1
5
4
-1
-1
1
2
-1
2
6
3
4
8
6
1
0
2
6
4
-3
2
7
3
-1
3
5
1
0
6
6
-1
-4
-2
1
1
-1
0
6
3
0
0
3
2
-4
-2
2
5
2
-2
-3
-4
-2
-1
-3
-4
-1
0
0
0
-1
-1
0
0
0
-3
-8
-4
0
-1
-4
-3
0
1
-5
-7
-1
-2
-5
-4
0
0
-4
-1
3
-1
-1
7
6
1
2
3
0
3
4
-1
0
-2
1
6
6
3
4
9
5
-1
5
6
-5
-8
-2
1
-3
-4
1
5
3
2
6
6
0
2
8
5
1
3
6
5
1
-3
-1
3
-7
-13
-1
4
0
-3
0
0
1
-1
-2
3
4
-2
-2
0
-5
-4
-3
-1
1
0
1
9
11
4
0
9
9
-6
-7
1
1
-6
-6
0
1
0
0
4
3
1
5
5
5
4
1
1
2
0
-2
0
3
-2
-1
-1
0
-1
-2
2
4
2
1
3
7
5
3
1
1
5
2
-2
0
1
-1
-4
1
3
0
1
0
3
5
1
0
2
3
-2
0
2
-1
-4
-4
-3
-5
-6
1
2
-5
-7
-2
2
-2
-8
-1
3
1
-4
2
4
1
-2
7
10
-1
1
5
4
-2
-8
-7
-3
-7
-9
-4
1
-4
-6
2
3
-2
-6
-2
1
0
-4
-3
-1
0
-1
-2
-1
-1
-1
1
2
-2
-3
-1
2
1
-2
1
2
-2
-5
-3
-1
-2
-1
-1
0
1
2
0
0
0
-3
-1
1
1
2
2
2
1
1
0
0
-1
-1
-2
-4
-2
-1
-1
0
0
-1
-1
1
2
-1
-2
-1
2
0
-1
-2
0
0
0
0
-1
-2
-1
0
0
-1
-1
0
-1
-1
1
0
0
-1
0
0
0
-1
-2
-2
-2
-2
-1
0
-1
-2
1
0
0
0
-1
0
0
-2
-2
0
-1
0
-1
-1
0
-1
-3
-2
-1
0
-2
-1
0
0
-1
-1
1
-1
-1
-2
-1
-2
-3
-2
0
0
0
-1
0
0
-1
-1
-1
0
-1
-1
0
0
-1
-1
-1
-3
-2
-2
-2
0
-1
-1
-3
-2
-1
-1
-2
-1
0
-1
-1
-2
-1
-2
-2
-2
-1
-2
-3
-3
-1
-2
-2
-1
0
0
-1
-2
-1
1
0
0
0
-1
0
0
-1
0
-1
-1
2
1
0
-1
0
1
-1
-2
0
0
1
3
1
-1
1
1
0
1
0
1
0
1
2
3
0
0
0
0
0
0
2
1
3
4
3
2
2
2
2
3
3
2
2
1
1
1
2
2
2
3
2
1
1
3
2
3
2
1
2
3
2
1
1
3
3
3
3
1
2
3
3
3
3
3
2
2
1
1
2
2
2
1
2
3
2
2
0
1
0
2
2
1
1
2
2
2
1
1
2
3
2
0
1
0
0
0
0
1
1
1
1
1
0
1
1
1
1
0
1
2
2
0
1
1
2
0
1
1
0
0
0
0
0
-1
0
0
1
0
0
0
0
0
0
0
0
0
0
0
0
0
-1
-1
0
0
0
0
1
-1
0
0
0
0
-1
-1
-2
1
0
-1
0
0
0
-1
-1
0
-1
-1
0
0
0
0
0
0
-1
-1
-1
-1
0
-1
0
0
0
0
0
0
-1
-1
0
-1
0
0
0
-1
0
0
-1
-1
0
0
0
1
0
0
0
0
0
0
0
0
0
0
1
1
-1
-1
-1
-1
-1
-1
0
0
0
-1
-2
0
-1
-1
-2
0
0
0
0
-1
-1
-1
-2
-2
-3
-2
-1
-2
-2
-2
-2
-1
-1
-1
-1
-3
-2
-2
-2
-3
-2
-1
0
0
0
-1
-1
-1
0
-1
-2
-2
-1
-1
-2
-2
-3
-1
0
0
-1
-2
-2
-1
-2
-2
-2
-1
0
-1
-1
-1
-3
-2
-1
-1
-1
-1
0
0
0
-2
-2
-1
-1
0
0
0
-1
-1
-1
-1
0
0
-1
0
0
0
-1
0
0
-1
0
0
0
0
0
0
0
-1
0
0
0
0
0
0
0
0
0
-1
0
1
-1
0
0
0
-1
0
-1
0
1
0
1
0
0
0
0
0
0
0
0
0
0
1
1
-1
0
-1
0
0
0
0
0
0
0
0
0
0
0
0
0
0
0
1
0
0
0
0
0
0
0
0
0
1
1
1
-1
0
-1
0
0
-1
0
0
0
0
0
0
1
-1
0
0
0
0
1
1
0
1
0
0
0
1
0
2
1
1
0
0
0
0
1
1
1
1
1
1
1
1
2
1
1
2
0
1
1
2
2
2
3
2
0
0
0
1
1
1
0
0
0
1
1
1
-1
0
1
1
0
-1
0
0
2
1
0
0
0
1
1
1
1
0
-1
1
0
0
0
1
1
0
1
1
1
1
1
0
1
0
0
1
0
0
0
0
0
1
0
-1
0
0
-1
0
0
0
-1
-1
-1
1
1
-1
0
0
0
-1
-1
0
0
-1
-1
0
1
-1
-1
0
-1
0
0
-1
-1
-2
0
0
0
0
-1
-1
-1
-3
-1
0
-1
0
-1
-1
-1
-1
0
0
-2
-1
-1
-1
-2
-2
-1
0
0
-1
0
0
0
0
0
-1
0
0
0
0
-1
-3
-1
0
-1
-1
-1
0
0
0
0
-1
-1
-2
-1
0
0
1
0
1
-1
0
0
-1
-1
0
2
-1
0
1
-1
1
0
1
0
0
0
0
-2
-1
0
0
-1
0
-1
0
-1
0
0
-1
-2
0
1
0
-1
0
1
-1
0
0
0
0
0
0
0
1
-1
-1
0
0
0
0
0
1
0
0
2
1
0
-1
0
0
0
0
1
2
2
2
1
2
1
1
0
0
1
-1
2
1
1
2
