SAMPLES:	11653
BITSPERSAMPLE:	16
CHANNELS:	1
SAMPLERATE:	16000
NORMALIZED:	FALSE
10
12
10
11
12
9
9
10
8
10
9
9
10
9
8
6
5
6
5
6
4
2
5
6
4
4
5
5
7
6
5
5
7
4
8
6
6
6
4
6
2
5
4
2
2
0
3
-2
1
1
0
1
-2
-1
-1
0
-1
-1
2
-2
0
-2
-2
-1
-3
0
1
0
-1
-4
-1
-3
-2
-4
-4
-4
-2
-6
-6
-4
-9
-3
-7
-5
-7
-8
-3
-8
-5
-6
-7
-5
-8
-9
-8
-7
-5
-7
-7
-5
-6
-7
-7
-7
-8
-8
-6
-7
-10
-8
-11
-10
-10
-14
-12
-14
-9
-12
-14
-14
-13
-14
-12
-13
-14
-13
-14
-11
-14
-13
-15
-11
-11
-16
-12
-15
-10
-14
-16
-14
-17
-11
-16
-15
-15
-17
-14
-17
-14
-16
-12
-14
-14
-16
-15
-17
-18
-15
-17
-14
-16
-19
-18
-18
-20
-17
-20
-22
-20
-21
-19
-21
-23
-21
-22
-21
-20
-23
-19
-22
-24
-23
-19
-21
-21
-20
-19
-17
-24
-21
-20
-21
-21
-22
-23
-24
-20
-18
-19
-21
-24
-25
-23
-25
-25
-25
-22
-21
-25
-22
-25
-29
-22
-27
-26
-24
-28
-25
-28
-26
-19
-25
-21
-20
-23
-18
-23
-24
-23
-18
-14
-15
-18
-18
-19
-22
-20
-22
-20
-23
-22
-22
-24
-23
-24
-22
-25
-18
-21
-21
-19
-18
-13
-18
-16
-8
-15
-14
-8
-9
-8
-8
-7
-6
-6
-5
-5
-11
-7
-8
-6
-10
-10
-13
-9
0
-10
-10
-7
-6
-4
-6
-3
0
0
-1
-2
-3
3
4
2
4
7
9
7
2
0
3
9
11
5
4
8
11
6
6
3
3
3
6
11
3
5
9
13
12
5
14
9
9
14
9
16
14
19
17
9
12
14
24
17
10
15
16
18
16
14
18
16
9
20
17
18
19
13
20
13
16
21
18
26
20
23
20
21
27
22
24
21
21
19
11
18
16
14
17
14
21
10
5
14
20
27
14
14
20
21
21
19
21
23
23
21
20
17
14
21
25
24
19
17
22
18
11
10
14
19
18
18
22
20
18
15
18
18
14
16
17
20
14
15
14
13
12
9
12
7
15
16
12
8
9
10
10
9
7
9
14
18
13
11
8
13
11
18
17
8
12
8
11
6
9
9
7
11
5
7
2
8
11
7
8
10
14
7
3
2
8
13
11
8
5
6
7
7
4
3
1
4
9
4
-3
-1
4
3
-1
0
2
2
0
6
5
-1
1
6
8
1
4
6
5
1
-1
1
2
1
-5
-3
-5
-2
-4
-6
-3
-7
-8
-11
-4
-1
-3
-1
-2
-1
-5
-6
-3
-4
-5
-4
-3
-5
-10
-11
-7
-6
-7
-9
-8
-3
-7
-6
-9
-7
-5
-5
-2
-6
-7
-4
0
-1
-7
-8
-2
0
-4
-9
-7
-3
-3
-6
-9
-7
-8
-3
-4
-7
-7
-6
-5
-7
-5
-6
-5
-2
-4
-5
-7
-6
-4
-6
-5
-2
-1
-1
-3
-5
-2
-1
0
-2
-4
-3
-2
2
-2
-3
-1
0
-3
-3
-4
0
0
0
-1
-6
-5
-3
-1
-4
-3
2
3
4
5
1
1
1
3
2
3
7
7
7
3
7
7
2
1
2
4
2
3
2
1
0
0
1
1
2
2
-1
-1
1
3
4
1
2
6
7
6
-1
3
7
11
10
9
10
6
6
2
5
5
4
3
3
2
0
1
1
1
-1
0
1
1
1
0
0
0
0
5
3
3
7
6
5
1
6
7
3
1
1
2
0
-4
-4
-1
-4
-2
-3
-1
1
-1
0
-2
-1
0
0
1
1
1
2
1
3
4
3
0
1
3
1
1
-3
-6
-3
-2
-4
-6
-6
-3
-4
-6
-7
-6
-3
-1
0
-3
-3
0
0
-1
-3
-2
1
3
1
-3
-1
-1
-3
-6
-2
0
-5
-5
-7
-6
-5
-5
-1
1
0
-3
0
-3
-3
-3
-2
4
3
1
1
0
-3
-7
-5
-1
0
0
0
-1
0
-1
-1
-2
-4
-2
-1
1
-1
-4
0
1
0
-2
-6
-2
1
0
0
0
1
3
1
0
0
3
4
6
5
5
7
8
9
6
5
7
12
11
7
5
8
8
5
5
7
7
3
4
4
4
2
3
5
2
3
6
8
9
6
9
10
9
10
9
14
10
9
12
9
10
11
10
9
8
9
10
9
7
4
7
8
11
8
5
4
7
12
10
6
8
10
10
9
10
9
9
8
7
9
7
7
7
8
10
8
9
10
11
11
11
11
9
9
9
10
11
7
9
9
9
8
5
7
7
7
5
6
6
5
7
5
7
5
6
7
6
6
4
4
4
4
5
6
7
6
6
1
0
2
5
4
2
5
8
5
3
5
6
6
4
4
5
8
8
8
8
5
3
2
2
3
2
5
6
4
4
5
6
6
5
6
9
9
9
9
9
10
12
12
11
8
5
7
10
12
10
12
12
15
15
13
12
12
13
13
13
11
11
12
11
8
6
7
6
5
2
2
3
2
1
0
1
0
0
1
1
3
5
6
5
7
11
10
13
14
15
16
16
17
17
17
20
21
21
19
19
18
19
18
17
17
18
19
18
14
15
16
15
14
11
12
13
11
11
9
7
7
7
5
5
5
7
7
7
6
4
3
2
1
0
-3
-6
-8
-11
-14
-15
-19
-22
-24
-25
-25
-27
-29
-28
-26
-23
-21
-21
-17
-14
-10
-8
-6
-4
-2
2
6
8
8
7
6
4
3
1
3
0
-1
-3
-7
-12
-16
-14
-14
-14
-16
-16
-15
-16
-17
-18
-16
-17
-15
-13
-12
-12
-12
-10
-10
-12
-14
-14
-15
-16
-17
-18
-18
-19
-20
-20
-20
-22
-20
-18
-17
-16
-15
-10
-11
-8
-9
-6
-4
-5
-5
-4
-3
-2
-3
-5
-6
-6
-7
-10
-10
-8
-10
-14
-12
-13
-15
-16
-14
-12
-10
-11
-13
-14
-11
-11
-10
-10
-13
-10
-10
-8
-10
-11
-12
-11
-12
-13
-14
-13
-10
-11
-11
-12
-11
-10
-10
-10
-8
-7
-8
-8
-9
-9
-9
-8
-6
-7
-6
-6
-6
-5
-5
-5
-4
-3
-1
-2
-3
-3
-3
-2
-3
-3
-2
-4
-2
-3
-2
-2
-3
-2
-1
-2
-3
-1
0
-2
0
0
1
2
0
0
0
1
1
0
2
1
2
0
0
1
1
0
1
1
1
1
1
2
3
4
5
6
7
5
9
8
4
7
8
8
7
7
6
7
6
6
6
3
4
5
7
5
1
4
5
6
5
5
6
6
6
6
7
7
6
7
8
7
7
7
7
8
5
5
6
5
2
3
5
4
3
2
3
4
2
2
3
4
4
2
5
4
2
4
3
5
4
4
4
4
5
3
3
2
3
2
0
1
1
0
1
0
3
1
0
0
1
1
0
1
2
3
3
3
3
0
1
3
2
2
4
5
3
0
0
0
0
0
0
0
0
-1
-1
0
0
-1
0
0
2
1
0
0
1
2
0
2
2
0
0
0
-1
1
0
0
1
-1
-1
-2
-3
-3
-5
-3
-3
-4
-4
-6
-3
-3
-3
-4
-3
-4
-4
-3
-3
-3
-2
-3
-1
0
0
0
-2
-2
-1
0
-1
-2
-1
-3
-3
-4
-4
-5
-4
-5
-5
-6
-6
-6
-6
-7
-8
-8
-7
-7
-7
-6
-4
-4
-3
-2
-2
-2
-3
-1
-1
-1
-3
0
-1
-4
-2
-4
-4
-4
-6
-6
-6
-5
-5
-5
-7
-6
-6
-7
-4
-3
-3
-3
-3
-4
-3
-3
-2
-1
-3
-4
-3
-4
-4
-6
-4
-4
-6
-7
-7
-7
-6
-7
-6
-4
-5
-4
-5
-5
-4
-4
-2
-2
-2
-2
1
0
-2
-3
-3
-1
-2
-2
-3
-3
-3
-2
-2
-2
-3
-2
0
-1
0
0
0
1
0
-1
0
1
3
2
3
1
0
2
0
1
1
2
3
2
0
2
3
3
2
2
4
5
6
6
6
4
5
6
7
6
7
7
6
6
7
7
8
6
9
9
8
7
8
9
8
8
10
11
10
10
10
9
9
8
8
9
9
8
8
9
9
8
7
7
7
8
8
8
7
7
8
7
7
8
7
7
6
7
8
7
9
7
8
8
5
6
5
6
6
5
4
5
5
4
5
5
4
3
4
5
5
2
2
2
2
3
2
1
1
0
-1
0
0
0
0
0
-1
-1
-2
-2
-3
-4
-2
-1
-4
-3
-2
-3
-1
-6
-5
-4
-3
-3
-6
-5
-4
-4
-6
-5
-5
-3
-5
-6
-5
-6
-6
-8
-6
-7
-9
-9
-10
-10
-11
-11
-11
-11
-11
-10
-10
-11
-10
-11
-11
-8
-9
-8
-7
-6
-6
-7
-7
-8
-8
-9
-10
-8
-8
-8
-8
-8
-7
-8
-8
-9
-9
-8
-8
-7
-7
-6
-6
-5
-6
-6
-6
-6
-5
-6
-5
-5
-5
-4
-5
-6
-6
-5
-6
-6
-8
-6
-6
-7
-6
-6
-6
-6
-5
-4
-6
-6
-4
-4
-3
-3
-3
-2
-2
-3
-2
-2
-1
0
-1
-1
-1
-1
-3
-4
-2
-3
-3
-3
-3
-2
-2
-4
-3
-2
-1
-1
-1
-1
0
0
0
1
0
2
2
0
1
1
2
2
1
2
1
-1
-1
1
0
0
-1
0
-1
-2
0
-1
0
0
0
1
3
3
3
3
3
5
5
5
4
3
4
5
4
2
1
2
3
2
0
1
2
1
2
2
2
3
4
4
6
3
4
4
6
6
5
5
4
6
6
5
5
6
4
5
4
4
5
5
6
6
6
6
5
6
5
5
6
7
7
6
7
7
6
5
4
6
6
6
6
6
6
6
6
7
7
6
6
7
8
6
6
9
10
9
7
8
8
7
7
6
7
5
6
9
8
8
5
5
5
6
4
5
6
8
8
7
7
7
6
7
7
6
6
7
8
5
5
5
6
5
4
4
2
2
2
3
1
1
3
2
3
2
2
2
2
3
3
2
3
4
4
2
3
2
2
1
0
1
1
0
-1
-2
-1
-3
-3
-3
-2
-2
-1
-2
-3
-4
-2
-1
-1
0
-1
-1
0
-1
0
0
-1
-1
-3
-4
-3
-5
-5
-6
-7
-7
-9
-9
-9
-10
-10
-9
-10
-7
-8
-8
-6
-8
-6
-5
-3
-5
-5
-5
-4
-3
-5
-5
-6
-6
-7
-7
-7
-7
-8
-8
-10
-10
-9
-10
-10
-12
-9
-9
-8
-8
-8
-8
-7
-6
-7
-6
-7
-5
-5
-4
-5
-8
-6
-6
-7
-7
-6
-5
-6
-7
-6
-7
-6
-7
-6
-5
-5
-5
-5
-6
-4
-4
-4
-4
-3
-4
-4
-4
-5
-3
-4
-3
-3
-3
-3
-2
-2
-4
-2
-3
-3
-3
-4
-4
-4
-4
-4
-4
-5
-6
-4
-4
-4
-4
-3
-3
-4
-2
-3
-3
-3
-3
-3
-4
-6
-3
-3
-2
-2
-4
-3
-4
-4
-4
-3
-2
-3
-1
0
0
-1
-1
0
0
1
1
1
0
0
0
1
0
-1
0
1
0
2
0
0
0
1
1
1
1
3
2
3
4
3
3
2
3
3
3
3
2
2
3
2
0
2
1
2
4
2
3
1
4
4
3
3
4
5
6
5
4
5
5
7
5
6
6
5
5
5
5
4
5
6
7
5
5
6
7
9
8
7
7
10
10
10
9
11
10
12
11
9
9
9
8
6
7
6
8
6
5
4
4
4
3
5
4
5
5
5
6
6
8
7
9
6
7
10
9
10
8
9
10
7
6
5
6
5
4
5
4
3
2
1
2
0
0
0
1
2
1
1
2
2
2
2
3
3
3
4
4
6
4
3
4
3
3
1
1
2
1
0
0
-1
0
0
0
0
1
1
0
1
0
0
-1
1
0
0
1
1
0
0
0
0
0
-1
0
0
0
-2
-1
-2
-3
-3
-3
-1
-2
0
0
0
-1
-2
0
1
-1
-2
-2
-1
0
-2
-2
-2
-2
-1
-3
-3
-3
-2
-2
-2
-2
-4
-2
0
-2
-2
0
0
0
-2
-2
-1
0
-1
-1
-2
0
-1
-2
-3
-1
-1
-1
-1
-1
-1
-1
-2
-3
-2
-1
0
-1
-1
-1
0
-1
-2
-2
0
1
1
2
2
1
1
1
0
2
1
4
5
3
4
0
2
1
0
2
1
2
2
0
0
0
0
0
-1
-1
1
1
3
3
3
4
5
7
6
6
6
7
9
8
7
7
6
7
7
6
7
4
1
1
1
1
0
2
2
1
1
0
0
0
0
3
4
5
7
7
7
7
7
9
9
9
7
9
9
7
5
4
7
6
5
5
4
4
4
6
4
6
5
6
8
7
9
10
9
10
11
11
11
10
10
11
10
10
8
7
8
9
8
5
5
5
5
4
4
5
5
2
2
4
5
3
6
6
6
6
6
7
7
7
9
8
5
7
7
7
5
3
2
2
3
3
3
3
2
2
2
-1
1
1
4
5
5
6
4
6
5
4
2
2
3
4
4
2
0
0
1
-1
-3
-5
-3
-2
-3
-3
-2
-3
-2
-4
-3
-3
-1
1
0
1
0
1
0
-1
-1
0
0
-1
-3
-4
-4
-5
-5
-5
-7
-7
-5
-5
-6
-7
-7
-5
-5
-4
-5
-4
-6
-5
-5
-5
-4
-5
-7
-6
-5
-5
-6
-6
-5
-7
-6
-4
-5
-6
-6
-3
-3
-5
-6
-6
-6
-8
-8
-6
-4
-4
-7
-9
-9
-8
-8
-8
-9
-8
-9
-6
-8
-10
-11
-10
-6
-8
-8
-7
-6
-5
-6
-6
-8
-9
-8
-5
-6
-7
-9
-8
-7
-8
-7
-9
-7
-8
-9
-11
-12
-10
-10
-10
-11
-10
-10
-10
-11
-11
-12
-12
-12
-13
-12
-11
-11
-12
-10
-11
-11
-9
-10
-9
-10
-10
-9
-11
-11
-11
-11
-12
-12
-13
-13
-11
-13
-13
-11
-13
-13
-14
-13
-14
-12
-10
-11
-10
-12
-11
-11
-13
-12
-11
-10
-10
-11
-12
-10
-12
-10
-11
-11
-11
-11
-10
-10
-10
-12
-9
-10
-12
-11
-10
-8
-10
-8
-8
-8
-8
-9
-10
-9
-8
-10
-9
-10
-8
-8
-10
-9
-9
-8
-8
-8
-9
-7
-6
-6
-7
-6
-4
-5
-3
-5
-6
-3
-3
-3
-2
-5
-3
-4
-5
-4
-7
-5
-7
-5
-4
-6
-5
-5
-5
-5
-5
-2
-3
-1
0
1
2
-1
0
2
0
1
-1
0
0
-1
-2
-5
-3
-4
-4
-4
-4
-4
-7
-8
-5
-6
-4
-1
-1
2
0
3
2
1
1
1
5
4
3
1
2
-1
-2
-5
-6
-7
-8
-6
-4
-5
-6
-5
-5
-1
-1
0
3
5
5
4
5
6
6
6
5
3
2
1
-1
-3
-4
-4
-6
-6
-8
-7
-5
-6
-5
-4
-2
0
2
4
5
10
13
10
9
6
5
6
5
4
1
-3
-5
-9
-11
-16
-18
-21
-20
-24
-25
-21
-22
-21
-21
-19
-15
-14
-14
-13
-11
-6
-5
-5
-6
-3
-5
-5
-6
-4
-1
-6
-3
-3
0
-3
-7
-2
-1
0
-3
-4
-3
-4
-3
-5
-2
-4
-3
-2
-2
-5
-8
-6
-6
-3
-5
-9
-12
-14
-15
-19
-16
-19
-18
-20
-20
-18
-20
-22
-22
-18
-18
-17
-16
-13
-9
-6
-3
-3
-2
0
-2
-2
-2
0
-2
-6
-6
-7
-9
-12
-15
-19
-22
-26
-24
-24
-26
-23
-26
-28
-27
-22
-19
-16
-15
-11
-6
-2
2
5
9
10
11
12
16
13
7
8
6
5
2
-3
-4
-9
-11
-18
-22
-23
-20
-19
-20
-17
-11
-3
4
10
17
25
40
51
59
57
61
68
68
64
47
35
21
-5
-39
-71
-105
-155
-193
-212
-213
-253
-297
-294
-262
-249
-283
-282
-223
-162
-171
-195
-152
-42
30
18
42
151
281
304
284
352
485
534
467
465
569
636
553
447
479
533
456
305
271
330
271
88
-67
-120
-199
-373
-548
-601
-559
-574
-675
-700
-560
-397
-351
-350
-175
129
314
317
340
543
788
871
831
831
892
898
799
730
684
569
399
257
190
63
-159
-409
-577
-713
-951
-1274
-1519
-1626
-1698
-1792
-1951
-2034
-1991
-1812
-1594
-1430
-1254
-972
-612
-324
-97
188
583
947
1168
1278
1431
1672
1829
1767
1560
1448
1411
1205
774
315
-45
-479
-1068
-1565
-1733
-1770
-1948
-2130
-1949
-1421
-925
-575
-162
467
1081
1634
2184
2829
3470
3948
4439
4978
5476
5742
5749
5536
5138
4515
3593
2321
814
-674
-2091
-3608
-5254
-6583
-7404
-8023
-8693
-9027
-8687
-8017
-7491
-6926
-5722
-3915
-2135
-746
677
2648
4879
6616
7687
8554
9453
9940
9667
8964
8208
7206
5544
3415
1416
-232
-1947
-4062
-6143
-7580
-8400
-9077
-9767
-9980
-9555
-8863
-8173
-7273
-5757
-3985
-2449
-1093
536
2488
4120
5171
5980
6868
7518
7566
7211
6874
6578
5880
4798
3749
2983
2321
1325
172
-627
-827
-873
-1222
-1551
-1354
-688
-194
-31
157
650
1131
1090
653
270
131
-300
-1341
-2537
-3378
-3979
-4859
-5882
-6505
-6554
-6467
-6444
-6053
-5055
-3843
-2866
-1859
-362
1432
2965
4165
5459
6965
8231
8970
9328
9608
9744
9325
8296
6926
5511
3944
1982
-198
-2102
-3664
-5283
-7110
-8630
-9380
-9730
-10175
-10512
-10086
-9014
-7959
-7099
-5869
-4031
-2221
-804
559
2295
4053
5163
5658
6135
6823
7164
6659
5648
4882
4464
3726
2388
1027
255
-129
-767
-1572
-1925
-1678
-1337
-1237
-971
-193
879
1709
2259
2872
3737
4623
4859
4371
3594
3027
2323
799
-1148
-2759
-3851
-5184
-6809
-7867
-7941
-7655
-7784
-7731
-6701
-4936
-3461
-2397
-836
1279
3190
4593
6177
8096
9555
10255
10711
11308
11543
10986
9716
8030
6187
4149
1895
-736
-3460
-5801
-7746
-9438
-10907
-11675
-11869
-12004
-12021
-11389
-9942
-8673
-7890
-6831
-4973
-2948
-1628
-460
1218
3089
4351
5038
5868
6777
7223
6999
6500
6067
5479
4525
3202
1822
720
-223
-1269
-2264
-2654
-2364
-2069
-1935
-1287
113
1518
2349
3255
4589
5683
5989
6116
6608
6458
5050
3304
2260
1085
-1378
-4138
-5734
-6603
-8175
-9954
-10339
-9563
-9285
-9531
-8549
-6037
-3792
-2648
-1157
1593
4521
6389
7804
9738
11722
12932
13356
13634
13776
13248
11858
9775
7472
5214
2694
-503
-4111
-7139
-9327
-11348
-13478
-14920
-15112
-14672
-14209
-13460
-11776
-9666
-7910
-6493
-4787
-2540
-505
1018
2298
3874
5590
6918
7782
8363
8840
8856
8379
7561
6562
5188
3271
1243
-582
-2042
-3506
-4984
-5981
-6150
-5600
-4992
-4264
-2960
-1022
841
2260
3863
5742
7274
7851
8197
8969
9272
8248
6315
5005
4175
2265
-815
-3396
-4456
-5568
-7769
-9664
-9881
-9443
-9933
-10391
-9270
-7256
-6034
-5275
-3443
-643
1704
3314
5182
7534
9631
10976
11896
12578
12744
12262
11068
9281
7108
4750
2151
-950
-4120
-6715
-8729
-10582
-12236
-13107
-13071
-12719
-12209
-11211
-9699
-8132
-6941
-5611
-3906
-2097
-598
603
2122
3875
5560
6787
7690
8550
9126
9180
8594
7705
6672
5147
3088
946
-771
-2161
-3617
-4969
-5706
-5619
-5038
-4179
-3052
-1541
199
1918
3683
5476
6965
7699
7891
8307
8822
8338
6613
4825
3993
3014
773
-1847
-3417
-4195
-5893
-8118
-9159
-8933
-9196
-10558
-10957
-9426
-7680
-7146
-6578
-4202
-912
1414
3162
5814
9169
11536
12514
13449
14645
14868
13386
11004
8831
6537
3420
-395
-4038
-6813
-9112
-11281
-13142
-14116
-13983
-13465
-12969
-12111
-10453
-8363
-6923
-5938
-4546
-2585
-945
-315
409
1941
3828
4994
5564
6649
8114
9094
8984
8503
8235
7585
6096
3917
1962
381
-1350
-3130
-4506
-4922
-4757
-4384
-3603
-2151
-191
1633
3179
4830
6661
7936
8145
7857
7991
8040
6880
4807
3297
2782
1544
-837
-2716
-3078
-3465
-5565
-7610
-7666
-6929
-7935
-10096
-10399
-8660
-7668
-8293
-8137
-5634
-2527
-862
602
3576
7335
9827
10779
11953
13657
14429
13331
11078
9038
7250
4728
1270
-2428
-5126
-6836
-8550
-10550
-12021
-11903
-11173
-11025
-11211
-10341
-8515
-7517
-7509
-7160
-5509
-3997
-3560
-3159
-1678
600
2206
3375
4986
7086
8807
9438
9615
9807
9716
8634
6635
4587
2958
1356
-696
-2657
-3797
-4000
-3960
-3847
-3244
-1981
-543
622
1857
3395
4867
5516
5681
6198
7216
7528
6550
5429
5391
5787
4634
2413
960
750
-363
-3358
-5866
-6500
-7003
-9503
-12328
-12534
-11051
-10886
-11933
-11146
-7559
-4032
-2147
-31
3924
8309
10914
12240
13965
15971
16626
15337
13217
11439
9798
7220
3419
-471
-3008
-4483
-6574
-9494
-11424
-11524
-11392
-12606
-13803
-13236
-12045
-12077
-12806
-11924
-9509
-7830
-7169
-5636
-2367
1078
3298
5224
7815
10369
11827
12175
12307
12062
10896
8805
6387
4309
2274
24
-2355
-4158
-4821
-4899
-4940
-4865
-3984
-2392
-1063
-85
1304
3191
4439
4604
5024
6513
7562
6842
5558
5731
6510
5449
2945
1403
1250
-173
-3573
-6336
-7083
-7869
-10703
-13432
-13525
-12208
-12164
-12863
-11345
-7577
-4230
-2165
725
5467
9973
12630
14468
17026
19407
19974
18785
17107
15580
13340
9981
5880
1976
-1198
-4135
-7257
-10328
-12398
-13432
-14386
-15737
-16525
-16068
-15359
-15322
-15383
-14005
-11648
-9756
-8298
-6003
-2284
1282
3866
6355
9499
12483
13840
13967
14117
14281
13169
10459
7459
5296
3334
492
-2571
-4504
-4977
-5365
-6187
-6264
-4917
-3016
-2065
-1495
-63
2168
3755
3905
4009
5091
6561
6642
5486
4885
5559
5783
3889
1519
619
520
-1599
-5430
-7782
-7935
-8746
-11932
-14457
-13683
-11650
-11537
-12159
-10041
-5388
-1726
179
3030
7951
12512
14654
15843
17784
19656
19646
17703
15369
13224
10694
7176
2890
-1072
-4148
-6661
-9502
-12457
-14228
-14747
-15249
-16462
-17040
-16077
-14884
-14678
-14376
-12316
-9396
-7316
-5699
-2642
1559
4945
7222
9822
13184
15474
15894
15653
15704
15150
12868
9582
6745
4410
1624
-1703
-4510
-5932
-6569
-7324
-8051
-7748
-6144
-4540
-3732
-2967
-904
1664
2850
2983
3735
6080
7442
6584
5493
6057
7344
5942
2931
1382
1579
458
-3531
-6728
-6988
-6971
-9493
-12724
-12704
-10393
-9799
-10860
-10072
-6139
-2461
-1109
551
4452
9025
11415
12400
14327
16814
18061
17147
15548
14240
12752
10279
6460
2475
-710
-3202
-6160
-9840
-12568
-13621
-14189
-15790
-17278
-16818
-15484
-15131
-15598
-14403
-11611
-9528
-8398
-6409
-2568
1060
3579
6147
9673
12972
14741
15716
16668
17168
15988
13621
11106
8856
6021
2244
-1285
-3764
-5314
-6895
-8498
-9078
-8395
-7143
-6149
-5243
-3212
-435
1837
2862
3842
6215
8354
8393
7045
6734
7811
6969
3713
1012
416
-161
-3633
-7386
-8419
-7945
-9239
-12225
-13016
-10802
-8942
-9267
-9226
-6326
-2175
96
1298
3988
8156
11455
12837
14096
16209
17946
18053
16505
14749
13308
11299
7934
3406
-437
-3187
-6028
-9844
-13240
-14858
-15551
-16800
-18238
-17985
-16770
-15986
-15817
-14642
-11994
-9872
-8527
-6666
-3323
226
2533
4671
7732
11111
13218
14109
15035
15924
15741
13919
11742
9717
7451
4396
845
-1856
-3861
-5464
-7158
-8349
-8357
-7673
-6737
-5811
-4084
-1609
745
2533
3994
6110
8312
9159
8665
7954
8359
8097
5570
2339
606
38
-2627
-6797
-8988
-8561
-9069
-12073
-13769
-11668
-9015
-9204
-9838
-7220
-2547
-132
428
2814
7222
10657
11525
12547
15138
17208
17229
15802
14886
14171
12366
9320
5715
2555
-244
-3069
-6446
-9631
-11853
-13254
-14682
-16436
-17120
-16883
-16585
-16773
-16318
-14368
-12339
-10847
-9193
-6212
-2618
230
2772
5710
8966
11406
12747
13788
14566
14457
13048
10999
9084
7016
4052
800
-1740
-3338
-4818
-6575
-7378
-6904
-5830
-4977
-4054
-2172
443
2746
4130
5171
6815
8825
9516
8508
7532
7843
7969
5685
2482
1105
876
-1096
-5062
-7358
-7164
-7820
-10683
-12975
-11968
-10229
-10712
-11517
-9654
-5747
-3253
-2112
652
5251
9059
10770
12477
15431
17706
17780
16555
15687
14929
12778
9274
5594
2632
-27
-3270
-6835
-9691
-11297
-12591
-14527
-16349
-16681
-16035
-16153
-17052
-16714
-14440
-12307
-11536
-10398
-6965
-2758
5
2005
5315
9737
12555
13442
14447
16097
16659
14769
12105
10244
8381
5225
1202
-1854
-3658
-5219
-7022
-8306
-8083
-6901
-5731
-4699
-3023
-346
2150
3625
4671
6643
8877
9437
8533
8117
9185
9179
6702
4115
3433
3284
381
-3635
-5365
-5460
-7303
-11370
-13383
-12218
-11451
-13061
-14030
-11355
-7344
-5312
-4078
-528
4763
8548
10377
12622
16004
18257
18033
16768
15912
15037
12672
8785
4842
1762
-798
-3940
-7675
-10467
-11745
-12709
-14505
-16169
-16047
-15065
-15229
-16152
-15484
-12936
-11054
-10749
-9672
-6295
-2512
-337
1373
4512
8238
10377
11228
12496
14003
14050
12236
10401
9247
7646
4682
1334
-620
-1735
-3143
-4908
-5728
-4920
-3986
-3682
-3230
-1461
1106
2478
2712
3629
6075
8053
7599
6364
6888
8614
8096
5155
3181
3481
3139
-366
-4029
-4903
-5011
-7574
-11452
-12418
-10785
-10646
-12422
-12565
-9230
-5511
-4099
-2786
891
5772
8906
10261
12293
15258
17038
16419
14769
13821
12923
10392
6366
2508
-100
-2304
-5361
-8579
-10616
-11336
-12064
-13488
-14360
-13767
-12794
-13069
-13761
-13002
-10908
-9562
-9512
-8405
-5483
-2357
-363
1608
5022
8461
10478
11690
13356
15044
14918
13111
11304
9864
7982
4852
1455
-873
-2454
-3897
-5386
-6108
-5574
-4642
-4057
-3401
-1786
413
1760
1908
2458
4351
5554
4736
3407
3893
5249
4116
1576
793
1863
1330
-1998
-4064
-3449
-3519
-6575
-9885
-9589
-7998
-9002
-11051
-10436
-6827
-4119
-3424
-1277
3205
7594
9934
11423
14241
16844
17338
16076
14393
13153
11065
7650
3694
99
-2469
-4826
-7343
-9406
-10584
-10945
-11423
-11973
-11763
-11126
-10931
-11510
-11774
-10916
-9950
-9714
-9628
-8120
-5282
-2802
-790
1945
5816
9205
11098
12731
14795
15957
14934
12783
11180
9566
6476
2464
-655
-2350
-3910
-5852
-7014
-6717
-5614
-4704
-3880
-2341
-157
1667
2397
2737
4026
5554
5566
4038
3274
4461
4837
2843
745
998
1998
204
-2943
-3641
-2751
-4063
-7916
-9876
-8395
-7791
-9896
-11348
-9145
-5495
-4030
-3117
77
4620
7888
9372
11403
14088
15351
14777
13193
11927
10491
7921
4635
1201
-1420
-3330
-5237
-7087
-8561
-9135
-9330
-9680
-9881
-9625
-9174
-9483
-10069
-9929
-9036
-8488
-8703
-8146
-6131
-3782
-2032
-89
3082
6435
8432
9755
11672
13624
13590
11646
10021
9252
7603
3993
463
-1128
-1898
-3520
-5455
-5661
-4280
-3310
-3082
-2353
-212
1904
2546
2417
2930
4546
5213
4023
2427
2526
3825
3297
1199
327
1555
1953
-253
-1964
-1212
-872
-3445
-6518
-6473
-5189
-6579
-9201
-9056
-6221
-4495
-4381
-2650
1300
4459
5798
7584
10661
12770
12434
11411
11052
10531
8587
5643
2901
477
-1587
-3607
-5442
-6933
-7888
-8314
-8974
-9479
-9387
-8908
-9248
-10465
-10909
-10124
-9498
-10080
-10493
-9210
-6899
-5079
-3461
-894
2594
5580
7593
9642
11958
13512
13210
11859
10784
9695
7581
4470
1877
240
-1273
-2715
-3450
-2960
-2434
-2159
-1318
291
2100
2692
2745
3036
3872
4359
3394
2097
1590
2119
1804
223
-524
322
959
-695
-2559
-2133
-1286
-3127
-6603
-7448
-5927
-6234
-8863
-9618
-6735
-3896
-3408
-2337
1763
6235
8137
9022
11700
14881
15340
13426
11902
11382
9847
6339
2404
-442
-2534
-4814
-7229
-8858
-9321
-9429
-9819
-10049
-9451
-8418
-8172
-8871
-9162
-8561
-8093
-8561
-9123
-8410
-7006
-5892
-4736
-2581
341
2711
4560
6758
9337
11006
11173
10684
10310
9704
7985
5415
3140
1796
608
-1058
-2360
-2111
-1035
-716
-814
270
2567
3754
3151
2747
3961
5149
3996
1794
1165
2262
2102
-94
-1319
-220
880
-714
-2761
-2293
-1040
-2297
-5598
-6677
-5221
-5178
-7476
-8728
-6539
-3857
-3378
-2840
212
4332
6453
7088
9007
11697
12675
11455
9956
9277
7995
5405
2251
-414
-2371
-4215
-6112
-7671
-8235
-7936
-7887
-8374
-8209
-6990
-6080
-6632
-7492
-7041
-6161
-6423
-7293
-7048
-5601
-4563
-4000
-2620
-110
2285
3661
4973
6895
8731
9297
8619
7924
7470
6545
4729
2694
1493
763
-75
-771
-518
651
1488
1814
2560
4122
5215
4797
3950
4047
4076
2564
352
-448
-98
-1160
-3176
-3535
-1897
-1189
-2734
-3384
-1859
-934
-2602
-4645
-4227
-3340
-4730
-6807
-6549
-4347
-3401
-3759
-2292
1262
4167
5149
6317
9133
11358
11268
10136
9729
9510
7670
4595
1965
145
-1719
-4147
-6202
-7132
-7394
-7703
-8173
-8108
-7293
-6636
-6661
-6901
-6647
-6154
-6223
-6596
-6514
-5783
-4928
-4144
-3035
-1324
726
2500
3959
5382
6872
7867
7698
6911
6273
5646
4251
2249
998
737
465
-52
203
1759
3431
4300
5099
6531
7780
7703
6691
5885
5338
3745
1062
-1194
-2072
-2665
-4525
-6246
-6053
-4735
-4656
-5810
-5602
-3978
-3522
-4877
-5737
-4751
-4014
-5040
-5796
-4625
-2591
-1588
-1019
1050
3993
6166
7325
8627
10473
11525
11190
10135
9064
7897
5999
3262
384
-1834
-3472
-5364
-7490
-8610
-8425
-8274
-8863
-8849
-7403
-5992
-5938
-6232
-5314
-3963
-3799
-4465
-4263
-3006
-2221
-2304
-1813
11
1824
2522
3029
4537
6145
6342
5571
5266
5396
4667
2966
1540
1126
974
413
-74
428
1803
2935
3523
4278
5699
6795
6639
5929
5641
5412
3859
1421
-258
-852
-1914
-4140
-5579
-5322
-4810
-5530
-6298
-5310
-3826
-3817
-4654
-4097
-2246
-1657
-2579
-2644
-892
744
708
738
2462
4577
5287
5242
6281
7875
8082
6943
5983
5625
4710
2513
8
-1987
-3526
-5078
-6988
-8511
-8986
-8656
-8451
-8621
-7806
-5925
-4479
-4218
-3934
-2439
-1246
-1545
-2286
-1921
-1009
-1152
-1765
-1308
166
1263
1674
2433
3931
5219
5609
5510
5497
5460
4767
3496
2299
1507
931
207
-392
-193
800
1887
2641
3554
5189
6591
6817
6500
6532
6278
4402
1734
161
-764
-2898
-5726
-6989
-6537
-6697
-7876
-7663
-5683
-4349
-4719
-4621
-2514
-765
-1197
-1975
-962
907
1215
670
1537
3566
4954
5324
6184
7898
9016
8886
8114
7439
6574
4754
2070
-798
-3159
-5170
-7382
-9605
-10825
-10727
-10303
-10156
-9478
-7410
-5156
-3986
-3264
-1744
24
453
-94
-59
712
779
5
-194
689
1569
1722
2050
3194
4337
4668
4465
4461
4483
3760
2411
1170
343
-448
-1476
-2131
-1850
-886
139
1064
2575
4656
6466
7279
7458
7851
7904
6524
3996
1873
687
-1215
-4275
-6419
-6587
-6338
-7448
-8230
-6655
-4537
-4183
-4713
-3449
-933
-387
-1576
-1658
95
1290
512
239
1970
3957
4560
4705
6231
8146
8440
7514
6745
6356
5007
2302
-541
-2957
-5019
-7080
-9116
-10510
-10845
-10283
-9534
-8793
-7166
-4661
-2590
-1527
-522
1261
2576
2375
1643
1778
2292
1669
591
507
1311
1619
1279
1646
2751
3391
3082
2666
2748
2534
1517
252
-566
-1037
-1685
-2268
-2054
-1018
148
1164
2455
4460
6501
7555
7593
7599
7916
7163
4754
2010
499
-767
-3512
-6454
-7507
-6970
-7424
-8893
-8525
-6148
-4574
-4968
-4775
-2339
-327
-721
-1413
-183
1786
1903
1151
2149
4238
5351
5372
6154
7839
8525
8026
7337
6745
5567
3447
1051
-1371
-3798
-5964
-8113
-9989
-11040
-11027
-10578
-10324
-9234
-6909
-4555
-3140
-1960
42
1934
2408
2087
2322
2967
2749
1777
1405
1971
2503
2415
2544
3308
4162
4477
4213
4028
3884
3357
2283
918
88
-320
-894
-1408
-1247
-131
1087
2126
3562
5387
6786
7142
7214
7459
6825
4639
1733
-356
-2026
-4920
-8260
-10376
-10766
-11097
-12218
-12120
-10067
-7808
-6855
-5927
-3148
-1
1007
834
2012
4493
5507
4557
4490
6238
7622
7273
6879
7958
9042
8478
7244
6618
6083
4325
1574
-962
-2962
-5064
-7710
-10193
-11603
-11871
-11960
-12209
-11624
-9546
-7138
-5606
-4399
-2358
36
1154
1250
1718
2701
3070
2598
2587
3318
3888
4076
4501
5439
6084
6172
6093
5855
5267
4307
3085
1611
188
-806
-1434
-1983
-2121
-1267
135
1458
2968
5021
6861
7433
7617
8197
7924
5572
2316
338
-1261
-4675
-8740
-10741
-10862
-11842
-13673
-13225
-10401
-8382
-8116
-6775
-2973
111
480
643
2754
5212
5393
4595
5515
7443
8097
7451
7761
9303
9990
9003
7713
7223
6512
4399
1358
-1428
-3660
-5982
-8742
-11239
-12602
-12954
-13135
-13252
-12327
-10023
-7553
-5997
-4538
-2159
493
1848
2034
2611
3784
4405
3972
3731
4410
4952
4679
4499
5128
5646
5069
4012
3598
3289
1964
115
-1234
-1835
-2534
-3533
-3650
-2708
-1255
83
1526
3913
6514
8337
9032
9383
10046
9661
7431
4341
2023
104
-3209
-7073
-9381
-9911
-10768
-12451
-12459
-10230
-8050
-7415
-6535
-3647
-589
460
592
1892
3959
4756
4334
4744
6083
6979
6945
7097
8098
8798
8483
7489
6524
5605
4001
1425
-1624
-4350
-6440
-8676
-11317
-13161
-13517
-13022
-12966
-12510
-10226
-7143
-4913
-3567
-1252
1837
3555
3810
4230
5423
5816
4847
4243
4655
4783
3971
3302
3654
3969
3298
2406
1967
1671
639
-821
-1874
-2456
-2943
-3656
-3856
-2890
-1317
85
1427
3720
6669
8621
9340
9950
10950
10653
8167
5284
3305
1088
-2828
-7049
-9248
-10047
-11654
-13575
-13492
-11354
-9616
-9112
-7582
-4233
-1370
-398
396
2707
5146
5714
5461
6636
8649
9450
8943
9209
10669
11218
10107
8610
7878
6827
4093
659
-2274
-4756
-7590
-10905
-13370
-14425
-14825
-15036
-14841
-13321
-10575
-7966
-5820
-3512
-648
2015
3462
4160
5016
5796
5752
5082
4732
4890
4740
4109
3792
4055
4152
3518
2744
2258
1648
417
-1112
-2197
-2940
-3785
-4558
-4508
-3429
-2098
-857
978
3703
6350
7999
9008
10307
11242
10257
7885
5604
3909
1196
-3058
-6571
-8311
-9507
-11562
-13155
-12336
-10439
-9633
-9305
-7231
-3786
-1754
-1402
-310
2423
4541
4693
4883
6732
8862
9386
9141
10054
11599
11698
10151
8580
7773
6325
3049
-853
-3908
-6206
-8970
-12317
-14534
-14895
-14491
-14503
-13993
-11478
-8031
-5449
-3659
-950
2446
4458
4899
5404
6609
6846
5584
4581
4693
4708
3681
2734
2987
3375
2895
2061
1608
1349
412
-924
-2089
-3048
-3835
-4536
-4892
-4578
-3552
-1994
-300
1685
4351
7009
8885
10088
11328
12048
11014
8656
6522
4644
1249
-3168
-6453
-8220
-10207
-12929
-13947
-12684
-11404
-11084
-9898
-6625
-3486
-2168
-1052
1421
4018
4891
5014
6306
8060
8774
8728
9233
10513
11058
10421
9426
8604
7648
5536
2349
-1019
-3847
-6514
-9839
-13167
-15151
-15521
-15772
-16214
-15205
-12165
-8770
-6726
-4543
-799
2811
4388
4769
6143
7699
7199
5492
4977
5415
4735
2939
2209
2897
2955
1934
1238
1514
1486
283
-1062
-1586
-1814
-2601
-3612
-3864
-2893
-1575
-549
782
3107
6004
8016
9052
10379
11915
11952
9840
7359
5899
3730
-597
-5091
-7549
-8856
-11465
-14172
-14180
-12266
-11216
-11276
-9309
-5242
-2419
-1840
-767
2417
4935
4939
4698
6372
8471
8722
8194
9100
10714
11077
10093
9219
8761
7462
4867
1652
-1369
-4238
-7435
-10798
-13585
-15075
-15622
-16034
-15857
-14175
-11213
-8384
-6331
-3658
-150
2559
3705
4353
5711
6518
5744
4654
4516
4765
3951
2736
2629
3216
3188
2263
1814
2024
1734
637
-568
-967
-1223
-1948
-2504
-2189
-1047
8
943
2725
5067
6902
7858
8810
10110
10188
8500
6346
4910
2907
-833
-4683
-6997
-8339
-10650
-12884
-12872
-11267
-10223
-9953
-8004
-4311
-1513
-543
705
3460
5813
6001
5694
6913
8381
8415
7491
7803
9107
9151
7984
7034
6864
6001
3470
747
-1464
-3731
-6752
-10016
-12129
-13460
-14554
-15318
-15134
-13603
-11526
-9284
-6894
-4161
-1149
1380
3209
4577
5787
6513
6286
5676
5308
5035
4244
3163
2643
2633
2331
1677
1327
1314
1011
101
-683
-969
-1376
-2173
-2830
-2553
-1704
-1014
-183
1447
3777
5654
6974
8455
10082
10643
9515
8044
6954
5123
1536
-2418
-4912
-6686
-9487
-12378
-13057
-11877
-11313
-11597
-10039
-6263
-3213
-2260
-979
2456
5603
6174
5986
7480
9682
9984
9068
9436
10818
11040
9636
8504
8217
7200
4547
1197
-1538
-4124
-7363
-10998
-14009
-15745
-16863
-17763
-17895
-16416
-13709
-11024
-8513
-5185
-936
2606
4689
6354
8524
10012
9599
8471
8072
7848
6295
4114
3044
2892
2050
400
-471
-303
-529
-1778
-2821
-2776
-2620
-3225
-3849
-3242
-1744
-583
439
2251
4902
7159
8462
9734
11060
11371
10230
8275
6544
4229
600
-3182
-6218
-8405
-10896
-13114
-13616
-12994
-12228
-11554
-9516
-6110
-3440
-1692
416
3550
6222
7045
7725
9260
10578
10659
10069
10411
10763
9897
8422
7205
6143
4041
1241
-1300
-3823
-6722
-9732
-12056
-13704
-15267
-16317
-16325
-15328
-13654
-11735
-9169
-6146
-2863
489
3252
5625
7577
9195
10095
9867
9351
8739
7770
6071
4226
3136
2083
647
-819
-1574
-1858
-2606
-3450
-3744
-3625
-3647
-3889
-3500
-2404
-1341
-332
1029
3179
5198
6537
7787
9156
10250
9849
8498
7329
6129
3758
112
-2866
-4617
-6600
-9639
-11694
-11405
-10509
-10871
-11150
-8872
-5447
-3560
-2912
-772
2912
5118
5393
6248
8628
10150
9478
8785
9610
10200
8734
6525
5551
5071
3130
61
-2283
-3667
-5296
-7888
-10214
-11410
-11986
-12676
-13581
-13349
-11822
-9902
-8411
-6834
-3782
-92
2712
4397
6311
8920
10426
10286
9831
9867
9464
7453
5197
4031
3185
1501
-873
-2233
-2647
-3248
-4306
-5092
-4835
-4386
-4068
-3501
-2167
-270
1244
2732
4502
6558
8209
9148
9818
9848
9122
7633
5957
3856
795
-2442
-5160
-7345
-9823
-12025
-12699
-12387
-12359
-12410
-10847
-7761
-5417
-4341
-2547
832
3865
5023
5907
8083
10234
10736
10318
10807
11564
10819
8929
7279
6258
4530
1802
-879
-3183
-5217
-7438
-9499
-11129
-12416
-13152
-13576
-13449
-12669
-11227
-9372
-7453
-4912
-1784
1327
3887
6138
8528
10283
10900
10978
11049
10552
8811
6728
5440
4264
2167
-239
-1628
-2228
-3420
-5080
-5810
-5427
-5223
-5571
-5215
-3455
-1415
-125
1252
3634
6309
7972
8828
10021
11021
10573
8709
6874
5404
2789
-1144
-4752
-6858
-8652
-11264
-13306
-13290
-12190
-11756
-11408
-9362
-6123
-3967
-2848
-811
2429
4808
5550
6709
9028
10810
10921
10705
11601
12183
11029
8956
7399
6204
3868
538
-2468
-4781
-7074
-9773
-12059
-13384
-14098
-14632
-14895
-14232
-12591
-10616
-8708
-6587
-3689
-446
2243
4414
6629
8878
10283
10644
10856
11112
10706
9247
7594
6488
5264
3344
1195
-342
-1536
-3115
-4788
-5792
-6104
-6413
-6703
-6226
-4820
-3120
-1533
431
2967
5321
6945
8256
9743
10527
9722
8008
6550
5072
2256
-1406
-4238
-5986
-7993
-10514
-11716
-11114
-10380
-10356
-9558
-6867
-4047
-2625
-1349
1400
4554
6103
6770
8470
10823
11879
11624
11801
12619
12399
10550
8522
7050
5118
1849
-1912
-5002
-7641
-10486
-13463
-15706
-16817
-17230
-17294
-16792
-15240
-12741
-10090
-7635
-4885
-1541
1756
4085
5777
7676
9542
10443
10351
10335
10620
10200
8834
7517
6768
5731
3702
1533
50
-1265
-3176
-5268
-6505
-6979
-7446
-7809
-7269
-5650
-3729
-1877
408
3186
5705
7470
8829
10014
10265
9253
7671
6101
3978
791
-2304
-4422
-6162
-8500
-10494
-10651
-9876
-9626
-9569
-7967
-5209
-3351
-2313
-393
2655
4887
5762
7038
9469
11424
11820
11968
12992
13766
12858
10979
9510
8112
5483
1699
-1937
-4867
-7791
-11166
-14277
-16237
-17108
-17655
-17955
-17236
-15234
-12793
-10594
-8221
-5058
-1639
1012
3028
5175
7538
9143
9756
10277
11012
11287
10521
9530
8979
8115
6195
3819
2069
611
-1601
-4205
-6047
-6907
-7605
-8472
-8447
-7138
-5250
-3426
-1447
1357
4319
6588
8157
9415
10305
10055
8751
7137
5296
2702
-508
-3293
-5307
-7344
-9606
-10929
-10865
-10443
-10368
-9685
-7540
-5145
-3613
-2157
421
3433
5283
6384
8190
10637
12118
12271
12531
13378
13517
12032
9935
8279
6572
3643
-106
-3354
-5921
-8526
-11501
-13839
-14931
-15369
-15730
-15618
-14362
-12246
-10195
-8346
-5940
-3039
-317
1742
3602
5663
7330
8323
8934
9556
9912
9570
8769
7986
7091
5650
3816
1973
305
-1477
-3381
-4991
-6223
-7019
-7402
-7288
-6487
-5171
-3394
-1275
1079
3589
5780
7494
8851
9712
9606
8453
6894
5304
3055
-42
-2857
-4738
-6379
-8518
-10106
-10056
-9400
-9411
-9361
-7693
-5205
-3852
-3302
-1576
1466
3581
4113
5179
7818
10176
10672
10717
12005
13278
12559
10486
9041
8095
5707
1716
-1969
-4434
-6820
-10118
-13173
-14507
-14675
-14998
-15332
-14312
-11810
-9451
-7843
-5824
-2780
130
1826
3047
4837
6729
7538
7647
8220
9072
9147
8341
7827
7740
6926
5046
3184
2005
541
-1763
-4071
-5420
-6165
-7139
-7794
-7386
-6038
-4473
-2644
-101
2752
5281
7107
8842
10381
10666
9521
7511
5807
3888
448
-3271
-5814
-7117
-8654
-10887
-11228
-9660
-8435
-8139
-7311
-4287
-1582
-1061
-544
1485
4104
4796
4286
5593
7983
9078
8594
8861
10903
11813
10261
8317
7654
6983
3937
-385
-3600
-5921
-8862
-12534
-15030
-15785
-16157
-16610
-16131
-13895
-10953
-8517
-6361
-3482
26
2639
4147
5419
7032
8356
8370
8094
8368
8766
8451
7277
6668
6565
5723
3939
2052
963
-316
-2633
-4780
-5875
-6346
-7132
-7814
-6996
-5145
-3256
-1334
1188
4346
6982
8762
10378
11556
11502
9940
7810
5902
3159
-530
-4075
-6533
-8235
-10244
-11432
-10999
-9822
-8954
-8184
-5906
-2988
-1348
-700
537
2822
4165
4058
4425
5869
7055
7073
7210
8542
9682
9366
8306
7761
7291
5514
2491
-582
-3179
-5926
-9115
-11953
-13575
-14480
-15250
-15328
-13954
-11498
-9432
-7476
-4664
-1394
1188
2525
3898
5576
6533
6531
6205
6494
6819
6466
5909
5755
6000
5702
4665
3666
2981
2014
236
-1639
-2891
-3817
-4869
-5739
-5520
-4512
-3436
-2103
177
3138
5421
6916
8472
10362
10972
9591
7689
6082
4171
582
-3362
-5901
-7632
-9657
-11908
-12254
-10808
-9728
-9357
-8118
-4963
-2049
-1058
-496
1422
3940
4690
4202
4766
6523
7595
7171
7351
8885
10034
9479
8219
7999
7727
5508
1933
-1037
-3122
-5911
-9919
-12965
-14010
-14500
-15437
-15835
-13948
-10894
-8641
-6723
-3735
114
2844
3937
5149
6795
7661
7174
6372
6476
6467
5757
4979
4858
5117
4677
3858
3228
2674
1587
-41
-1499
-2671
-3692
-4786
-5363
-5021
-4142
-2865
-1390
930
3645
5892
7610
8969
10333
10374
8870
6813
4804
2198
-1888
-5725
-8195
-9978
-12405
-14476
-14105
-12408
-11279
-10727
-8587
-4713
-1936
-824
677
3522
5915
6287
6448
8080
9634
9735
9307
10134
11481
11171
9720
8784
8419
6983
3782
443
-2057
-4599
-7832
-11195
-13331
-14315
-15149
-15504
-14907
-12960
-10611
-8565
-6083
-3157
-134
2054
3429
4830
6050
6662
6475
6199
6279
6234
5787
5203
5185
5378
5064
4251
3368
2832
1826
275
-1157
-2310
-3189
-4286
-4676
-4209
-3503
-2542
-1224
1114
3332
4924
6297
7722
8862
8343
6835
5193
3567
1061
-2665
-5703
-7635
-9330
-11467
-12982
-12379
-11030
-10355
-9670
-7512
-4267
-2002
-878
817
3453
5499
6222
6903
8483
9852
9994
9855
10617
11419
10781
9152
8064
7360
5625
2553
-491
-2642
-4915
-7720
-10338
-11791
-12265
-12854
-13099
-12225
-10270
-8117
-6520
-4622
-1997
524
2188
3102
4191
5236
5427
5082
4975
5195
4886
4108
3843
4264
4330
3574
2860
2566
2143
912
-512
-1394
-2190
-3194
-4094
-4076
-3270
-2498
-1600
-60
2220
4403
5823
6942
8027
8467
7668
5854
3912
1845
-1138
-4511
-7308
-9150
-10713
-12429
-12968
-12026
-10609
-9505
-8240
-5607
-2660
-786
428
2097
4403
5788
6089
6686
7904
8933
9020
9024
9782
10352
9921
8826
7899
7027
5092
2283
-520
-2986
-5508
-8438
-10921
-12385
-13114
-13568
-13571
-12421
-10255
-7989
-5990
-3721
-872
1780
3390
4354
5414
6387
6489
5885
5512
5530
5335
4643
4225
4431
4543
4139
3405
2949
2467
1328
-144
-1493
-2399
-3275
-4230
-4560
-4065
-2875
-1497
52
2102
4277
6246
7576
8269
8287
7333
5720
3463
717
-2472
-5642
-8189
-10346
-12174
-13281
-13072
-11991
-10852
-9489
-7214
-4286
-1960
-412
1306
3464
5104
5662
6086
7165
8245
8512
8464
9090
10018
10149
9342
8551
8040
6820
4384
1476
-1015
-3449
-6464
-9500
-11604
-12720
-13635
-14281
-13754
-12058
-9993
-8126
-5894
-2995
-197
1910
3436
4936
6175
6661
6585
6404
6283
5867
5186
4693
4493
4244
3664
3037
2549
1986
1014
-275
-1389
-2321
-3221
-4094
-4539
-4188
-3389
-2321
-862
1150
3443
5431
7025
8391
9247
9067
7973
6370
4536
1840
-1541
-4445
-6700
-8578
-10759
-12098
-11765
-10809
-9910
-9091
-7015
-4150
-2071
-702
858
3104
4794
5275
5792
7018
8114
8297
8123
8749
9450
8989
7742
6695
5988
4197
1184
-1636
-3726
-5852
-8768
-11293
-12323
-12619
-13053
-13212
-11888
-9471
-7477
-5845
-3587
-498
2025
3198
4188
5633
6822
6729
5966
5806
5861
5280
4147
3566
3797
3766
3063
2240
1893
1678
870
-395
-1567
-2446
-3296
-4145
-4548
-4375
-3751
-2970
-1665
224
2222
4091
5563
6952
7713
7575
6939
5799
4151
1546
-1205
-3312
-5226
-7281
-9211
-9770
-9203
-8714
-8401
-7175
-4766
-2614
-1495
-431
1681
3690
4463
4609
5528
7167
8005
8014
8321
9280
9834
9169
7973
7051
5833
3589
530
-2356
-4729
-7098
-9612
-11706
-12730
-12921
-12560
-11893
-10427
-8232
-5783
-3452
-1496
732
2786
4274
4865
5026
5399
5434
4911
3911
3235
2935
2533
2029
1716
1771
1729
1368
917
555
152
-620
-1521
-2242
-2704
-2858
-2845
-2340
-1537
-422
1109
2805
4501
5806
6887
7625
7519
6676
5453
3975
1801
-1156
-3758
-5693
-7423
-9311
-10670
-10468
-9773
-9229
-8475
-6644
-4034
-2396
-1313
319
2566
4252
4650
5260
6691
8002
8426
8528
9385
10142
9722
8499
7603
6864
5010
1928
-1083
-3262
-5348
-7803
-10169
-11393
-11688
-11672
-11223
-10058
-7917
-5806
-3974
-2024
223
2409
3616
4230
4755
5300
5405
4915
4403
4005
3549
2847
2352
2192
1982
1465
717
252
-120
-701
-1461
-2297
-2837
-3193
-3175
-2763
-2229
-1462
-440
1170
2814
4045
5091
6067
6854
6633
5727
4700
3522
1690
-935
-3248
-4932
-6455
-8269
-9711
-9965
-9489
-9073
-8582
-7197
-5061
-3251
-2025
-507
1614
3606
4564
5160
6230
7491
8280
8363
8627
9061
9025
8279
7221
6260
4852
2679
126
-2175
-4303
-6556
-8720
-10277
-10978
-11271
-11180
-10378
-8753
-6711
-4784
-2813
-591
1676
3464
4546
5332
5977
6330
6106
5521
5028
4520
3913
3092
2407
1989
1499
853
91
-452
-964
-1690
-2463
-3039
-3262
-3393
-3288
-2765
-1867
-707
569
2195
3803
5122
6174
6975
7433
6978
5949
4704
3126
946
-1727
-3935
-5654
-7397
-9159
-10193
-10128
-9707
-9310
-8336
-6478
-4449
-2922
-1461
668
2776
4082
4860
5976
7341
7940
7965
8189
8711
8662
7748
6783
6107
5049
3069
735
-1270
-3148
-5404
-7777
-9480
-10414
-11073
-11564
-11265
-9947
-8212
-6557
-4802
-2456
23
1928
3253
4519
5813
6459
6327
6088
6062
5825
5010
4104
3650
3308
2633
1724
1094
646
-119
-1080
-1864
-2381
-3012
-3731
-3943
-3533
-2897
-2349
-1432
141
1957
3361
4450
5645
6740
7105
6483
5647
4682
3230
949
-1513
-3369
-5021
-6804
-8522
-9261
-9139
-8901
-8524
-7493
-5610
-3751
-2301
-719
1309
3344
4649
5580
6730
7867
8452
8462
8584
8737
8233
7075
5846
4847
3318
997
-1387
-3353
-5128
-7345
-9391
-10610
-11114
-11438
-11582
-10744
-9090
-7266
-5677
-3797
-1411
833
2424
3565
4862
5944
6406
6278
6219
6334
6031
5255
4448
4070
3608
2719
1608
772
126
-846
-1977
-2918
-3405
-3801
-4199
-4210
-3630
-2602
-1520
-270
1295
3008
4450
5558
6474
7041
6961
6233
5222
3938
2194
21
-2031
-3719
-5313
-6887
-7996
-8213
-8045
-7836
-7226
-5843
-4040
-2612
-1392
286
2242
3724
4552
5493
6733
7516
7576
7507
7782
7715
6720
5387
4319
3233
1367
-942
-2870
-4396
-6024
-7874
-9132
-9614
-9707
-9826
-9540
-8386
-6820
-5393
-4240
-2596
-623
994
1940
2767
4010
4988
5283
5268
5630
6047
5844
5253
4939
4759
4033
2846
1763
1014
-67
-1517
-2713
-3504
-4032
-4645
-4825
-4325
-3508
-2521
-1370
280
2067
3567
4776
5776
6595
6824
6380
5567
4453
2984
1046
-990
-2687
-4298
-5887
-7301
-8016
-8070
-8070
-7884
-7085
-5549
-3995
-2895
-1479
556
2515
3746
4663
6172
7622
8199
8229
8487
8876
8221
6765
5494
4390
2698
154
-2091
-3706
-5442
-7326
-8829
-9362
-9544
-9735
-9411
-8420
-6993
-5698
-4341
-2680
-933
586
1781
2920
3986
4802
5271
5524
5709
5833
5689
5252
4692
4154
3510
2546
1460
439
-482
-1585
-2631
-3342
-3730
-3977
-4159
-3704
-2810
-1714
-675
584
2284
3737
4733
5321
5991
6356
5814
4640
3401
2276
596
-1614
-3563
-4822
-5891
-7280
-8330
-8343
-7755
-7382
-7034
-5778
-3869
-2354
-1377
-17
2051
3724
4525
5234
6502
7657
7807
7531
7542
7552
6678
5064
3662
2437
802
-1427
-3427
-4771
-5953
-7231
-8202
-8258
-7800
-7368
-6842
-5701
-4017
-2557
-1453
-272
1184
2412
2994
3374
3860
4279
4201
3832
3710
3717
3495
2930
2535
2384
2124
1580
937
515
23
-604
-1251
-1735
-1949
-2175
-2205
-1952
-1323
-448
408
1447
2545
3691
4531
4988
5182
5003
4421
3313
1936
385
-1311
-3114
-4759
-6108
-7203
-7966
-8317
-8112
-7632
-6909
-5875
-4572
-3143
-1877
-589
780
2060
3160
4057
4946
5802
6423
6802
6951
6921
6659
6013
5032
3763
2327
713
-1096
-2910
-4535
-5837
-6945
-7794
-8102
-7796
-7132
-6322
-5210
-3630
-1945
-561
685
1947
3124
3741
3941
4130
4257
4117
3583
3181
3029
2816
2437
2056
1991
1934
1589
1144
780
498
-31
-719
-1248
-1532
-1686
-1848
-1693
-1175
-431
391
1294
2377
3295
3912
4229
4319
4036
3145
1964
663
-787
-2496
-4168
-5326
-6197
-7009
-7532
-7316
-6486
-5728
-5046
-3909
-2290
-851
40
911
2193
3357
3903
4170
4822
5639
5801
5463
5333
5498
5148
3979
2767
1880
802
-918
-2729
-3997
-4972
-6101
-7133
-7429
-7085
-6613
-6072
-5067
-3526
-1993
-759
450
1755
2870
3455
3694
3920
4019
3823
3378
2963
2662
2355
2019
1717
1514
1347
1135
864
538
214
-136
-527
-973
-1393
-1592
-1556
-1382
-1115
-622
210
1161
2000
2769
3477
4035
4176
3835
3192
2334
1224
-213
-1739
-3155
-4303
-5288
-6038
-6337
-6219
-5732
-5093
-4219
-3093
-1875
-756
155
1006
1873
2599
2999
3221
3507
3879
4060
3989
3905
3914
3802
3334
2647
1938
1162
117
-1142
-2358
-3407
-4371
-5275
-5928
-6166
-6019
-5623
-4995
-4085
-2862
-1558
-332
802
1864
2816
3429
3753
3867
3863
3688
3291
2780
2311
1960
1567
1135
722
478
317
33
-319
-680
-959
-1234
-1568
-1850
-1947
-1752
-1376
-885
-168
814
1971
2988
3802
4544
5094
5202
4668
3773
2805
1545
-131
-1966
-3485
-4627
-5684
-6538
-6847
-6560
-6027
-5416
-4505
-3238
-1983
-984
-72
898
1773
2343
2751
3190
3604
3852
3978
4118
4232
4160
3866
3409
2801
2000
997
-149
-1400
-2666
-3825
-4802
-5577
-6093
-6251
-6021
-5481
-4705
-3660
-2401
-1117
69
1180
2244
3087
3589
3864
4037
4059
3811
3441
3130
2830
2458
2015
1703
1513
1225
821
390
51
-314
-843
-1343
-1672
-1844
-1901
-1820
-1425
-780
-45
764
1642
2539
3207
3539
3601
3415
2903
2010
882
-325
-1586
-2873
-3993
-4802
-5321
-5615
-5588
-5150
-4483
-3734
-2909
-1912
-888
-68
595
1240
1911
2443
2782
3075
3411
3739
3916
3926
3869
3710
3352
2711
1875
951
-101
-1292
-2519
-3602
-4499
-5223
-5705
-5843
-5596
-5077
-4347
-3388
-2250
-1039
94
1128
2059
2829
3415
3782
3964
3968
3836
3652
3422
3111
2715
2347
2047
1701
1268
844
469
39
-488
-971
-1298
-1553
-1797
-1897
-1712
-1319
-863
-331
355
1094
1695
2113
2389
2498
2332
1877
1214
442
-412
-1351
-2268
-3066
-3660
-4057
-4262
-4211
-3939
-3491
-2913
-2209
-1448
-772
-137
543
1182
1604
1876
2222
2608
2795
2770
2767
2849
2743
2331
1837
1398
849
-24
-990
-1764
-2441
-3257
-4085
-4504
-4535
-4503
-4425
-3964
-3061
-2130
-1338
-413
712
1711
2357
2879
3470
3874
3910
3759
3676
3547
3163
2702
2372
2092
1669
1202
908
676
309
-92
-329
-494
-757
-1025
-1095
-1045
-1053
-1029
-787
-413
-156
-1
242
554
702
599
418
224
-81
-545
-1060
-1555
-2035
-2450
-2732
-2875
-2921
-2842
-2559
-2074
-1526
-996
-410
273
947
1491
1929
2334
2681
2908
3027
3055
2981
2826
2583
2244
1811
1293
688
-31
-786
-1509
-2234
-3000
-3694
-4176
-4424
-4532
-4511
-4213
-3632
-2900
-2128
-1279
-314
619
1400
2039
2630
3112
3353
3391
3379
3348
3143
2798
2479
2239
1929
1503
1130
870
621
262
-76
-297
-451
-609
-749
-781
-727
-622
-499
-335
-108
117
234
233
221
198
11
-405
-884
-1271
-1653
-2169
-2693
-2989
-3080
-3118
-3074
-2773
-2244
-1677
-1076
-311
547
1289
1879
2469
3049
3406
3526
3581
3614
3471
3137
2758
2397
1925
1311
688
96
-556
-1302
-1989
-2569
-3109
-3600
-3923
-4032
-3999
-3815
-3410
-2813
-2147
-1440
-650
158
860
1421
1902
2280
2461
2468
2402
2282
2071
1783
1499
1255
1017
813
668
556
470
404
360
312
287
323
350
308
260
308
416
419
328
283
289
212
-21
-297
-551
-867
-1282
-1708
-2074
-2408
-2709
-2912
-2988
-2935
-2755
-2428
-1976
-1419
-772
-87
602
1291
1945
2475
2858
3160
3390
3441
3305
3122
2925
2594
2111
1614
1175
679
61
-552
-1058
-1516
-2023
-2512
-2841
-3014
-3133
-3215
-3134
-2856
-2496
-2132
-1685
-1140
-583
-74
397
842
1223
1515
1709
1818
1867
1869
1787
1632
1471
1341
1194
1013
847
735
660
577
499
445
401
351
304
273
222
145
76
25
-41
-138
-232
-318
-401
-487
-580
-683
-783
-861
-933
-1014
-1073
-1084
-1066
-1033
-977
-865
-691
-474
-253
-40
208
493
749
937
1084
1234
1353
1371
1307
1227
1129
951
688
410
134
-191
-560
-894
-1188
-1491
-1785
-1985
-2085
-2142
-2153
-2067
-1868
-1609
-1327
-1019
-647
-244
117
427
741
1046
1254
1368
1466
1550
1537
1428
1334
1272
1149
961
803
727
653
523
422
407
422
383
324
325
357
329
254
200
187
143
39
-48
-94
-152
-257
-357
-409
-467
-567
-649
-672
-671
-708
-739
-677
-581
-519
-460
-328
-142
-6
106
273
466
599
657
724
810
820
729
626
544
399
158
-81
-251
-458
-752
-1031
-1190
-1302
-1482
-1649
-1696
-1637
-1570
-1518
-1389
-1161
-897
-664
-434
-129
221
515
723
941
1206
1411
1502
1552
1645
1718
1681
1581
1522
1488
1375
1201
1047
932
783
561
358
199
34
-200
-428
-574
-683
-820
-970
-1023
-1013
-1008
-984
-895
-770
-674
-569
-408
-219
-90
-24
67
190
271
276
272
300
304
245
188
191
185
115
51
45
42
-31
-123
-179
-232
-331
-468
-570
-636
-726
-832
-909
-945
-968
-1008
-1017
-985
-938
-892
-829
-713
-590
-464
-319
-136
82
289
500
728
971
1209
1418
1610
1786
1935
2048
2115
2143
2131
2067
1954
1795
1598
1359
1092
785
453
114
-222
-549
-854
-1113
-1328
-1498
-1601
-1626
-1607
-1541
-1432
-1263
-1054
-846
-629
-414
-203
-6
163
302
392
436
444
426
380
310
211
96
-14
-116
-205
-301
-385
-444
-488
-521
-557
-560
-550
-545
-542
-542
-519
-501
-503
-523
-528
-505
-520
-550
-561
-559
-572
-606
-614
-587
-557
-516
-451
-340
-182
-17
156
355
596
856
1086
1296
1511
1722
1891
2013
2110
2161
2152
2073
1965
1812
1584
1307
1003
690
338
-26
-369
-674
-941
-1177
-1360
-1475
-1516
-1509
-1446
-1326
-1160
-967
-760
-519
-278
-60
127
280
430
529
563
547
519
481
390
256
115
1
-112
-248
-375
-478
-551
-622
-688
-729
-729
-707
-709
-703
-665
-609
-569
-558
-530
-484
-449
-444
-436
-413
-397
-418
-446
-435
-413
-410
-425
-379
-280
-183
-112
-10
170
338
466
608
795
962
1051
1141
1258
1345
1349
1325
1309
1258
1158
1013
872
723
533
323
109
-72
-240
-409
-534
-614
-666
-685
-649
-566
-473
-370
-218
-25
134
257
385
542
657
698
725
760
757
689
608
544
467
340
207
111
16
-109
-254
-342
-392
-480
-577
-623
-620
-630
-680
-707
-681
-652
-654
-677
-666
-644
-661
-691
-690
-671
-716
-772
-771
-738
-740
-749
-698
-617
-562
-497
-369
-236
-144
-67
83
234
299
356
480
610
643
623
672
743
709
622
577
567
486
368
306
286
203
84
48
81
52
-20
-12
41
71
64
154
275
305
336
436
574
648
658
696
766
799
778
758
738
718
649
540
463
383
280
159
80
-17
-131
-222
-314
-389
-480
-520
-551
-614
-630
-610
-604
-635
-628
-562
-560
-601
-585
-556
-582
-634
-630
-628
-649
-687
-712
-700
-697
-680
-657
-612
-527
-441
-351
-265
-153
-39
68
186
300
384
440
521
588
611
580
589
596
551
456
364
350
280
175
97
77
41
-28
-16
25
60
54
77
160
247
338
402
491
571
636
723
774
823
819
769
751
728
647
532
421
315
214
75
-42
-174
-307
-365
-442
-512
-563
-588
-605
-613
-560
-515
-498
-467
-371
-297
-298
-258
-160
-129
-185
-217
-172
-180
-291
-361
-367
-390
-479
-573
-539
-503
-542
-578
-492
-356
-330
-288
-169
-10
56
84
185
295
341
344
384
439
447
410
391
395
359
274
219
215
204
113
40
62
77
33
-29
12
89
78
39
92
202
234
220
255
306
312
292
301
312
268
201
159
137
100
50
-7
-71
-119
-146
-172
-224
-268
-272
-261
-267
-251
-206
-186
-182
-140
-81
-64
-49
-4
24
14
14
38
32
-20
-49
-36
-57
-121
-150
-137
-143
-188
-212
-183
-172
-172
-152
-109
-69
-50
-13
35
70
82
98
132
153
147
131
126
135
133
101
72
75
80
48
18
37
63
48
35
62
81
73
85
123
126
94
99
130
130
85
60
73
63
18
-11
-25
-59
-102
-115
-112
-146
-190
-200
-170
-156
-168
-158
-119
-82
-79
-52
7
53
67
90
134
158
159
153
147
141
123
99
80
54
20
0
-32
-72
-101
-121
-141
-172
-183
-182
-182
-174
-160
-139
-118
-94
-63
-42
-33
-18
12
29
30
33
40
45
35
38
47
49
53
44
44
54
75
79
64
68
87
99
97
93
84
84
90
89
61
31
43
41
0
-38
-52
-53
-73
-98
-112
-125
-128
-133
-130
-120
-95
-80
-73
-45
-9
20
25
54
100
120
122
130
156
161
145
126
131
142
113
82
72
68
40
4
-1
-4
-25
-56
-60
-49
-63
-83
-72
-54
-57
-78
-83
-73
-79
-91
-84
-64
-72
-94
-77
-38
-28
-61
-76
-43
-34
-38
-31
-12
-3
7
53
83
79
68
95
113
106
105
113
105
73
74
95
85
44
9
-2
0
-14
-18
-33
-56
-61
-41
-20
-45
-65
-51
-7
18
21
11
11
50
70
55
54
90
96
68
55
71
50
-4
-28
-32
-54
-94
-109
-101
-101
-119
-137
-135
-129
-128
-117
-103
-100
-79
-35
-24
-48
-46
15
48
24
11
49
93
57
19
27
38
9
-35
-21
12
-10
-51
-50
-21
-37
-68
-42
5
6
-21
8
53
60
46
71
118
113
72
100
150
149
112
98
105
70
54
53
26
-20
-40
-31
-40
-59
-43
-16
-39
-56
-24
37
34
-2
24
87
115
64
53
68
49
-1
-32
-25
-51
-115
-149
-114
-121
-185
-234
-196
-173
-218
-244
-213
-154
-142
-133
-111
-68
-19
0
11
34
85
105
88
95
136
146
109
91
94
81
32
-8
0
7
-30
-68
-74
-51
-47
-75
-58
-33
-17
-10
17
59
70
84
113
150
157
123
101
131
138
93
54
73
93
38
-4
-3
24
0
-24
5
9
-1
9
53
72
52
48
86
123
104
73
69
78
38
-32
-50
-45
-78
-146
-170
-168
-181
-208
-210
-189
-193
-198
-190
-143
-92
-77
-65
-29
25
51
48
57
96
122
120
111
112
119
101
79
53
26
1
-20
-9
-24
-53
-77
-63
-41
-51
-60
-48
-15
6
9
12
27
50
50
47
56
54
50
48
51
49
39
28
9
6
3
-4
-2
-1
3
-2
0
3
0
-8
8
23
15
1
-8
4
0
-8
-12
-14
-5
-15
-28
-32
-23
-26
-40
-35
-11
2
-10
-15
-3
5
4
0
-3
0
5
7
5
3
0
-1
0
4
10
2
-6
-1
10
7
-3
-3
8
8
-3
-5
6
17
2
-10
-4
7
6
-3
0
-13
-18
-5
15
4
-26
-24
-2
1
-22
-25
-18
-4
-11
-19
-4
5
1
-17
-15
10
12
-4
-8
10
19
4
-11
-14
-11
-20
-32
-29
-24
-27
-32
-24
-14
-21
-21
-24
-25
-18
-8
-4
-3
8
2
2
6
19
22
13
14
25
37
23
2
10
39
31
-8
-22
1
12
-8
-15
1
5
-5
-8
9
10
-6
-11
4
14
-7
-12
2
2
-6
-4
5
5
-13
-19
-12
-8
-13
-23
-21
-11
-11
-20
-14
5
15
-17
-26
3
20
6
-25
-8
28
24
-2
-2
16
17
-7
-25
1
19
5
-15
-16
4
-16
-28
-18
0
-11
-48
-30
-13
-26
-55
-58
-32
-26
-14
-7
-13
-11
-8
-7
-13
-12
8
26
19
-2
4
35
36
24
45
53
28
-1
10
50
22
-38
-29
19
33
17
-10
4
10
-46
-19
13
-23
-88
-41
78
47
-58
-77
60
104
-16
-82
-15
92
55
-30
-30
36
60
6
-5
43
54
-5
-45
18
74
39
1
-2
34
21
8
4
27
27
-37
-71
-42
52
55
-2
-37
1
21
-20
-3
27
-6
-30
1
29
-2
-73
-20
36
13
-51
-57
23
14
-13
-19
25
61
-14
-33
24
56
30
-24
17
74
33
-21
11
39
-2
-27
8
33
-3
-31
-40
-37
-58
-75
-24
-1
-33
-68
-26
45
8
-49
-24
85
67
-33
5
85
101
48
44
79
47
-6
37
63
-23
-73
31
98
-6
-114
-77
49
-3
-96
-88
-12
36
-30
-3
55
33
-4
9
41
38
13
35
77
35
-29
-37
54
61
-68
-90
-4
36
-56
-112
-32
-12
-22
-35
-33
-52
-78
-14
38
0
-67
8
126
96
-23
-34
35
60
9
-28
15
34
36
15
1
11
-16
-34
-15
-19
-11
1
-15
-20
-50
-8
40
13
-7
2
23
19
-2
-5
35
47
15
-18
2
35
15
-13
-29
-9
-7
-16
-12
-2
-13
-38
3
11
-17
-39
-18
4
-3
3
21
31
27
27
11
4
-3
2
-7
-24
-9
32
34
2
-16
-30
-9
22
15
-4
-10
8
25
6
2
8
6
0
-1
-3
-24
-11
-1
-22
-13
-10
-24
-34
-19
2
7
7
-7
4
14
20
33
24
13
5
20
39
19
-2
1
18
10
-6
0
-3
-14
-27
-28
-15
-21
-24
-29
-28
-30
-30
-22
-19
-23
-23
-9
-11
-11
0
8
1
-11
-1
14
11
-1
6
23
27
16
8
13
26
30
15
14
23
18
0
-4
16
11
-2
-12
-3
3
-5
-9
2
5
-5
2
-2
2
3
3
17
10
5
9
16
25
17
0
5
21
15
-3
-18
3
12
-9
-21
-19
-6
0
-7
-10
-17
-17
-5
2
15
7
-1
8
13
22
31
15
-2
-4
-11
9
13
6
-1
-14
-6
-18
-37
-49
-41
-25
-31
-33
-20
-17
-19
-25
-20
-5
5
8
7
20
31
29
36
55
51
43
51
62
60
38
39
48
41
20
13
21
19
22
8
-17
-16
-3
6
-4
-32
-18
-3
-3
3
-9
-5
-1
9
16
6
-1
3
8
9
11
-4
-7
5
8
0
-7
-5
2
5
-6
-20
-16
3
4
-9
-2
5
3
9
12
16
7
13
20
10
12
9
16
10
-3
-12
-7
-10
-25
-22
-14
-6
-21
-25
-13
-16
-21
-29
-4
8
-6
-3
3
22
16
1
6
16
23
9
-1
4
12
11
4
-2
0
-5
-6
-6
-4
-2
2
4
-6
-7
-5
-9
-13
-5
1
1
-6
1
-1
-10
-13
-13
-8
-7
-13
-21
-21
-17
-18
-25
-20
-15
-22
-19
-7
0
-12
-11
4
11
10
4
10
18
23
19
17
14
18
23
17
15
10
10
6
-1
-2
-5
-8
-2
0
-5
-13
-12
-9
-15
-18
-16
-9
-12
-19
-16
-8
-4
-17
-21
-16
-12
-15
-21
-19
-11
-13
-25
-28
-15
-5
-8
-18
-15
-12
-14
-7
-3
1
0
4
10
7
9
16
11
7
7
8
21
16
7
4
6
7
1
-2
-5
-4
-5
0
0
-5
-4
0
-2
-9
-16
-11
-4
-4
-6
8
15
5
7
7
6
-2
3
24
21
9
6
13
17
15
6
0
10
8
2
-3
-2
-1
-10
-4
-2
-4
-13
-16
2
8
3
-9
1
11
10
9
7
8
4
-1
-1
1
-7
-20
-19
-23
-28
-31
-30
-22
-28
-31
-30
-24
-14
-15
-12
-6
2
9
12
17
23
27
26
27
33
25
20
22
15
9
3
4
5
-3
-11
-17
-20
-18
-21
-20
-17
-19
-17
-16
-7
2
0
0
0
10
14
6
3
6
18
22
12
4
3
15
14
3
1
4
4
0
0
-3
-4
-6
-9
-11
-4
-1
-5
-4
0
-3
-11
-9
-3
-5
-7
-3
0
-1
-2
1
0
-1
-5
-5
-1
0
-3
0
6
7
5
2
8
12
9
10
15
21
21
21
17
11
6
6
15
13
4
-6
-10
-8
-10
-14
-16
-9
-6
-11
-19
-15
-12
-19
-15
-11
-2
0
-4
0
0
0
1
2
0
1
-1
3
4
-3
-7
-10
-3
-5
-11
-15
-12
-9
-9
-8
-6
-3
-5
0
-1
0
3
5
9
8
12
11
7
4
8
14
5
-5
-8
-3
2
-3
-12
-14
-14
-7
-11
-20
-12
-6
-8
-11
-8
-3
0
1
-1
4
6
9
4
2
3
5
1
-1
2
-2
-4
-2
1
5
-2
-7
-9
-6
-7
-10
-10
-12
-13
-18
-10
-4
-4
-4
-11
-13
-5
0
-2
0
2
4
5
5
6
0
1
2
4
-2
-8
-8
-9
-7
-14
-18
-13
-10
-8
-7
-2
1
2
0
1
5
11
10
8
15
20
15
10
13
16
10
1
-2
0
-2
-8
-12
-12
-8
-2
-3
-8
-6
1
-1
1
16
26
22
18
26
30
21
16
21
25
13
0
0
-3
-12
-13
-10
-8
-13
-20
-23
-18
-9
-5
-3
0
9
14
17
16
18
32
31
31
24
23
22
13
9
1
-4
-12
-11
-5
-13
-23
-19
-7
-7
-8
-9
0
7
11
19
20
25
29
37
28
18
16
16
19
9
0
-5
-5
-10
-22
-29
-29
-23
-22
-18
-14
-10
-2
3
2
0
10
21
23
21
11
11
17
13
7
0
-12
-16
-8
-3
-13
-29
-26
-13
-7
-2
2
17
20
16
25
35
45
41
32
41
46
37
32
23
20
16
2
-8
-16
-20
-27
-33
-34
-36
-40
-45
-45
-41
-35
-28
-17
-8
1
7
11
9
8
16
24
22
16
16
18
18
10
1
-1
-1
-11
-17
-20
-20
-21
-28
-22
-14
-14
-10
