SAMPLES:	12306
BITSPERSAMPLE:	16
CHANNELS:	1
SAMPLERATE:	16000
NORMALIZED:	FALSE
0
0
0
0
0
0
0
-1
0
0
0
0
-1
0
1
-1
0
-1
0
0
0
0
0
0
0
0
0
0
0
0
1
0
1
0
0
1
1
0
0
-1
1
0
-1
0
0
-1
0
0
0
0
-1
0
0
0
0
1
0
0
0
1
0
0
1
0
0
0
0
0
0
0
-1
1
1
0
0
0
1
-1
0
0
0
-1
0
0
0
-1
0
1
0
-1
0
0
-1
-2
0
1
0
0
0
-1
-1
0
0
1
0
0
0
0
0
0
0
-1
-1
0
1
0
0
0
0
0
-1
0
0
0
2
0
0
0
1
1
-2
0
1
1
0
0
0
-1
0
0
-2
0
0
0
0
-1
-1
0
0
0
-2
0
0
0
1
0
0
0
0
0
0
0
-1
0
-1
0
0
0
0
0
1
0
0
0
0
-1
1
0
-1
0
0
0
0
1
-1
1
0
0
0
-1
0
0
0
0
0
0
1
1
1
1
0
0
0
1
1
0
0
0
0
1
1
0
-1
0
1
0
0
-1
-2
-1
0
0
0
0
-1
0
1
-1
-1
0
0
1
1
0
0
0
0
0
0
-1
0
1
-1
0
0
0
0
0
0
0
0
0
0
-1
0
0
0
0
0
-1
-1
0
-1
-1
0
0
0
1
0
0
0
1
1
0
1
0
-1
-1
0
-1
-1
0
0
0
-1
-1
-1
1
-1
0
0
0
0
0
0
0
0
0
0
1
0
0
-1
1
1
0
-1
0
0
0
0
0
0
0
1
0
0
0
0
-1
0
-1
-1
-1
-1
0
0
1
0
0
1
0
0
0
1
0
1
0
0
0
0
1
-1
0
0
0
1
0
-1
0
0
0
0
0
-1
0
0
0
0
1
0
0
1
0
0
0
1
0
0
-1
-1
0
1
0
0
0
0
0
0
0
1
0
0
0
0
-1
0
0
-1
-1
0
-1
0
0
0
1
1
0
0
0
-1
1
0
1
0
0
1
0
1
0
0
1
1
0
0
0
0
0
-1
0
0
0
1
0
0
1
1
1
1
1
1
1
3
1
0
0
0
1
0
0
0
0
0
-1
0
0
0
1
1
0
0
-1
-1
0
1
0
0
-2
0
0
0
0
0
-1
-1
-1
0
0
-1
-1
0
0
0
-2
-1
-1
-1
-2
-1
-2
-1
0
0
0
0
-1
0
-1
-1
0
0
1
1
1
2
2
3
2
2
0
2
2
2
1
1
1
0
0
0
0
0
-1
-1
-1
0
0
0
0
1
0
-1
0
0
1
2
1
0
-1
1
2
1
1
1
1
0
0
0
0
0
-1
-1
0
0
-1
-2
-2
-2
-1
0
-1
-2
-2
-1
-1
-1
-1
-1
0
1
1
0
0
1
3
0
0
1
1
2
2
0
1
0
1
1
0
0
0
0
1
-1
-1
-1
0
0
-1
-1
0
0
0
0
1
0
-1
-1
1
0
0
1
0
-1
0
0
0
0
0
1
0
0
0
0
0
0
0
0
0
0
1
0
0
0
0
0
0
0
0
1
0
0
0
0
0
-1
0
0
1
0
0
0
-1
0
0
-1
0
0
0
0
0
0
0
-1
-1
-1
-1
-1
0
0
0
-1
0
-1
0
0
1
1
2
1
3
2
2
2
1
2
1
1
1
1
1
0
1
0
0
-1
0
-1
-1
1
-1
-2
-2
-2
0
0
-1
-1
0
0
-2
0
-1
0
-1
-1
0
0
0
1
1
0
0
0
0
2
1
-1
-1
0
0
0
0
0
0
0
-1
0
-1
-1
0
0
0
0
0
1
0
0
0
0
0
0
0
0
1
1
1
0
1
2
1
1
0
0
0
0
0
0
-1
-1
-1
-2
-2
-3
-2
-1
-2
-2
-2
-3
-1
0
0
1
0
1
0
-1
0
2
1
1
0
1
1
1
1
1
0
0
0
1
0
0
0
0
0
1
-1
0
0
0
0
1
0
0
0
0
0
-1
0
0
0
0
0
0
0
0
0
-1
0
0
0
0
0
0
0
0
0
0
1
0
1
0
0
1
0
0
1
0
0
1
0
0
1
0
0
0
0
0
0
0
0
0
0
0
1
0
0
-1
0
0
-1
0
-1
0
0
1
1
0
0
0
-1
0
0
0
0
0
0
1
0
0
-1
0
0
0
0
-1
0
1
0
0
0
0
0
-1
0
0
0
0
0
0
0
1
0
0
0
0
0
-1
0
0
0
0
0
1
0
0
0
0
0
0
0
1
0
-1
0
-1
1
0
0
0
0
-1
0
-1
0
0
0
0
-1
1
0
0
0
1
0
-1
0
1
1
0
-1
0
0
0
0
0
0
0
0
-1
0
0
0
0
1
-1
0
0
-1
0
0
0
0
0
1
1
0
0
0
-1
-1
0
0
0
1
0
0
0
0
0
0
1
0
0
-1
0
0
1
0
0
0
0
0
1
0
0
-1
0
0
0
0
0
0
0
0
1
0
0
0
0
0
0
0
0
1
0
0
0
0
0
0
-1
0
-1
0
0
1
0
0
1
0
0
-1
1
-1
0
-1
0
0
0
0
0
0
0
0
-1
1
1
0
0
0
0
0
0
0
0
0
-1
0
1
1
1
0
0
0
1
0
0
0
0
0
0
0
0
0
0
1
0
0
0
-1
0
1
-1
0
0
0
-1
0
0
0
-1
0
-1
1
-1
1
0
0
0
0
0
1
0
1
0
0
0
0
0
0
0
0
0
0
0
1
0
0
-1
0
0
0
0
0
0
0
0
0
0
-1
0
0
1
0
0
-1
0
0
0
0
0
0
0
0
-1
0
1
0
0
0
0
1
0
0
0
0
0
-1
0
0
0
1
0
1
2
2
2
3
3
3
3
4
4
5
5
5
5
5
4
6
6
5
6
7
8
7
7
8
8
8
9
9
11
11
9
10
10
12
11
10
9
8
8
7
6
5
3
2
0
-2
-3
-5
-8
-10
-13
-17
-19
-22
-25
-27
-31
-34
-36
-37
-42
-44
-45
-45
-46
-48
-48
-48
-46
-44
-43
-43
-40
-36
-33
-29
-26
-23
-17
-13
-7
-4
-1
2
7
10
14
18
22
27
27
30
32
37
40
42
45
47
51
52
56
57
60
62
64
67
67
68
68
70
68
69
68
64
64
60
57
53
52
47
42
37
32
25
21
17
10
5
-1
-7
-11
-18
-23
-29
-34
-41
-47
-51
-57
-63
-68
-74
-77
-81
-85
-88
-91
-94
-96
-96
-99
-99
-99
-98
-98
-96
-94
-90
-87
-84
-79
-75
-68
-63
-58
-53
-44
-38
-30
-22
-16
-8
-1
6
14
21
29
36
42
49
56
62
67
73
75
81
86
90
94
98
102
106
108
110
114
117
119
118
120
121
123
121
119
116
113
112
108
101
94
86
79
70
62
51
40
29
17
7
-4
-16
-28
-40
-51
-62
-74
-85
-95
-104
-113
-122
-129
-134
-139
-143
-147
-150
-153
-154
-153
-150
-147
-142
-137
-133
-126
-118
-111
-102
-93
-83
-72
-59
-49
-38
-27
-16
-5
6
15
24
33
41
49
57
64
68
73
78
81
84
87
87
89
90
91
89
88
88
85
82
79
77
75
73
69
65
60
57
54
51
47
43
38
33
29
24
20
16
12
7
2
-2
-5
-9
-12
-16
-18
-21
-24
-27
-29
-30
-31
-34
-35
-35
-35
-35
-36
-36
-35
-34
-35
-33
-32
-30
-29
-26
-26
-25
-22
-20
-17
-15
-14
-13
-11
-10
-8
-8
-6
-4
-3
-3
-3
-2
-1
-1
-1
0
0
1
1
2
1
2
2
4
5
5
5
6
5
6
7
7
7
7
7
6
6
6
4
6
4
3
3
3
2
1
1
0
1
0
1
0
0
0
-1
0
-1
0
1
0
0
0
0
0
0
1
0
0
0
0
0
0
-1
-1
-1
-1
0
0
-1
-1
0
1
0
1
1
-1
0
0
0
0
2
1
1
1
1
2
2
3
2
3
3
3
3
3
3
4
4
4
3
4
2
3
2
1
2
2
1
0
0
0
0
0
0
-1
-1
-2
-1
-1
-2
-2
-3
-3
-1
-2
-3
-3
-2
-1
-2
-2
-2
-2
-2
-1
-2
-1
0
0
0
0
0
0
0
0
-1
1
0
0
0
1
0
1
0
1
1
0
0
0
1
0
0
1
0
1
1
1
0
0
0
0
-1
1
0
1
0
1
1
0
1
0
1
1
1
1
0
0
0
1
1
1
0
0
0
0
0
0
0
0
1
0
0
1
0
0
-1
0
-1
1
0
1
-1
-1
0
0
1
-1
0
0
0
0
0
0
0
0
0
-1
0
0
0
0
-1
0
0
0
-1
1
0
0
0
0
0
0
-1
-1
0
0
1
0
-1
0
0
1
0
0
1
1
1
1
2
2
2
1
2
0
2
2
0
0
0
0
1
0
0
0
0
0
0
-1
0
0
0
0
-1
0
1
0
-2
-2
-1
0
0
0
-2
0
-1
0
-2
-1
0
0
0
-2
0
0
0
0
0
0
0
0
0
1
0
0
0
1
1
1
0
0
0
0
0
0
0
0
-1
0
0
0
1
0
0
0
0
-1
0
-1
0
1
0
0
1
0
0
0
0
0
-1
-1
0
0
0
0
-1
1
-1
0
0
-1
0
0
0
0
-1
0
0
0
0
0
1
1
-1
-1
0
0
0
-1
-1
0
0
0
-1
0
0
-1
0
0
-1
-1
0
0
-2
-2
-1
0
0
-1
-1
1
0
0
0
0
0
0
-1
0
0
0
0
1
1
0
0
0
1
1
0
0
0
1
0
0
0
0
0
0
0
-1
-1
0
0
0
1
0
-1
0
0
-1
0
0
0
-1
1
1
2
0
0
0
0
1
0
1
0
0
0
0
1
0
0
0
1
1
0
0
0
0
0
0
1
0
1
0
0
0
1
0
0
0
-1
1
1
0
-1
0
0
0
0
0
0
0
0
0
0
0
1
0
1
0
0
0
0
0
-1
0
1
0
0
-1
0
-1
0
0
-1
0
0
0
0
0
-1
0
0
0
-1
0
0
0
0
0
0
0
0
0
0
0
0
0
0
0
0
0
0
0
0
0
0
0
-1
0
0
0
0
0
0
0
-1
0
0
0
0
0
0
0
0
0
0
0
0
0
0
0
0
0
0
0
0
0
0
1
-1
0
0
0
0
0
0
0
1
0
0
0
0
0
-1
0
0
0
0
0
0
0
0
0
0
-1
-1
-1
-1
0
-1
0
0
0
0
0
0
-1
-1
0
-1
0
0
0
-1
0
0
0
0
0
0
0
1
0
0
0
0
0
0
0
0
0
0
1
1
0
0
0
0
0
0
0
0
0
0
0
1
0
0
0
0
0
1
1
0
0
0
0
0
-1
0
0
0
0
0
0
1
0
0
1
0
0
0
1
0
0
1
0
1
1
0
0
0
0
0
0
0
0
0
0
1
0
1
1
-1
0
0
0
0
0
0
0
1
0
0
0
1
0
0
1
0
0
0
1
0
0
0
-1
0
0
1
0
0
0
0
0
0
-1
1
0
0
0
-1
-1
0
0
0
0
0
0
0
0
0
0
-1
0
1
0
0
0
0
0
0
0
-1
0
1
0
0
0
0
-1
0
-1
-1
0
0
0
0
1
0
0
0
0
0
0
0
0
1
1
0
1
-1
0
0
0
0
0
0
0
0
0
0
0
0
0
0
0
0
0
1
1
1
0
0
0
0
0
0
0
0
-1
1
0
1
0
0
1
0
0
0
0
0
1
-1
0
0
0
0
0
1
0
0
0
0
0
0
0
1
-1
-1
-1
-1
-1
-1
-1
-1
-1
-1
-1
-2
-2
-1
0
0
-1
0
-1
0
0
0
0
0
1
2
0
0
0
1
1
1
0
1
1
1
0
0
-1
0
1
1
0
-1
0
0
0
0
0
0
0
0
0
0
0
0
0
0
-1
0
0
0
0
0
-1
0
0
-1
0
0
-1
-1
-1
-1
-1
-1
-1
-1
-2
0
0
0
0
0
0
0
0
0
0
1
0
1
1
-1
0
0
1
0
0
0
0
1
0
0
0
0
0
0
0
0
0
0
1
0
0
0
1
1
0
0
0
-1
1
1
0
0
0
0
0
0
0
1
0
0
0
1
0
0
0
0
0
-1
-1
-1
0
-1
0
0
0
0
-1
0
-1
-1
-2
-1
0
0
1
-1
0
0
1
1
0
0
0
0
0
1
0
1
0
0
0
0
0
0
1
-1
0
1
-1
0
0
0
0
0
0
0
0
0
0
0
0
0
-1
0
0
1
0
0
-1
1
0
0
0
0
0
-1
0
0
0
0
0
0
0
0
-1
-1
0
0
0
0
0
1
0
0
0
0
0
-1
0
0
-1
-1
0
1
0
0
0
1
0
1
0
0
1
-1
1
0
-1
0
-1
-1
0
0
0
-1
0
-1
1
1
0
-1
0
0
0
0
1
0
0
0
0
0
0
1
0
1
-1
-1
0
1
1
0
1
0
0
0
1
1
0
0
0
0
0
1
1
0
-1
1
1
1
1
0
0
0
0
1
0
0
-1
0
0
0
-1
-2
-1
0
1
0
-1
0
0
0
0
0
0
-1
-1
0
0
-1
0
0
1
-1
-1
0
1
0
-1
0
1
0
0
-1
0
0
0
1
0
-2
-2
0
1
0
-2
0
1
1
0
-1
1
0
0
0
0
0
0
1
2
0
-1
1
2
0
0
0
0
0
0
0
0
1
2
-2
-4
-1
3
0
-2
-1
0
-1
-1
0
1
-2
-2
0
1
-1
-1
0
0
0
0
0
1
0
-1
1
1
1
0
1
0
0
0
0
2
0
-1
0
1
1
0
0
0
0
0
-1
1
0
-1
1
0
0
-1
0
0
0
0
1
0
0
0
0
0
1
0
-1
0
0
0
-1
0
0
-1
-1
0
0
-2
-1
1
-1
0
0
0
0
-1
0
2
1
-1
0
0
1
0
0
0
2
2
0
0
1
0
-1
0
3
-1
-2
0
0
1
-1
-2
-2
0
0
1
0
-1
-1
1
0
0
-2
0
0
1
0
1
0
0
0
0
0
1
0
1
0
-1
-2
0
1
-1
-1
1
-1
-1
0
1
0
-1
-1
0
0
1
-1
-1
-1
1
-1
-1
0
1
1
-1
0
-1
0
0
-1
-1
-1
0
0
0
2
1
0
1
1
1
1
3
3
1
1
2
3
2
0
2
1
1
0
0
0
0
0
0
-1
-1
-1
1
0
-1
-1
-1
0
0
0
0
0
0
0
-1
0
0
0
1
0
1
0
-1
0
0
0
0
-1
1
0
0
0
0
-1
-1
0
0
-1
-1
0
0
1
0
1
0
0
1
0
0
1
0
0
0
0
0
0
0
0
0
0
0
-1
1
1
0
0
-1
1
1
0
0
-1
1
-1
0
-1
0
0
0
0
0
-1
0
0
0
0
0
1
0
0
0
1
0
0
0
-1
1
2
0
0
0
0
0
0
0
0
-1
-1
0
0
0
0
0
0
0
0
0
1
0
0
0
-1
0
0
1
0
-1
0
-1
0
0
0
1
0
0
0
-1
-1
0
0
0
1
0
0
0
0
0
0
1
0
1
0
-1
0
1
0
0
-1
1
0
0
0
0
0
-1
0
0
0
1
0
1
1
0
-1
0
0
1
-1
-1
0
0
1
0
0
0
1
1
-1
-1
0
0
-1
-2
0
-1
0
-1
-1
0
-1
1
0
0
0
-1
0
0
0
0
1
0
2
-1
0
0
-1
0
-1
1
-1
-1
-1
0
1
-1
0
-1
1
-1
0
-1
0
1
2
2
-1
0
0
1
-1
-1
0
1
1
0
0
0
0
1
1
0
-1
1
0
1
2
0
2
0
1
2
0
4
0
1
2
-1
1
0
-2
1
-4
1
-1
-2
-1
-5
-2
-1
-3
0
-5
-4
-1
-3
1
-2
-1
1
-2
2
1
-2
3
-1
1
0
-2
2
1
2
3
-1
2
3
1
1
1
2
4
0
3
0
1
2
0
2
2
1
2
0
3
0
-1
3
1
2
0
0
2
1
0
2
0
0
2
1
1
-2
1
1
-1
2
-1
-1
0
0
0
-3
-1
3
0
2
-3
-1
0
-1
1
0
-2
2
-4
-1
0
-5
0
-6
0
-1
-5
1
-5
3
-2
-2
2
-3
4
-2
-1
2
-1
1
-5
-2
2
-4
0
-6
-8
-5
-11
2
-1
-3
2
-10
-1
-3
-5
5
-5
8
10
-4
12
3
10
7
-13
7
-8
5
14
-9
12
-13
12
16
-12
4
-19
15
22
7
4
2
6
26
8
25
17
21
29
29
36
27
6
19
7
32
3
-4
0
-4
-10
-47
-37
-27
-12
-51
-26
-32
-6
-11
-22
12
-3
24
37
29
64
-7
29
-13
34
49
15
54
-45
46
-26
-3
5
-93
5
-97
-19
-18
-80
36
-36
34
20
-44
63
-18
36
-9
-25
73
66
75
28
-7
11
18
-52
-19
-87
-68
-82
-154
-30
-99
-53
-97
-150
-59
-126
-40
-24
-51
11
-53
24
24
53
67
38
37
58
90
119
84
76
15
-36
-48
-43
62
37
-22
-59
-96
-46
-14
-47
22
-111
-16
-73
-89
-29
-78
8
-67
-42
-19
8
-18
9
-31
34
14
-50
19
-44
80
43
-6
25
-60
63
11
76
113
85
155
5
109
52
120
147
59
175
54
149
90
36
52
41
93
126
67
85
130
53
184
120
178
139
-6
118
93
107
73
-109
33
-33
-48
-91
-134
-76
-118
-207
-154
-196
-95
-136
-177
-130
-197
-93
-119
-121
-61
-169
-88
-118
-115
-31
-131
-26
-45
-105
-104
-202
-95
4
-123
-74
-192
-90
-39
-114
2
-71
-23
12
-72
82
24
37
63
34
131
33
-59
79
41
101
-74
-76
119
131
219
131
138
255
200
221
258
318
519
373
408
348
363
429
368
622
750
680
450
164
303
458
409
334
159
136
-28
-136
-97
-181
-290
-463
-528
-545
-658
-719
-848
-929
-860
-724
-630
-811
-1036
-1116
-987
-610
-265
-362
-762
-993
-694
-406
-408
-439
-272
-64
-114
-80
5
14
-151
-146
158
372
548
391
380
133
-199
-288
-195
470
769
543
67
-517
-232
51
556
857
766
915
672
798
952
1366
1828
1759
1611
1504
1847
2352
2635
2414
1650
1030
766
1068
1305
1199
839
161
-435
-1042
-1304
-1457
-1468
-1447
-1478
-1682
-2277
-2876
-2803
-2177
-1543
-1687
-2053
-2022
-1792
-1712
-1794
-1305
-403
128
-248
-843
-792
64
754
588
103
-78
390
621
450
137
-49
-142
-365
-641
-562
-387
-304
-547
-808
-678
-360
-119
126
621
1113
1271
1039
1375
2365
3371
3687
3444
3714
4019
3941
3321
3255
4045
4762
4484
3061
571
-1246
-1050
1236
2318
-369
-4333
-6474
-6052
-5193
-4688
-3789
-4187
-6764
-9267
-8538
-4996
-2570
-2702
-3198
-3028
-2370
-1576
327
3189
4782
4366
3523
3786
5052
5950
6274
6647
6707
5784
3928
2270
2012
2492
2578
1499
-511
-2685
-4472
-5044
-4381
-3557
-3738
-5253
-6669
-7034
-6082
-4459
-3116
-2492
-2661
-2735
-2246
-985
583
2060
2983
3174
2981
2892
3163
3799
4551
4975
4411
3072
2033
1787
2028
1987
1864
1715
954
-281
-1160
-555
596
1111
703
520
701
9
-1709
-2546
-629
2577
3026
48
-3487
-4473
-3549
-2500
-1016
342
-462
-4165
-7195
-5718
-1701
922
798
56
-524
-1024
-737
1721
5016
6479
5672
4534
4507
5101
5476
5900
6519
6505
5093
2509
666
328
937
878
-479
-2336
-4296
-5980
-6976
-6714
-5417
-4821
-5967
-8019
-9191
-8349
-6315
-4286
-2932
-2963
-3804
-4442
-3355
-696
1572
2273
1828
1282
1416
1886
2777
3838
4209
3532
2033
1185
1545
2412
2734
2085
1385
672
306
588
1391
2448
2494
1601
941
639
1312
2255
3624
5206
4828
1827
-1914
-1997
2396
5850
4105
-688
-3736
-4115
-4144
-3351
-322
1256
-2331
-8051
-9044
-4463
-884
-910
-1293
-385
-293
-1885
-1652
2162
6051
6849
5486
4485
4688
5216
5794
6666
7167
6660
4821
2269
503
319
1067
997
-818
-3375
-5650
-7146
-7298
-6440
-5338
-5958
-8186
-9811
-10031
-8576
-6608
-4746
-3486
-4044
-4979
-4816
-2790
174
2243
3065
2902
2322
2269
2959
4322
5567
5680
4749
3243
2402
2375
2462
2325
1498
664
-338
-908
-708
-500
-265
-273
90
322
-329
-782
81
2045
4145
5418
4977
1858
-2046
-1434
4874
10039
7795
752
-3329
-2955
-2074
-873
2466
4437
-11
-8050
-10248
-4855
268
461
-1139
-1317
-1872
-3881
-3485
904
5014
5258
3229
2573
3286
3539
3901
5181
6492
6192
4001
1557
158
23
905
1496
559
-1933
-5180
-7226
-7088
-5430
-3809
-4433
-7034
-9628
-10450
-8588
-5942
-4153
-3828
-4903
-5476
-5211
-3242
-198
1976
2875
2364
2027
2359
2987
4641
6300
6850
5706
3643
2871
2928
2828
2568
2062
1408
-123
-2191
-2706
-2200
-1386
-1292
-1513
-730
-815
-1601
-2247
-1267
1517
2991
3728
4448
4775
2740
-1387
-1675
4806
11516
9732
636
-6083
-4473
-11
2048
3218
3667
56
-7929
-11704
-5052
3870
5053
-293
-3888
-2789
-1687
-922
2546
7102
7847
4184
1318
2755
5782
6992
6521
5723
5315
4137
1756
-330
-653
836
1436
-455
-3897
-6696
-8111
-7898
-6197
-4549
-5713
-9646
-12685
-11781
-8580
-5972
-4924
-5579
-7080
-8463
-6812
-2120
1540
2048
495
-347
582
2104
4573
6558
6752
5187
3366
2991
3339
3724
3856
2940
1300
-647
-2045
-2576
-2667
-2007
-1756
-2265
-3246
-3600
-2959
-2463
-915
678
2168
2198
1366
2226
4190
7258
9453
7850
3248
-152
3541
11061
12712
6159
-1050
-2399
-90
916
2723
5917
4349
-3557
-10006
-6042
2807
5275
1541
-1168
-767
-834
-1653
1448
6757
7671
3708
367
1295
4022
4737
4357
3952
2572
595
-1230
-1424
-1004
-1581
-2719
-3757
-4757
-6159
-8021
-8653
-7644
-6391
-6770
-8510
-9799
-9633
-8389
-6842
-4915
-4224
-5026
-6185
-5606
-2526
323
1579
1046
86
257
1084
2432
3508
4263
4183
2351
365
205
1691
2404
819
-773
-955
-1120
-2131
-3035
-2199
-951
-1518
-2559
-2178
-53
1811
2215
2596
3097
3538
3707
4569
6776
8805
9750
9650
7446
3614
1471
4784
12002
13248
5721
-2757
-4214
-142
1752
1735
3016
1923
-4703
-11225
-8528
276
3232
-1636
-5269
-4020
-2381
-3113
-1474
3288
4876
1361
-1266
726
4530
5103
4066
3879
3181
2118
1206
1689
2386
1332
-352
-1676
-2857
-3791
-4658
-5196
-5070
-5233
-5617
-6788
-8248
-9216
-8574
-6224
-4084
-3626
-5482
-7292
-6923
-4402
-1049
989
1041
20
-781
-677
498
2336
4398
5136
3901
1714
1008
1993
3009
3263
2666
1818
0
-1988
-1991
-352
735
-609
-2632
-3087
-2023
-755
210
1091
1911
1867
1546
1600
2547
4292
6119
7788
9204
7392
2834
-607
2287
10449
12691
6377
-1134
-2739
-545
-1304
-1202
3123
4349
-3595
-12806
-11112
-1824
1098
-4110
-6150
-3063
-2090
-5674
-6010
217
4164
2183
-348
948
3910
3557
2333
3552
5540
6536
5451
3341
1647
605
1196
2878
3307
1870
-1488
-4771
-5505
-3693
-1683
-1497
-3984
-7140
-9065
-8828
-5315
-2490
-2720
-5586
-7806
-6236
-3734
-1921
-779
-366
-135
-1062
-1221
406
2486
3720
3449
3071
3192
3014
2311
1472
1824
2572
2138
524
-1002
-1006
-800
-1338
-1728
-1144
-60
-465
-1595
-1452
-58
1707
1614
1621
2038
2434
3499
4644
7610
6569
1321
-2631
949
10270
12020
4453
-2948
-3150
265
-174
362
4168
4198
-4390
-12575
-9028
430
2441
-3156
-5638
-3167
-2835
-5597
-4714
1302
4237
1876
-797
94
2352
2752
3122
4240
4807
4541
3829
2721
1537
1186
2314
3082
1646
-461
-2195
-3617
-4398
-3297
-1111
-1373
-4957
-8531
-8430
-5598
-3001
-1999
-3365
-5311
-6626
-5216
-1589
945
2076
1216
33
-326
455
3373
5424
5405
3790
2172
2224
2264
2211
2382
2158
904
-1182
-2877
-2632
-1770
-1714
-2200
-2869
-2591
-2234
-2663
-2950
-2206
471
3019
3367
1871
514
883
3915
7613
10986
9950
3089
-3174
-2322
7939
15403
10728
609
-5517
-3828
-1758
-436
4345
6561
-663
-12500
-14669
-4831
3019
615
-4243
-4454
-3889
-6197
-6629
-612
6042
5539
920
-1413
672
3463
4217
4605
5144
5411
4391
1439
-644
94
2442
3784
2021
-843
-3293
-6428
-7665
-5004
-1131
2
-4682
-9549
-11092
-9202
-5295
-1998
-817
-3617
-7084
-8045
-5400
-820
2289
3297
1536
-917
-1105
1244
4662
6350
5572
4027
2298
1604
2088
2780
3115
2168
678
-581
-1660
-2101
-1959
-1947
-2227
-2576
-2099
-1738
-2427
-2574
-946
2076
3261
2281
1241
1595
3436
6183
9656
12164
7826
-588
-4734
2899
15949
17046
5826
-5223
-6489
-2206
-474
2975
8299
5010
-9070
-18522
-11073
3433
5557
-2622
-6500
-4878
-4905
-7501
-4110
4985
8057
2619
-2416
-1190
3296
4737
4226
5574
7044
6422
2576
-1245
-1333
1740
5119
5647
2315
-2766
-7635
-9474
-6142
-729
1517
-2472
-9974
-13942
-12761
-7334
-1861
-221
-3204
-9147
-11732
-8926
-3087
1886
2233
289
-2543
-3449
-948
2845
6464
7194
5111
2526
1043
1754
3370
4703
5311
4185
1377
-1877
-3204
-1883
174
840
76
-1292
-3184
-4992
-5024
-1280
3670
5765
3350
-215
-1204
579
4650
9222
13484
12086
2672
-6123
-4314
10378
20683
14725
784
-7148
-5496
-2274
949
8442
10844
-106
-15643
-17114
-3261
6674
2951
-3068
-3996
-4751
-8166
-7923
750
7990
5462
-627
-2877
-185
1997
1983
3192
5180
5906
4307
-165
-3142
-2171
1594
4867
4037
64
-4295
-8724
-9215
-4648
1119
2231
-4215
-11423
-14013
-10355
-4430
106
199
-4927
-10358
-11638
-6171
573
3160
1144
-2666
-3803
-2439
1110
4766
5856
4279
1424
576
2027
3328
3698
3085
2314
1215
-345
-1181
-950
-235
-216
-231
-428
-498
-1344
-2426
-1887
488
3843
5240
3655
1578
1196
3957
7875
11513
9639
1735
-3377
872
13190
16191
7183
-1676
-3579
-923
-622
2435
9075
6745
-5985
-15257
-8989
3397
5651
-1010
-4252
-3763
-4396
-6029
-3125
3557
5050
750
-2164
-1435
1819
3224
2857
2843
2157
2093
2227
1031
-182
-486
437
1812
1239
-1180
-3945
-6486
-6023
-3259
-972
-1196
-5489
-9824
-11166
-8182
-2812
-342
-2368
-7096
-10003
-8006
-3161
1322
2498
382
-2474
-3608
-1805
2061
5665
5889
2375
-936
-448
2758
4181
2533
1236
437
-1026
-2577
-2115
338
257
-2499
-3398
-1705
247
-801
-1959
-1010
1361
2963
3802
3945
3373
2806
4481
8667
12896
10054
1233
-4365
1031
14117
17259
8010
-2250
-5111
-2052
-476
3247
8942
6155
-5827
-14878
-9713
1901
5197
173
-3491
-3997
-4401
-5339
-3218
1745
3936
2300
-46
-1012
252
1822
2400
2514
3068
4094
3945
596
-2739
-2316
646
3714
3564
568
-3646
-7420
-7221
-3394
301
366
-3683
-8551
-10773
-9255
-4876
-1099
-1057
-4222
-7511
-8329
-5490
-1428
1686
2311
499
-1303
-2009
-199
2963
4788
4365
2400
1536
1498
1199
1510
2468
2879
960
-1574
-2472
-1821
-1485
-1571
-762
103
-470
-1962
-2685
-1277
1270
3095
4058
3795
2414
1231
2259
7179
12205
9483
1103
-4449
1438
11465
12919
6599
156
-2028
-3236
-3807
1697
8190
5477
-5989
-13519
-9205
-791
1330
-690
-1850
-2475
-4585
-6659
-3903
1818
4616
3544
689
-425
531
1594
2779
3850
4681
4980
3272
251
-1881
-1735
885
3555
3253
-30
-4861
-7641
-6745
-3811
-964
-919
-3849
-8513
-11602
-10020
-4970
-822
-809
-3725
-6185
-6639
-4764
-1305
2974
4710
3079
-37
-1255
857
4064
6162
5884
4133
2199
872
530
1410
2703
2670
960
-1208
-2110
-2454
-2898
-2395
-709
1012
743
-816
-1894
-1759
-650
1571
4885
6274
4701
1913
2785
6324
5928
2112
375
5851
10673
6813
262
-2118
266
488
-1521
602
3103
-116
-7493
-10181
-5105
39
-652
-3010
-3608
-3144
-3046
-2784
-182
2367
2386
1676
1241
2183
3637
3892
3975
3506
3204
3128
2528
1921
1615
597
-422
-1092
-978
-651
-2373
-4369
-4933
-4544
-4290
-5363
-6050
-5436
-5290
-5636
-5933
-5634
-4550
-3494
-2051
-821
-1236
-1911
-1494
513
2681
3487
3322
2904
2669
2492
2917
3369
3545
2918
1718
1171
755
-96
-828
-879
-184
-498
-2288
-3739
-3293
-2088
-381
327
469
127
-1187
-1005
926
3930
6606
6572
6497
5520
2128
-660
1139
9663
14324
8447
-733
-3948
-877
1284
1238
3341
3499
-2432
-9748
-9344
-2622
1095
-1565
-4028
-3340
-3033
-3796
-2665
1278
3318
1272
-257
1271
3925
4289
2935
3079
3919
3510
1940
1248
2258
2821
1307
-846
-2002
-2742
-3180
-3889
-4024
-3982
-4838
-6401
-7990
-8292
-7005
-5458
-5014
-5311
-6185
-6814
-5976
-3299
345
1254
-896
-2451
-719
2783
3865
3111
3091
3915
3249
1668
1757
3287
3271
1095
-24
674
635
-1220
-2724
-2188
-940
-1409
-2451
-2993
-2286
-894
788
1811
1855
1632
2597
4047
5255
7033
9954
11077
6235
-472
-520
9026
17148
12990
2129
-3968
-1972
1155
1739
4450
5653
-510
-10699
-12748
-3279
4917
1949
-5153
-7089
-4386
-2341
-1849
1074
4347
2484
-2015
-3246
1100
5985
5012
1358
251
1492
1918
-336
-1030
1059
1953
72
-2761
-4499
-5375
-6237
-4824
-1987
-1741
-5253
-9283
-9923
-7862
-5045
-2660
-2182
-4334
-8141
-8755
-4785
428
3418
1948
-1058
-3020
-2208
1412
4366
5263
4460
2424
346
-600
702
3428
4158
2297
-135
-1779
-2419
-2459
-976
1003
902
-1474
-3866
-3674
-1171
1537
3587
3692
2506
1254
1939
4602
7853
10561
10994
6855
508
-1889
5289
15326
15909
6762
-2391
-3679
-357
1567
4864
7577
3298
-7530
-13900
-7470
2938
4646
-1215
-5810
-6481
-5843
-4365
77
4637
3400
-1572
-4331
-1739
2738
3904
2596
1587
1220
1065
3
-437
1008
1516
860
-282
-1270
-2508
-5271
-6649
-4143
-1122
-1147
-4415
-7664
-8098
-7003
-4849
-3051
-2765
-4557
-6466
-6322
-3970
-544
1209
885
-1006
-1786
-642
816
2302
3375
3806
2537
311
-453
872
2177
2277
1443
611
-732
-2086
-2516
-1162
508
630
-694
-2582
-3008
-1406
695
2469
2395
1815
1319
1912
4742
8982
10526
5192
-2454
-2670
7478
16564
13435
3373
-2976
-2031
-55
1672
6724
9077
1780
-10522
-13139
-2978
6134
4607
-1681
-4482
-4961
-5782
-3779
3203
8426
5079
-2248
-4378
482
5695
6310
4608
3156
1969
330
-719
639
3113
3272
852
-2398
-4341
-5072
-5775
-5337
-3791
-3308
-5203
-8490
-9875
-8274
-5775
-4341
-4755
-5696
-6721
-6479
-4579
-1724
967
1285
-259
-1752
-1403
1119
3539
4030
3398
2640
1682
398
138
1352
3190
2757
627
-1213
-2073
-1648
-909
13
180
-615
-1598
-2340
-1766
-198
2235
3593
2669
1414
1767
4411
8101
9574
6417
489
-1696
4418
12086
12027
4734
-1261
-2072
-1352
-546
2886
5911
2073
-7108
-10432
-4701
1674
1714
-1066
-1248
-1338
-3704
-4607
-144
6020
7128
3026
-724
-657
1833
3764
4667
5101
4256
1201
-2538
-3566
-239
3213
2880
-635
-4817
-7194
-8042
-6603
-2829
-711
-2715
-7660
-11354
-10088
-6080
-1853
-439
-2870
-6244
-8210
-5569
-625
2956
3249
453
-1617
-1682
242
2840
4599
5250
3793
1205
-225
666
3046
3709
2747
1611
896
-29
-1709
-1707
234
1724
863
-1023
-1574
-1056
-458
316
2561
4288
3550
1509
1195
4799
8084
6033
534
-2254
2177
8346
8342
3697
-464
-2038
-2814
-2591
2023
6275
2592
-6541
-10768
-5093
2695
3918
773
-1886
-2998
-3317
-1974
2367
6000
4741
472
-1987
-613
2147
3053
2309
1771
1344
236
-1612
-2508
-1632
-914
-1200
-1479
-1792
-3721
-7255
-8783
-5788
-2098
-2325
-5619
-8202
-7747
-6335
-4916
-2708
-1357
-2131
-4458
-4760
-1412
2179
3185
2039
1141
1726
2914
3929
4833
5264
4513
3171
2596
3600
4717
3956
2090
711
472
456
190
311
289
-153
-1329
-1785
-737
658
1423
645
184
1435
2945
4010
4307
5646
5701
1725
-2329
-683
6473
9509
4372
-1677
-2644
-1121
-2118
-2240
1864
4512
-381
-8104
-8436
-1957
2562
1621
74
698
126
-2477
-2422
2213
6538
5634
1517
-614
108
1317
1470
1921
2835
2160
-989
-4520
-5087
-2619
-511
-1038
-3453
-6157
-8482
-9561
-8042
-4420
-2626
-5404
-9310
-10452
-7815
-4296
-2210
-1101
-2085
-4096
-4686
-2132
2191
4338
3977
2807
2163
2194
2822
4432
5937
6073
4802
3136
2100
1759
1972
2859
3353
2712
827
-900
-1115
-182
1258
2153
2269
969
-648
-855
506
2905
4251
4444
4142
3537
4507
4309
1499
-1209
-76
6077
8353
3053
-3372
-5332
-2850
-1113
692
3815
2728
-4628
-10705
-7326
1762
5998
2636
-1083
-1810
-1626
-912
1994
6588
7714
3731
-25
252
3254
4964
3916
2501
1430
407
-602
-1376
-1475
-1980
-3236
-3955
-4044
-4779
-7012
-9281
-8968
-6539
-4989
-5575
-7227
-8511
-8414
-7034
-4388
-1758
-1366
-2660
-3826
-2758
571
3288
4013
2865
1762
1835
2639
4008
5222
5295
3688
1819
1641
2933
3747
2772
731
-739
-682
531
1622
1094
-694
-2172
-2155
-594
700
775
-479
-1436
-265
2578
5333
6793
5979
1813
-3142
-3927
3055
11157
10324
2102
-5657
-6610
-3778
-945
2984
4570
-110
-8579
-11953
-6238
1132
2892
749
-1011
-2033
-2908
-2376
1867
7284
8965
6739
3125
1786
3509
5745
7165
7148
5684
3314
-93
-2462
-1758
429
1460
-700
-5022
-8473
-10128
-9019
-6141
-3975
-4962
-8783
-11554
-10623
-6732
-2754
-631
-1239
-3889
-5310
-2952
2332
6212
6198
4202
2881
2580
2802
3945
6094
7850
6834
3754
1482
961
1598
2253
2765
2798
489
-2640
-3417
-1463
548
6
-1579
-2187
-2394
-2882
-2653
-577
2254
4055
4218
4042
3044
-70
-2828
-1540
5218
10351
6947
-1351
-6956
-6213
-3270
-1521
601
779
-3974
-10656
-11950
-5740
639
840
-2108
-3794
-3474
-2235
192
4225
6964
5810
3598
3459
5964
8514
8717
7406
5566
4193
3864
3519
2428
639
-921
-1026
-935
-2240
-4899
-7676
-8642
-7565
-6047
-5641
-7009
-9165
-9900
-7938
-4052
-758
-797
-3226
-4806
-3174
1351
5467
7057
5394
2094
331
1795
5661
8616
8319
5470
2009
251
632
2365
3965
3630
1548
-1329
-3178
-2733
-1237
-118
-263
-920
-1130
-1747
-2488
-2167
-119
2719
4377
4999
5340
3934
-267
-3550
-831
7866
12777
7091
-3269
-8825
-6231
-1502
1192
2857
1164
-5816
-13453
-13222
-4075
3734
2428
-3213
-6205
-5306
-3133
-215
4605
7914
5979
1849
755
4204
8227
9087
8175
6690
4636
2189
582
1095
2106
1743
327
-1643
-4232
-7451
-9159
-7599
-4708
-4524
-8012
-11605
-12373
-10184
-7068
-4323
-2782
-3916
-6429
-7140
-4124
737
3261
3025
1801
1454
2015
2736
4208
6144
7297
6440
4290
2745
2549
2741
3238
4181
4911
3540
-128
-2812
-2418
349
2574
2884
1751
-391
-2490
-2656
182
4536
7295
7051
4510
709
-2367
-1757
3667
10037
10290
3697
-3875
-6749
-4706
-1055
2805
4662
1244
-6697
-12205
-9543
-1722
3278
2248
-1397
-4543
-5850
-4155
1017
7021
8673
5452
1425
504
2920
6349
9282
10216
7880
3147
-1010
-1847
-8
1850
2114
579
-2427
-6987
-11116
-11488
-7943
-4022
-4201
-8555
-13091
-15012
-12838
-7798
-2880
-1180
-4117
-8062
-8584
-4887
346
3787
4601
3508
1497
367
1403
4404
7455
8416
6942
4178
1864
1051
1862
3842
5690
5540
2335
-1713
-3487
-2329
-4
1579
2836
2891
333
-3301
-4134
-109
5272
7706
7120
4819
721
-3684
-3956
3180
11690
11856
3242
-5560
-7700
-4952
-1476
2886
5895
2577
-6827
-13597
-10260
-1045
4471
3585
-186
-3767
-5802
-4566
1063
7559
9383
6274
2416
1394
3359
6384
9336
10514
8439
4296
1052
661
1755
1909
1456
1134
-261
-4240
-9072
-10307
-7356
-4403
-4817
-7465
-10206
-12109
-12600
-9844
-4414
-1422
-3516
-7793
-8606
-4870
-177
2671
3179
2374
1196
918
2304
4573
6009
5583
4061
3175
3220
3317
2452
1604
1916
2408
1533
-665
-2190
-2190
-1241
-271
908
1266
-372
-2565
-2980
26
4288
6896
6530
1945
-3648
-5102
401
8651
10476
4439
-3425
-7137
-5911
-2563
1765
4490
1331
-6730
-12077
-9178
-1705
2257
940
-1169
-2303
-3035
-2738
514
5803
8176
6303
3905
3985
5933
7458
8536
10116
10272
7448
3253
1518
3222
4954
3834
817
-1661
-3410
-5419
-7223
-7040
-5386
-5188
-7763
-10664
-11090
-9260
-7070
-5718
-4862
-4955
-5842
-5959
-4125
-669
1902
2626
2292
1675
1504
1844
3120
5069
5898
4491
1972
434
882
1948
2133
1885
987
-659
-2443
-3297
-1869
-503
-9
175
176
123
-1136
-1404
455
3175
5691
6950
6042
1458
-3914
-4098
3465
10871
9747
1534
-6470
-8708
-6875
-2413
3980
5906
-747
-11897
-16076
-8662
1251
4849
2250
-1791
-4549
-5514
-2961
3994
10216
10450
5851
1624
2144
5632
8492
10082
10298
8852
5464
1195
-379
1168
3062
3265
1644
-1118
-5300
-9895
-11127
-7131
-2386
-2141
-6517
-11622
-12921
-10716
-6142
-1399
-204
-2899
-6832
-7241
-2966
2035
4779
4580
2966
1547
632
1459
3699
5814
6074
3966
1646
472
346
427
801
1527
2029
895
-1718
-3716
-4120
-2026
1201
3670
3717
280
-3314
-3820
2
5927
9633
8982
2911
-4383
-6733
-765
8905
12138
6371
-3256
-9065
-8525
-4029
2369
5777
2079
-7186
-13871
-11546
-3653
2031
2312
-238
-3122
-5192
-4719
-288
5677
8615
7370
4683
3631
4297
5510
7327
9081
9642
7704
3986
1093
432
1453
2346
2205
427
-2895
-7237
-9607
-8287
-5100
-3172
-5136
-8555
-11176
-11240
-7872
-4026
-1627
-2525
-5247
-5620
-3704
-17
2875
3611
3067
1989
2089
2975
3692
3904
3602
3236
2693
2370
2235
1031
-491
-1272
-304
1193
930
-666
-2801
-4062
-2872
402
3916
3983
101
-3129
-3074
873
5851
9278
8336
1207
-6182
-6081
3272
11570
10170
2021
-5125
-6939
-5684
-1410
4555
5912
-785
-10223
-12230
-6145
105
1468
344
-405
-2002
-4067
-3378
1638
7100
8676
7223
5252
4188
3959
4973
8018
10803
10200
5849
509
-1662
-169
2249
3320
1779
-2360
-7773
-11676
-10687
-5953
-2598
-4191
-9050
-13004
-13035
-9437
-4502
-822
-1674
-5316
-7643
-5650
-275
3838
5041
3770
1894
1112
1689
3551
5322
5619
4070
1864
687
947
1373
971
452
245
209
-496
-1433
-1938
-2098
-1274
685
2873
2844
280
-2018
-1354
2153
6199
8939
7149
483
-5768
-4649
4387
10918
8384
697
-5598
-7369
-6267
-1382
5133
5436
-3159
-12391
-12526
-4838
1202
1363
-221
-1793
-3703
-4388
-1046
5484
8727
6696
4109
4613
7153
8289
7825
8247
9131
8564
6156
3277
2206
1989
1290
671
7
-1482
-5087
-9180
-9741
-7420
-5390
-6263
-8711
-10330
-11043
-10009
-6909
-3037
-2052
-4706
-6828
-5368
-848
2755
3727
3235
1832
1043
1281
2746
5087
5628
4107
1134
-795
155
1739
1824
382
-1011
-1302
-1645
-2015
-1287
-593
-814
-1248
-250
1622
1771
155
-361
1139
3960
7016
7011
2674
-3593
-4450
3103
9767
8496
1579
-4214
-5872
-5899
-2581
4056
6280
-509
-10380
-12534
-5722
995
2308
1142
-800
-3170
-4431
-1638
4836
8439
6884
4138
3855
5787
6930
6991
7518
8095
7562
5857
3507
1551
368
-79
549
878
-918
-4959
-9537
-10796
-8136
-4973
-4418
-7050
-10383
-11872
-10854
-7057
-2534
-1003
-3019
-6035
-5680
-1397
2710
4427
3436
2262
2200
2533
3431
4412
5284
4612
2286
505
824
2239
1971
3
-1534
-1567
-1196
-1332
-1443
-1221
-1344
-1326
-349
1056
1453
488
-152
1119
4158
7726
7732
2665
-2976
-2376
5206
10536
8499
2512
-2144
-4625
-5570
-1585
5860
7249
-1475
-11385
-11449
-3806
1374
1247
-48
-1506
-4232
-5630
-1559
5109
7149
3947
1740
3655
6058
5704
4538
5426
7054
6703
4604
2816
1653
-301
-1937
-1530
139
-971
-6253
-10971
-11148
-7764
-5408
-6148
-8226
-10282
-11568
-10612
-6699
-2124
-1011
-3573
-5705
-3840
389
3402
3944
3587
3513
3307
3137
3734
5417
5972
4427
2071
921
1653
1884
939
-152
-772
-813
-1840
-2622
-1901
-655
135
-271
-296
649
1033
1289
1819
3343
5898
8112
7638
3236
-1328
188
7653
11663
8034
1342
-2307
-3044
-3959
-1455
4295
5153
-2786
-11927
-11521
-4011
127
-880
-1919
-2366
-4554
-6813
-3467
4439
7983
4820
971
1514
4885
5936
5523
6401
7254
6189
3272
1776
2287
1442
-741
-1938
-1053
-1392
-5743
-10295
-10963
-7945
-5842
-6363
-7745
-9477
-10962
-10999
-7357
-2100
-375
-2534
-5407
-4550
-879
2671
4860
5073
4034
2392
1613
3012
5563
6860
5685
2750
419
76
486
971
920
396
-622
-2291
-3255
-2618
-969
197
967
1182
834
117
-161
2098
5520
8505
10130
8071
2737
-2005
-40
8734
14324
10640
2372
-3440
-4923
-4675
-1532
4637
5833
-2075
-12087
-13644
-6853
-1281
-800
-1685
-2864
-5640
-7786
-4663
2714
7041
5049
1650
1332
3203
4781
5351
6538
7432
6111
3689
1785
1540
1335
-183
-1144
-956
-1438
-4983
-9735
-10830
-8207
-5587
-6060
-8057
-9024
-9793
-9792
-7418
-2950
-106
-1809
-4691
-4201
-247
3631
4970
4725
3944
3051
2679
3881
6561
7578
5313
1621
-225
1032
2528
2302
715
-894
-1729
-2233
-2125
-1120
-211
-413
-953
-581
630
1476
1190
1782
3884
6801
9072
7520
2749
-1491
158
7570
11966
8952
2035
-2905
-4525
-4574
-1605
3634
3868
-3634
-11935
-12070
-5486
-1171
-1630
-3049
-4267
-5961
-6603
-3222
2970
5657
3556
964
1068
3550
5395
5670
5989
6208
5733
3955
1815
1547
1941
1128
-422
-1328
-1698
-4110
-7868
-9056
-6925
-4633
-5183
-7250
-8523
-8844
-8254
-6095
-2557
-342
-1336
-3550
-3466
-183
3683
5445
5153
4165
3520
3504
4190
5718
6485
5204
2441
233
272
1441
1809
659
-949
-2217
-2719
-3061
-2726
-1970
-1575
-1007
-775
-165
109
40
941
2583
5623
8659
8518
3659
-2425
-2472
4960
11700
10489
3535
-2880
-5868
-6249
-3590
2174
4409
-1829
-11207
-14299
-8767
-2452
-975
-2038
-3514
-5464
-6968
-4852
1610
6847
6265
2669
1266
3673
6848
7789
7608
7597
7141
5663
3692
3241
3777
2944
1162
-98
-500
-2407
-6319
-8704
-7396
-4812
-4350
-6498
-8740
-9772
-9787
-7880
-4519
-1613
-1627
-3775
-4087
-1358
2449
4509
4403
3817
3473
3640
4261
5401
5920
4790
2373
477
798
2080
2168
615
-1723
-2902
-3014
-2646
-2023
-2098
-2457
-2116
-935
377
404
-216
221
2056
5011
8686
9721
5100
-1948
-3856
3722
11934
11609
4586
-2233
-5260
-6366
-4630
1363
5093
-185
-10377
-14594
-9488
-3087
-1612
-2460
-2885
-4043
-5720
-4598
1046
5973
5845
3390
2992
5512
7783
7604
7127
7326
7569
6840
4802
3484
2922
1977
1036
310
-420
-2918
-7063
-9167
-7921
-5414
-5193
-7142
-9290
-10308
-9788
-7921
-4626
-2644
-2775
-3772
-3507
-717
2040
3701
4194
3752
3772
3796
4032
4749
4867
4235
2692
1110
886
1136
658
-439
-1622
-2303
-2818
-3096
-2799
-2320
-2484
-2520
-1309
295
692
35
-115
1770
4913
8177
9737
6325
-120
-3199
1875
10232
12255
6802
-447
-4899
-6453
-4873
887
5525
1874
-7918
-13674
-10528
-4148
-1575
-1721
-1938
-3047
-5105
-4874
-257
4961
5908
3830
3191
5158
7424
7527
6746
6795
7266
7008
5358
3621
2530
1458
392
41
-174
-2123
-6134
-9258
-8823
-6728
-6099
-7103
-8290
-9218
-10054
-9547
-6176
-2376
-1422
-2864
-3717
-1752
1112
3077
4261
4841
4996
4078
3129
3734
5087
5629
3934
1521
744
979
866
-332
-1351
-1460
-1921
-2526
-3071
-2810
-2591
-2329
-804
537
1079
318
-229
1168
3715
7857
10506
7503
627
-3373
1581
10143
12083
6917
133
-3999
-5765
-4759
966
5940
2138
-7947
-13867
-10320
-3454
-1253
-1913
-2387
-3782
-5931
-5827
-762
4930
5464
2940
2274
4206
6175
6249
6391
7824
8177
6616
4143
2730
2661
2037
868
528
116
-2168
-6447
-9300
-8616
-6312
-5800
-7186
-8624
-10116
-10584
-9276
-5493
-1720
-1999
-4089
-4629
-1962
2125
3968
4543
4338
4093
4125
4132
5117
6117
5855
4149
2066
1482
1798
1493
337
-825
-1179
-1672
-2483
-2845
-2657
-2364
-2210
-1258
245
806
163
-413
619
3296
6695
9065
6833
996
-2898
381
7728
10439
6644
615
-3949
-6500
-6146
-963
4289
2034
-6993
-13336
-11050
-4955
-1700
-1463
-1731
-3058
-5322
-5140
-396
5152
6366
4236
3002
4588
6786
7736
7814
7791
7322
6324
5021
4091
3100
1417
-100
-545
-318
-1539
-5341
-8750
-9393
-7636
-6378
-7010
-8156
-9474
-10202
-9362
-6081
-2232
-1371
-3036
-4114
-1853
2039
4517
5053
4489
4242
4421
4799
6008
7027
6504
4325
1657
1222
2439
2762
1511
-859
-2316
-2839
-3264
-2721
-2329
-2294
-2844
-2895
-1403
-259
-20
-366
243
2340
5469
7679
5739
407
-3198
411
7398
9554
5324
-679
-4118
-5820
-5180
-245
4258
1403
-7648
-12915
-9203
-2789
-551
-1367
-1839
-2763
-4460
-3737
1558
6910
6846
3644
2502
5159
8122
8600
7917
7358
6786
5881
4797
4344
3788
1782
-386
-1094
-364
-910
-4579
-8050
-8638
-7154
-6129
-7225
-8296
-9197
-9764
-8524
-5788
-2680
-2205
-3980
-4577
-2592
1168
3504
3629
3110
2937
3602
4160
5103
6159
5405
2941
515
607
2289
2010
-92
-2568
-3627
-3370
-3280
-2436
-2155
-2858
-3765
-3640
-1301
597
950
591
784
2631
5484
8027
6815
1986
-1638
1285
7716
9702
5900
367
-2988
-4943
-4808
-33
4492
1978
-6710
-11954
-8386
-2346
-261
-1097
-1468
-1923
-3186
-2366
2540
7279
7054
3976
3398
6670
9660
9400
7807
7008
6725
5960
4945
4823
4290
1723
-1242
-2160
-1359
-1842
-5127
-8082
-8892
-8585
-8280
-8644
-8548
-9157
-10014
-9222
-6723
-3673
-3091
-4119
-4385
-2854
394
2677
3756
3654
3196
3361
3606
4726
5597
5074
3041
576
-98
571
493
-712
-2468
-3360
-3417
-3395
-3179
-2996
-3247
-3137
-2331
-839
462
496
693
1422
3366
6714
8031
5704
648
-814
4156
8894
8433
3654
-450
-2682
-4468
-3180
1830
4328
-651
-8518
-10519
-5480
-1121
-406
-756
-980
-2066
-3378
-1105
4581
8123
6633
3699
3694
6600
8678
8432
7538
6828
5608
3962
2917
3187
3083
765
-1787
-2913
-2797
-3612
-6140
-7714
-8068
-7932
-8081
-8316
-7966
-8310
-8570
-7606
-5090
-2607
-2321
-2905
-2812
-827
2160
4144
4967
4512
4078
4188
4477
5280
5444
4312
2181
109
-72
472
231
-960
-2552
-3286
-3390
-3235
-2635
-2291
-2190
-2125
-1799
-686
338
1045
1790
2761
4875
6509
5863
3142
793
2575
5855
6872
4801
1387
-1070
-3537
-4283
-1590
1237
-144
-5744
-9791
-8479
-4948
-2870
-1969
-1800
-2425
-3861
-3756
122
4725
6561
5520
4032
4488
6124
7139
7639
7586
6946
5524
3390
2391
2473
2123
788
-1214
-2557
-3445
-4790
-6107
-7100
-7426
-7365
-7350
-7449
-7742
-7731
-6922
-5314
-3553
-2246
-1344
-919
-317
1333
3767
5798
6196
5440
4876
4818
5042
5588
5515
4335
2181
199
-131
155
159
-689
-2396
-3557
-3773
-3218
-2418
-2126
-1987
-1919
-1840
-1180
-25
1296
2357
3331
4761
5199
3500
968
690
3712
6061
5382
2347
-594
-2645
-4414
-3778
-831
509
-2651
-8035
-9842
-7139
-4024
-2622
-2032
-1957
-2962
-4438
-3135
1571
5510
6007
4202
3393
4442
5587
6333
7149
7383
6199
3944
2265
2300
2427
1524
-11
-1436
-2359
-3816
-5379
-6186
-6403
-6444
-6699
-6752
-6764
-6978
-6770
-5399
-3465
-2190
-1572
-869
3
1108
2650
4933
6624
6406
5269
4468
4695
5382
5653
5424
3918
1708
-43
-608
31
303
-375
-1995
-3572
-3941
-3304
-2221
-1671
-1315
-1217
-1498
-1058
65
1746
2605
3249
4511
4378
2355
272
1600
4928
5807
3844
1400
-307
-2473
-4179
-2712
219
-62
-4365
-8246
-8029
-5573
-3989
-3170
-2458
-2629
-3910
-4419
-1823
2369
4647
4486
3464
3306
4170
5111
6460
7445
7057
5432
3243
2268
2630
2646
1605
-127
-1499
-2639
-4487
-6009
-5947
-5492
-5766
-6837
-7501
-7279
-7422
-6901
-5152
-3226
-2040
-1982
-1494
-213
1258
3176
4943
6025
5863
4799
4227
4354
5040
5399
4545
2806
840
-567
-1066
-1076
-959
-1421
-2963
-4252
-4585
-3728
-2537
-1949
-1216
-970
-1094
-814
175
2145
3454
4353
5055
4471
3066
2129
3958
6598
6465
4238
1940
628
-1022
-2299
-935
680
-822
-4897
-7374
-6533
-4781
-3890
-3012
-2239
-2652
-3641
-3167
-345
2876
4454
4693
4455
4343
4645
5327
6603
7273
6564
4853
2972
2077
1793
1128
245
-877
-2198
-3976
-5988
-6846
-6683
-6672
-6885
-7166
-7397
-7975
-8385
-7127
-4854
-3127
-2258
-1685
-951
-211
814
2874
4952
5877
5385
4353
3847
3914
4486
4661
3913
2086
141
-962
-1374
-1199
-1079
-1814
-2955
-4027
-4165
-3314
-2442
-1277
-424
-234
-264
-107
1014
2531
3641
4956
5971
5399
3683
2421
4008
6330
6142
4333
2269
669
-1323
-2670
-1117
719
-774
-4828
-7307
-6165
-4084
-3214
-2420
-1644
-2117
-3272
-2966
225
3606
4669
4298
3717
3831
4548
5159
6023
6238
5429
4141
2404
1680
1628
1124
83
-1438
-2545
-3726
-5294
-6316
-6472
-6361
-6534
-6712
-6982
-7503
-7692
-6700
-4624
-3011
-2385
-1895
-1350
-610
440
2042
3703
4118
3655
3187
2977
3047
3165
3157
2680
1330
141
-470
-840
-891
-1177
-1534
-2070
-2661
-2365
-1799
-1189
-627
-104
458
624
945
1870
2996
3808
4781
5013
4431
3334
3157
4726
5250
4374
2929
1778
966
-541
-829
235
283
-1434
-3534
-3923
-3005
-2653
-2402
-1623
-1273
-1673
-2213
-1250
768
1862
2173
2176
2410
2703
2840
3331
3693
3539
2999
2405
1758
1199
551
-278
-924
-1699
-2306
-3327
-4784
-5462
-5699
-5563
-5316
-5459
-5620
-5916
-5687
-4467
-3182
-2141
-1443
-1068
-599
228
1528
2824
3279
3149
2961
2904
2889
3013
3043
2584
1709
717
247
-65
-578
-843
-1148
-1528
-1814
-1729
-1156
-1037
-1178
-776
119
803
1085
1380
2146
2754
3046
3609
3863
3657
2903
2636
3370
3516
2774
1452
433
-157
-937
-1030
-695
-920
-2240
-3637
-3711
-2950
-2405
-2043
-1613
-1465
-1487
-1254
-105
1242
1855
2188
2288
2499
2846
3123
3436
3369
3020
2653
2098
1355
616
-218
-955
-1577
-2284
-3181
-4427
-5510
-5845
-5889
-5674
-5316
-5388
-5783
-5995
-5051
-3243
-1994
-1415
-912
-316
399
1347
2691
3828
3922
3532
3546
3787
3881
3835
3588
3170
2337
1574
1336
869
314
-4
-256
-338
-751
-938
-688
-660
-591
-443
49
536
766
1095
1480
2045
2308
2157
2161
2220
2619
2546
2023
1808
1345
793
-76
-660
-428
-672
-1402
-2106
-2515
-2486
-2673
-2771
-2197
-1708
-1492
-1461
-1305
-570
88
491
899
1205
1502
1568
1495
1726
1976
1936
1536
1067
787
416
-215
-804
-1185
-1534
-2069
-2801
-3340
-3574
-3698
-3629
-3399
-3135
-3080
-3130
-2774
-1926
-1021
-422
-48
400
867
1371
1974
2494
2756
2591
2494
2585
2586
2430
2110
1809
1413
876
488
256
-103
-516
-773
-856
-910
-1070
-1136
-954
-785
-681
-454
-48
385
685
850
1202
1471
1416
1457
1629
2018
1962
1320
973
775
514
29
-404
-307
-515
-1232
-1743
-1813
-1595
-1680
-1914
-1657
-1213
-1012
-982
-811
-312
151
329
523
893
1265
1370
1187
1225
1426
1434
1179
828
807
718
276
-207
-563
-678
-949
-1383
-1530
-1632
-1751
-1963
-2041
-1729
-1526
-1519
-1458
-1148
-598
-215
-3
357
704
936
1042
1287
1617
1758
1634
1487
1515
1427
1150
877
687
555
320
5
-200
-358
-442
-506
-612
-614
-651
-626
-467
-279
-12
200
262
337
424
509
666
732
825
891
716
514
221
-25
-69
-185
-279
-471
-783
-1006
-1245
-1330
-1208
-1038
-986
-1005
-925
-750
-509
-258
2
224
298
355
574
823
1076
1118
1017
952
876
951
989
845
661
410
180
-56
-355
-459
-490
-696
-957
-1250
-1378
-1401
-1427
-1230
-1024
-910
-923
-910
-610
-224
113
372
483
672
829
1008
1281
1354
1315
1183
1104
1170
1145
1035
855
569
365
205
164
110
-129
-344
-529
-615
-603
-581
-525
-510
-505
-469
-409
-352
-317
-266
-132
52
113
58
-23
-15
0
-51
-44
0
-16
-185
-370
-351
-238
-205
-292
-284
-184
-161
-169
-137
-18
32
19
41
132
180
192
186
159
158
125
120
153
119
64
-4
-84
-110
-150
-196
-264
-350
-364
-347
-321
-330
-359
-336
-253
-144
-28
98
189
248
324
460
613
719
734
757
828
878
922
850
794
726
623
590
544
478
322
105
-37
-73
-116
-197
-346
-448
-499
-578
-586
-578
-537
-572
-709
-678
-561
-453
-410
-434
-407
-405
-387
-288
-171
-94
-100
-99
-74
-35
22
80
126
140
149
150
171
167
168
207
187
147
92
66
33
-25
-46
-61
-93
-163
-228
-221
-242
-284
-275
-268
-253
-292
-309
-241
-214
-179
-184
-164
-125
-92
5
76
149
177
177
236
299
387
514
574
583
535
546
644
666
658
611
574
588
516
474
412
293
246
151
104
54
-83
-174
-294
-304
-286
-349
-415
-495
-529
-518
-522
-474
-439
-462
-518
-522
-415
-288
-222
-199
-180
-168
-141
-48
90
175
179
178
203
262
291
286
280
258
247
206
157
111
37
-18
-112
-174
-208
-257
-297
-334
-373
-409
-438
-434
-392
-365
-335
-311
-261
-238
-219
-158
-98
3
47
87
142
165
229
287
352
385
372
409
466
533
575
566
574
554
517
516
536
557
534
447
416
395
345
294
222
162
89
17
-25
-65
-134
-244
-349
-379
-372
-399
-465
-548
-579
-585
-559
-499
-440
-438
-462
-460
-380
-252
-185
-137
-130
-81
-28
3
84
125
155
119
82
94
105
94
52
11
-45
-104
-160
-177
-198
-254
-299
-330
-325
-330
-348
-332
-334
-309
-281
-227
-157
-105
-38
25
99
180
240
315
405
471
537
572
599
643
654
680
712
718
706
653
608
573
544
524
496
444
367
288
231
189
143
82
19
-32
-79
-115
-161
-202
-253
-288
-313
-335
-327
-345
-372
-400
-407
-373
-364
-384
-402
-405
-396
-392
-371
-350
-351
-377
-395
-366
-319
-299
-313
-313
-309
-298
-284
-256
-228
-234
-255
-250
-220
-186
-186
-197
-189
-179
-165
-158
-132
-104
-92
-83
-60
-18
30
63
111
162
210
272
318
387
448
471
535
573
618
644
642
704
703
693
661
621
635
603
571
533
475
433
379
318
263
203
157
126
65
5
-33
-80
-106
-133
-150
-175
-215
-234
-231
-232
-242
-257
-273
-290
-303
-295
-298
-328
-359
-387
-390
-395
-404
-425
-442
-450
-454
-432
-419
-411
-409
-395
-363
-314
-289
-262
-226
-195
-148
-119
-82
-49
-30
-14
-7
23
35
40
60
80
96
104
115
143
161
161
169
186
213
232
246
272
286
283
285
305
319
321
315
301
295
281
273
260
243
233
225
215
190
165
151
145
140
131
128
118
109
104
98
99
89
74
44
32
23
10
-8
-41
-70
-103
-140
-163
-188
-223
-248
-283
-299
-310
-325
-331
-359
-371
-373
-366
-344
-343
-334
-311
-287
-252
-230
-203
-178
-159
-120
-84
-36
-5
15
38
57
86
117
143
160
156
149
152
157
157
150
144
134
113
98
92
83
76
68
63
56
45
43
41
44
54
57
66
79
94
116
129
150
165
180
204
225
249
262
273
281
282
284
278
265
246
229
208
174
132
83
42
3
-37
-79
-140
-193
-236
-270
-297
-331
-359
-376
-387
-392
-392
-393
-383
-372
-354
-328
-307
-281
-256
-228
-191
-161
-135
-116
-95
-66
-39
-15
1
17
32
36
43
58
74
78
67
61
60
62
56
51
44
33
24
30
41
38
34
30
31
39
45
60
72
88
93
106
130
156
188
201
224
249
281
314
340
359
368
386
401
400
400
394
387
368
344
322
285
240
187
143
104
53
4
-45
-96
-141
-191
-225
-259
-292
-323
-357
-367
-374
-379
-383
-386
-379
-371
-357
-347
-335
-327
-316
-297
-277
-252
-237
-227
-212
-198
-182
-164
-150
-152
-148
-142
-128
-114
-107
-97
-99
-105
-99
-82
-61
-49
-43
-38
-26
-13
5
26
41
51
62
80
103
126
143
154
170
187
205
224
243
259
270
279
295
310
325
335
337
345
346
344
337
326
324
316
299
284
258
236
215
185
155
119
92
63
34
5
-19
-50
-80
-101
-126
-148
-167
-179
-186
-198
-209
-218
-222
-221
-217
-217
-216
-218
-213
-205
-199
-193
-192
-191
-193
-187
-183
-173
-175
-187
-192
-190
-178
-176
-181
-182
-180
-166
-149
-136
-127
-130
-127
-108
-88
-63
-49
-36
-20
-4
19
37
64
88
105
117
130
151
174
193
208
226
238
243
252
262
272
277
278
283
282
280
272
264
253
242
230
216
202
188
177
155
134
107
85
65
45
21
-7
-32
-57
-79
-101
-119
-138
-155
-174
-188
-198
-204
-211
-211
-213
-209
-203
-197
-185
-180
-174
-164
-151
-141
-135
-121
-108
-100
-98
-94
-84
-80
-75
-75
-71
-63
-58
-52
-48
-47
-51
-49
-40
-29
-18
-18
-10
-6
5
19
30
39
43
49
57
71
85
96
102
103
107
109
113
119
120
120
119
119
118
114
112
110
105
99
91
82
75
66
56
49
42
30
21
13
6
0
-10
-19
-24
-31
-39
-43
-46
-47
-51
-57
-62
-65
-68
-70
-64
-55
-51
-50
-48
-42
-36
-32
-24
-21
-15
-8
-2
-2
1
5
11
13
14
20
24
25
24
30
31
34
34
36
38
40
37
37
38
36
31
30
29
27
22
18
15
11
10
10
10
3
-4
-7
-8
-4
-7
-10
-16
-20
-22
-23
-20
-23
-24
-32
-38
-37
-38
-41
-44
-48
-46
-45
-44
-44
-48
-46
-42
-43
-40
-38
-37
-36
-38
-33
-31
-27
-26
-27
-24
-20
-17
-16
-16
-14
-15
-16
-13
-13
-10
-8
-9
-9
-10
-8
-3
0
3
9
14
19
23
28
40
45
49
57
61
67
69
76
80
81
77
74
71
68
67
62
58
46
37
28
23
19
11
1
-6
-13
-14
-16
-17
-20
-27
-25
-26
-23
-21
-19
-17
-15
-10
-10
-8
-7
-5
-4
-6
-8
-5
-3
-2
-6
-6
-7
-9
-10
-10
-12
-15
-17
-20
-17
-15
-18
-24
-25
-26
-27
-29
-30
-26
-27
-27
-26
-26
-26
-28
-30
-27
-23
-24
-20
-18
-15
-18
-18
-9
-2
-1
-2
0
3
8
13
18
20
21
25
30
30
28
29
31
34
35
35
33
31
29
28
23
22
20
17
14
10
9
8
3
0
0
0
0
0
0
-2
-5
-4
-2
-1
-2
-2
-3
-3
-6
-10
-10
-10
-9
-10
-13
-11
-12
-12
-14
-15
-16
-17
-15
-14
-10
-12
-13
-11
-7
-7
-6
-1
2
6
2
1
5
10
10
11
13
12
10
9
10
9
5
6
10
6
2
-1
0
0
0
1
0
-4
-4
-2
3
8
4
4
7
9
10
9
13
16
20
20
19
20
21
21
19
19
18
17
17
15
13
10
7
0
-3
-4
-6
-8
-12
-17
-19
-18
-18
-19
-22
-26
-27
-27
-24
-22
-25
-25
-23
-21
-19
-19
-17
-17
-17
-13
-12
-10
-9
-10
-8
-6
-4
-4
-2
-2
-1
0
0
0
2
3
4
2
3
7
7
8
9
9
12
9
7
7
11
14
13
11
9
10
9
8
7
8
3
2
4
6
6
3
4
3
1
3
6
7
7
6
5
8
9
14
12
10
9
11
16
11
6
4
3
3
2
-1
-2
-8
-7
-5
-6
-7
-11
-8
-7
-5
-6
-7
-7
-4
-4
-3
1
0
-1
-3
-5
-6
-4
-1
-2
-3
-6
-8
-8
-10
-9
-8
-9
-8
-10
-10
-11
-10
-10
-7
-9
-10
-7
-7
-7
-7
-6
-2
-1
-1
-2
-2
-2
1
0
-1
-1
2
5
4
5
5
8
9
9
10
10
10
11
12
14
14
13
13
13
14
14
13
9
10
10
9
7
3
3
4
3
2
1
0
0
-1
0
0
-1
0
0
0
-3
-2
-1
-2
-3
-1
-1
-2
-5
-8
-5
-3
-4
-5
-8
-10
-10
-7
-6
-9
-9
-9
-7
-5
-8
-9
-9
-7
-3
-4
-2
-4
-2
-3
-3
-4
-4
-3
0
-1
-3
-3
-2
0
0
0
-1
1
2
3
1
2
5
6
6
8
10
11
10
8
10
10
12
12
12
13
11
9
9
8
6
7
8
7
5
4
4
4
3
2
1
0
0
-1
0
2
0
-2
-4
-3
-3
-4
-5
-4
-5
-8
-8
-7
-10
-10
-11
-10
-11
-11
-8
-7
-7
-7
-6
-2
-1
1
0
2
4
4
4
7
7
6
6
6
4
4
4
1
0
-1
0
0
-2
-4
-6
-6
-7
-8
-8
-9
-10
-7
-5
-5
-7
-10
-6
-3
-1
-3
-2
0
0
2
2
5
7
6
4
6
6
6
6
8
9
5
7
6
6
4
3
1
2
4
3
-1
0
0
0
1
2
0
-1
0
1
4
3
2
2
0
0
2
3
1
0
3
1
-1
-4
-2
0
-2
0
-1
-2
-3
-2
-2
-1
-3
-2
0
-1
-1
0
0
0
0
0
0
1
0
0
1
2
0
-3
-1
-1
0
0
0
-2
-3
-3
0
0
-3
-4
-2
-2
-1
-4
-5
-2
-1
-2
-2
-2
-1
1
0
1
-1
-2
-2
-2
-3
-1
-1
-2
-3
-3
-3
-2
0
0
0
0
1
0
3
4
4
3
2
4
6
7
6
3
3
4
4
3
0
0
-2
-1
-3
-4
-3
-3
-5
-7
-4
-3
-6
-6
-5
-4
-1
0
0
0
-1
2
1
2
2
1
4
6
6
4
3
4
4
5
4
4
4
1
1
2
1
2
2
1
1
1
0
0
1
1
-1
0
-1
0
1
1
0
-1
-2
-1
0
-1
-2
-2
-2
1
-1
-5
-4
-2
-2
-3
-3
-4
-6
-6
-2
0
0
-4
-5
-5
-5
-4
-3
-3
-2
-1
-2
-3
-4
-3
-1
-2
-1
-1
1
1
-2
-2
0
0
3
1
1
1
1
1
3
1
3
2
4
4
2
3
4
6
5
4
4
3
4
3
5
3
2
4
4
4
3
3
0
0
1
0
0
0
-2
-1
-1
0
-1
1
0
1
-1
-1
1
1
1
1
0
3
2
0
-1
-1
2
0
0
1
-1
0
0
0
-1
-1
0
1
1
-1
-1
1
-1
-1
-2
-2
-2
0
-1
-5
-3
-2
-1
-2
-4
-2
-2
-1
-1
-2
-1
-1
-2
-1
-3
-2
-1
0
-2
-4
-2
-2
0
0
-3
-2
0
0
0
0
0
1
2
2
2
2
1
2
3
5
4
2
2
2
2
2
1
1
0
-1
0
-1
-2
-1
-2
-1
-3
-4
-3
-2
-3
-2
-3
-2
-1
0
0
0
-1
-1
0
0
2
1
2
1
2
1
2
1
1
3
2
1
2
1
1
1
1
1
0
1
2
1
1
1
0
2
1
0
0
0
1
1
1
1
0
0
-1
0
-1
-1
-1
-1
-2
-1
-2
-2
-2
-2
-2
-3
-2
-1
-2
-3
-4
-2
-1
-2
-3
-2
0
-2
-2
-2
-2
-2
-2
0
0
-1
-1
-2
-1
-2
0
0
0
0
0
0
0
0
0
0
0
-1
1
2
2
2
1
0
2
2
1
1
3
5
3
1
0
1
2
3
4
2
1
0
1
2
0
0
0
2
1
-1
-1
1
-1
-2
-2
1
0
-2
-2
-2
-3
-2
-1
1
-1
-2
-1
0
-1
0
-1
0
0
-1
0
-1
0
0
0
0
0
-1
-1
-1
0
-1
0
-1
-2
-2
-1
0
0
1
1
0
1
2
1
0
0
-1
0
1
1
1
1
0
1
0
-1
0
-1
-2
1
0
1
-1
-2
0
0
0
0
0
0
1
1
-1
0
0
2
1
1
1
0
0
3
3
1
1
1
3
2
1
0
1
1
1
0
0
1
0
0
-1
0
0
0
0
1
0
0
0
1
-1
-2
1
0
2
0
-1
-1
0
0
-1
-2
-1
1
0
-3
-1
0
1
2
-1
1
0
3
4
1
1
2
3
2
0
0
1
0
-1
0
-2
-2
0
-2
-3
-5
-7
-5
-4
-3
-4
-1
0
-3
-3
-2
0
0
0
1
1
0
0
0
0
-1
-2
0
-1
-2
-2
0
-2
-4
-4
-1
0
1
-2
-2
-1
0
0
0
-1
-1
0
0
1
0
0
1
3
5
4
3
1
1
4
5
6
3
2
3
4
3
3
3
2
2
1
0
0
0
0
0
-1
0
0
-1
-3
-1
1
-1
-2
0
0
0
-1
-1
-1
-1
-2
-1
0
0
0
-1
0
0
0
0
1
0
-1
-1
-1
0
1
2
0
-1
-1
0
1
1
1
2
2
2
2
3
2
0
0
0
0
2
1
0
0
-1
1
-2
-1
-2
-1
0
0
0
-1
0
-1
-1
-1
-1
0
1
0
-1
0
2
5
3
2
2
1
0
0
2
3
3
2
0
0
-1
0
1
0
-1
-2
-3
-1
0
0
-1
-1
0
0
-1
-2
-1
0
0
1
0
0
1
0
2
1
0
1
2
3
2
-2
-1
0
-1
-1
-1
0
-1
-1
-1
-1
-3
-3
0
1
1
0
1
2
2
0
1
4
4
4
4
5
4
2
3
3
5
4
2
3
0
0
1
2
2
0
0
0
0
0
-1
0
0
-1
-1
-1
-2
-1
-1
-2
-3
-3
-2
0
-3
-3
-3
-1
0
-2
-2
-2
-2
-2
-1
0
0
-1
-3
-2
0
1
0
0
0
-1
0
-1
-1
1
-1
0
0
-1
0
0
-1
0
0
0
1
0
-1
1
0
0
0
0
0
0
0
1
2
0
0
1
4
2
1
1
2
3
2
0
0
2
3
3
1
1
1
1
1
0
0
0
1
0
-1
-1
0
0
0
-2
-2
1
-2
-1
0
0
-2
-2
0
0
-2
-1
-1
0
-1
-2
-2
0
-1
0
0
0
-1
-1
-1
-1
0
0
1
0
0
-1
-1
0
1
1
1
2
1
0
1
3
0
0
0
0
0
-1
0
0
-1
0
0
0
-1
-2
0
-1
0
0
0
0
-1
-2
-1
-1
0
0
-1
0
1
0
-1
-2
0
0
1
0
0
0
2
3
0
1
1
0
1
0
0
1
0
0
1
1
0
1
-1
-1
-1
-1
-2
-1
-1
0
-1
-1
1
0
0
1
0
1
-1
1
1
1
3
1
0
0
-1
1
3
1
1
-1
0
1
2
0
0
1
0
1
1
1
0
1
2
2
3
3
0
0
0
2
2
1
1
1
-1
0
0
0
0
0
0
0
-1
-1
-3
-2
-2
0
0
0
-2
-2
-1
0
1
-1
0
-2
-1
0
0
-2
-3
-2
-3
-2
-3
-4
-4
-3
-2
-2
-5
-5
-3
-1
-1
-2
-2
-1
1
-1
0
0
1
2
2
2
1
3
3
5
5
6
5
5
6
5
4
2
2
1
3
3
4
2
1
1
0
0
0
0
0
-1
0
0
0
1
-1
-2
-1
-1
1
-1
-1
0
1
2
2
2
1
0
0
0
-1
0
1
0
0
-2
0
0
-1
-3
-3
-1
-1
0
0
-2
-2
-3
-1
-1
-1
0
1
1
0
0
-1
-1
-1
0
-1
-1
0
1
-1
-3
-1
1
0
0
-1
0
-1
0
0
0
1
0
0
0
0
-1
-1
0
1
1
1
0
1
1
1
0
1
1
1
1
2
1
2
2
1
2
0
0
-1
-2
-1
-1
0
-2
-3
-3
-2
-1
-2
-2
-2
-1
-2
-2
-2
-1
0
0
1
0
0
1
0
2
2
2
2
1
1
1
2
2
1
2
2
1
2
2
2
1
0
2
1
0
1
1
2
0
0
1
0
1
-1
-1
0
-2
-2
-1
-2
-1
-2
-2
-1
-2
-1
-2
-2
-1
0
0
-1
-1
0
-1
-1
-2
-2
-1
0
-1
-2
-2
-1
-1
-2
-3
-3
-2
-1
0
0
-1
-1
-1
0
-2
1
0
2
1
1
2
2
3
4
3
2
3
3
2
3
2
2
2
2
1
1
0
0
0
0
0
-1
1
-1
0
0
0
0
0
0
1
0
0
-1
0
1
1
2
1
-1
0
1
1
0
-1
0
1
0
0
-1
-1
-1
0
-1
0
-1
-1
0
0
1
0
0
1
0
-1
-1
-1
0
-1
0
0
0
0
-1
-2
-2
-1
-1
-2
0
1
-1
-2
-2
-1
-1
-2
-2
-1
0
0
-1
-1
0
0
0
0
0
0
