SAMPLES:	10113
BITSPERSAMPLE:	16
CHANNELS:	1
SAMPLERATE:	16000
NORMALIZED:	FALSE
0
0
1
0
-1
0
0
0
0
0
0
0
0
-1
0
0
0
0
1
0
0
0
0
0
-1
1
1
0
0
0
0
1
0
0
0
0
0
0
0
0
0
0
0
0
1
0
0
0
0
0
0
1
0
0
0
0
0
0
0
0
0
0
1
0
-1
0
0
0
0
-1
0
0
0
0
0
0
-1
0
0
-1
0
0
0
-1
1
0
0
0
0
0
0
0
0
0
0
0
0
0
-1
0
-1
0
0
0
0
0
0
0
0
0
1
0
0
0
0
0
0
0
0
0
0
0
1
0
0
0
0
0
0
0
0
0
-1
0
0
1
0
0
0
0
0
0
0
1
0
0
0
0
0
0
-1
0
1
0
0
0
0
0
0
0
0
-1
0
0
0
0
0
0
0
0
1
0
-1
0
1
0
0
-1
0
0
0
0
-1
0
0
0
0
1
0
0
0
0
0
0
0
0
-1
0
0
0
0
0
0
0
0
0
1
0
0
0
0
0
1
0
0
1
0
1
-1
0
0
0
0
0
0
0
0
-1
0
-1
-1
0
0
0
0
0
0
0
0
0
0
-1
0
-1
0
0
0
0
0
0
-1
0
0
0
0
0
0
0
0
0
0
0
0
0
0
0
0
0
1
1
0
-1
0
0
0
0
0
0
0
0
0
0
0
0
0
0
0
0
1
0
0
0
0
0
1
0
0
0
0
0
0
0
-1
-1
0
0
0
0
0
-1
-1
0
0
0
-1
1
0
0
-1
0
0
0
0
0
0
0
0
0
0
0
0
0
0
0
0
1
0
0
-1
0
0
0
0
0
0
1
0
0
-1
-1
0
0
0
0
-1
0
0
0
0
0
1
0
0
1
0
1
0
0
0
0
0
0
-1
0
0
0
0
0
0
1
0
0
0
0
0
0
-1
-1
0
-1
0
0
0
0
0
0
0
0
0
0
0
0
0
0
-1
0
0
0
0
1
0
0
0
0
0
0
0
0
0
0
-1
1
-1
0
0
0
0
0
0
0
0
1
0
1
0
0
0
1
-1
0
0
0
0
0
0
0
0
0
0
-1
0
0
0
0
1
1
0
1
0
0
0
0
0
0
0
0
0
0
-1
-1
-1
-1
0
0
0
0
0
-1
0
0
0
0
0
-1
0
-1
0
1
0
0
1
0
0
-1
0
-1
0
0
0
-1
0
1
-1
0
0
0
0
-1
0
1
0
-1
1
1
0
1
-1
0
0
1
0
0
-1
1
0
0
1
0
0
0
0
1
0
0
0
0
1
0
-1
0
-1
0
1
0
1
-1
0
1
0
0
0
0
0
-1
0
0
0
0
0
0
0
0
0
0
-1
0
1
0
1
0
-1
0
0
1
0
0
0
0
0
0
-1
0
-1
0
0
0
0
0
0
0
1
0
1
0
0
0
0
0
-1
-1
0
0
0
0
-1
0
0
0
0
0
0
1
0
0
0
0
1
0
0
0
0
0
0
0
0
0
-1
0
1
0
0
0
0
0
0
0
0
0
0
0
0
0
0
0
-1
1
0
0
0
-1
0
0
0
1
0
0
0
-1
0
0
0
0
1
1
0
1
0
0
-1
0
-1
0
0
0
0
0
0
0
0
0
0
0
0
0
1
0
0
0
0
0
0
0
0
0
0
0
0
0
0
0
0
0
0
1
0
0
0
1
0
0
0
0
0
0
0
0
1
1
0
0
1
0
0
0
0
0
1
0
0
-1
1
0
-1
-1
0
0
0
0
0
1
0
1
0
0
0
1
0
-1
0
-1
0
0
-1
0
0
0
-1
0
0
0
0
0
0
0
0
1
-1
0
0
0
0
-1
0
0
0
0
0
1
0
0
0
0
0
0
0
0
1
1
0
0
0
0
0
0
0
0
0
1
0
-1
0
0
0
0
0
0
0
0
0
0
1
0
1
1
1
0
0
0
0
0
0
0
0
0
0
0
0
-1
0
0
0
-1
0
-1
0
0
0
0
0
0
0
-1
1
0
1
0
0
0
0
1
1
0
-1
0
1
-1
0
0
0
0
0
0
0
0
0
0
0
0
0
1
-1
0
0
0
0
0
0
0
-1
0
-1
0
0
0
0
0
-1
0
1
0
0
0
1
0
0
0
0
0
0
0
0
0
0
0
0
0
0
1
0
1
0
-1
-1
-1
0
0
0
0
0
0
0
-1
0
0
1
-1
0
1
0
0
0
0
0
0
0
-1
0
0
0
0
0
0
0
0
0
0
0
0
0
0
0
0
0
0
0
0
0
0
1
0
1
0
0
0
1
0
0
-1
1
0
-1
0
0
-1
0
0
0
0
-1
0
0
0
0
1
0
0
0
1
0
0
1
-1
0
0
0
0
0
0
-1
0
1
0
0
0
1
-1
0
0
0
-1
0
0
0
-1
0
1
0
-1
0
0
-1
-1
0
0
0
0
-1
-1
-1
0
0
0
0
0
0
0
0
0
1
0
-1
0
1
0
1
0
0
0
-1
0
0
0
0
-1
-1
-1
1
0
0
0
0
1
0
0
0
-1
0
1
0
0
0
0
0
0
0
0
0
0
-1
1
-1
0
1
0
0
0
0
0
0
0
0
0
0
0
0
0
0
0
1
0
0
0
0
-1
1
0
-1
0
0
0
0
0
0
0
0
0
0
-1
0
0
0
-1
0
0
1
1
0
0
0
0
-1
0
1
0
-1
0
0
0
0
-1
0
0
0
0
0
-1
-1
0
0
0
0
1
0
0
0
0
-1
0
0
0
1
0
0
0
0
0
0
-1
0
0
-1
1
0
0
0
0
0
1
0
1
0
1
2
1
0
0
0
0
-1
-1
-1
-1
0
0
-2
-1
-1
1
1
0
0
0
2
0
-1
0
0
0
0
1
0
0
-2
0
-1
-1
0
-2
1
-2
-2
3
-1
0
-1
1
2
1
-1
1
-4
2
0
1
-2
-1
2
1
1
-2
-6
2
1
0
-2
-4
0
-3
-1
-3
2
-2
-4
-1
-3
1
-1
-1
0
1
1
2
0
-2
3
4
-1
4
0
5
-1
-1
2
-2
4
-2
2
-1
2
-2
-1
3
-7
4
-1
-1
0
-4
7
-2
0
0
0
-1
2
-1
4
1
-1
5
2
1
4
3
4
1
3
2
2
3
-2
3
-4
1
3
-4
-1
-4
-1
0
-3
-1
-3
-2
2
-2
-1
-5
-1
1
3
-3
1
1
3
0
0
1
-2
2
-2
6
0
-1
1
-1
0
-2
-2
3
-2
1
-2
0
3
1
4
-2
-1
2
2
5
-3
0
0
0
0
1
-4
4
-1
-3
2
-2
4
-2
-3
2
0
0
-2
2
-2
-1
0
1
2
-4
1
2
2
-4
-1
-1
-1
1
1
-3
-3
-2
4
0
-1
-3
-2
2
-1
5
0
4
1
2
4
0
3
0
2
0
3
1
0
1
0
1
-1
-4
-2
-2
-2
-2
-5
-1
0
-4
-2
-4
-3
1
-2
1
-1
-1
1
4
3
1
1
2
3
1
2
0
2
2
-3
-1
-2
1
-2
-4
-1
-4
0
-2
-3
0
-2
1
3
3
2
-1
4
3
1
-1
0
-1
0
0
0
-2
-3
-1
0
0
-1
0
-3
-1
-1
0
0
0
3
4
4
3
2
4
7
5
5
4
1
1
1
1
-1
0
-2
-2
-1
-7
-3
-6
-8
-4
-11
-6
-12
-9
-5
-9
-1
-5
1
4
2
8
4
6
10
6
12
8
9
10
4
8
3
3
0
-2
0
-3
-3
-9
-10
-9
-13
-11
-15
-14
-10
-10
-7
-6
-5
1
-1
3
3
0
5
3
7
6
5
11
7
10
9
10
13
9
11
9
7
6
4
3
0
-2
-6
-5
-7
-9
-12
-12
-10
-8
-8
-9
-9
-5
-2
-4
-2
-3
0
1
0
3
1
5
3
7
8
7
9
7
10
9
11
11
11
10
9
11
11
11
8
6
10
5
7
3
0
0
-4
-2
-6
-9
-10
-15
-16
-20
-20
-16
-13
-8
-4
3
16
25
37
51
61
75
86
96
107
106
107
104
95
84
64
38
8
-26
-59
-96
-142
-176
-206
-225
-242
-266
-269
-269
-270
-256
-245
-215
-185
-155
-104
-67
-24
12
56
106
133
163
190
217
238
237
240
241
242
238
221
198
170
139
117
91
59
28
-2
-16
-32
-63
-76
-85
-76
-79
-101
-102
-108
-99
-96
-104
-91
-86
-67
-47
-37
-7
17
48
85
107
148
176
204
234
265
303
321
326
333
328
323
301
252
196
125
73
16
-63
-147
-243
-306
-369
-437
-500
-553
-584
-596
-603
-596
-580
-548
-489
-424
-359
-289
-193
-89
3
90
175
276
353
406
446
479
504
491
458
417
376
321
229
132
44
-29
-100
-180
-246
-305
-342
-375
-384
-375
-352
-326
-297
-239
-178
-115
-61
-7
68
139
203
252
302
360
420
465
490
507
506
509
487
464
420
357
305
251
198
135
67
10
-37
-105
-164
-215
-258
-303
-362
-403
-424
-446
-465
-476
-474
-455
-435
-404
-368
-327
-276
-221
-151
-92
-32
35
102
172
230
290
356
406
440
450
454
450
433
397
336
268
209
154
93
18
-56
-116
-178
-222
-273
-289
-306
-294
-251
-233
-214
-223
-154
-36
61
136
177
252
316
352
419
477
533
555
539
513
440
396
387
342
249
130
47
-53
-204
-345
-422
-520
-693
-908
-1004
-1015
-1054
-1141
-1236
-1317
-1417
-1516
-1470
-1318
-1209
-1201
-1233
-1133
-952
-784
-635
-471
-238
-40
40
167
364
631
810
846
906
934
1010
1035
963
842
783
815
797
514
227
102
225
302
275
238
283
270
125
76
382
933
1345
1532
1691
1975
2165
2251
2479
3020
3580
3751
3774
3899
4041
3809
3206
2566
2215
2025
2056
1782
899
-490
-1791
-2355
-2521
-2524
-2762
-3469
-4515
-5301
-5138
-4394
-3997
-4195
-4336
-3988
-3374
-2849
-2337
-1712
-1258
-955
-685
-228
352
513
356
378
760
1033
282
-1037
-1737
-1544
-844
-777
-1446
-2553
-3803
-4221
-3815
-2788
-2025
-2193
-2793
-3285
-2959
-1865
-772
94
601
1141
1594
1729
1970
2658
3765
4526
4517
4174
3969
4081
4365
4728
5061
4912
4257
3638
3741
4187
4227
3477
2828
2666
2565
2609
2823
3073
1643
-968
-2050
-290
1876
1055
-1683
-3302
-3681
-4115
-4284
-2687
-1076
-2513
-5486
-6146
-3894
-2202
-2716
-3055
-1908
-741
-708
-793
88
1107
1480
1742
2572
3448
3558
2826
2140
2149
2401
2238
1298
99
-885
-1790
-2260
-2391
-3009
-4420
-6121
-6351
-5591
-5185
-5254
-5512
-5390
-5238
-4691
-3095
-1521
-750
-590
-215
1086
2272
3315
3933
4120
4282
4317
4558
4547
4267
4117
3640
3083
2475
2032
1658
784
284
305
531
470
-82
-101
100
56
122
665
1518
2025
2118
2705
2282
370
-821
836
4040
4117
1027
-1309
-1758
-1666
-2021
-864
1025
-609
-4740
-6651
-3893
-650
-1087
-2727
-2688
-1696
-1522
-1329
795
3084
3059
1830
1672
3025
4015
3924
3831
4035
4084
3387
1942
620
-149
-355
-236
-311
-1134
-3175
-6154
-7428
-6431
-4305
-3533
-5109
-6922
-7900
-7067
-4879
-3027
-2111
-2544
-3144
-2573
-1152
911
2183
2164
1775
1757
3007
4151
4548
4261
3526
2956
2394
2681
3314
3010
1868
480
172
208
8
-292
-469
-504
-388
-81
75
-316
-939
-515
1204
3246
4388
4353
2426
-602
-2226
467
5902
7479
3447
-1854
-3386
-1730
-614
749
2562
1548
-3105
-7059
-5134
-313
751
-978
-1623
-647
-524
-1390
223
3161
3979
2642
1679
2599
3406
2905
2269
2397
2870
2633
1156
-446
-1621
-2206
-2345
-2364
-2081
-2961
-5140
-6986
-7375
-6117
-5257
-5111
-5216
-6229
-6704
-6183
-4330
-2172
-1819
-2109
-2372
-1956
-63
1732
3008
3031
2480
3096
3459
3893
4316
4757
5191
3966
2854
2660
2866
2819
1945
1767
1917
744
-829
-1272
-224
856
669
912
1368
852
-290
-225
1744
4104
5159
5735
4862
1528
-2050
-1710
4021
8315
5944
-262
-4000
-3618
-2710
-1972
554
1809
-1988
-8244
-9416
-3957
234
-628
-2824
-2723
-1558
-1621
-627
2532
4764
4038
2143
2043
3762
4718
4364
3814
3461
3296
2092
296
-1199
-2014
-1914
-1517
-1950
-3674
-6756
-8860
-8458
-6570
-5255
-6013
-7547
-8549
-8711
-7486
-4902
-2333
-1716
-3300
-4204
-2812
40
2786
4055
4238
3521
2961
3597
4914
6433
7034
6327
4678
3048
2730
2776
2555
2417
2289
1347
-1172
-3072
-2419
-999
-290
-554
-600
-694
-1555
-1611
-141
2289
4174
4612
4131
3849
4880
5020
2590
242
2710
8239
8442
1947
-3700
-3324
-885
-1525
-1683
777
130
-5962
-10696
-6665
402
786
-3351
-4582
-1938
-414
-1130
449
3950
5135
3402
2109
3628
5769
5878
4707
4035
4235
4455
2827
207
-1517
-1395
-673
-1241
-2892
-4792
-7007
-8542
-7866
-5589
-4969
-7452
-9633
-8849
-6367
-4712
-4263
-3542
-3348
-3630
-2771
-239
2634
3409
2508
1933
2267
3701
5169
5754
5658
4832
4193
3183
2078
1658
1442
1354
576
-780
-2245
-3663
-3679
-2821
-2214
-2582
-3363
-3284
-2821
-2111
-878
1054
2601
2897
2487
3100
4941
7764
9026
6638
1970
58
4144
8971
7686
1937
-1551
-1265
-1962
-3821
-1907
1802
38
-7016
-9776
-4399
547
-1037
-3804
-2559
-147
-758
-1314
1865
5144
4285
1674
2188
5332
6300
4337
3038
4074
5178
3707
743
-883
-695
-487
-1046
-1803
-2260
-3772
-6167
-7182
-5755
-3903
-4077
-5707
-6580
-6088
-5019
-3682
-2432
-1993
-2627
-2836
-1320
1010
2468
2331
1313
556
987
2770
4678
4848
3372
1530
689
1000
1725
1903
873
-1080
-2493
-2551
-1958
-2011
-2683
-3200
-3195
-3035
-2649
-1953
-1457
-1345
-569
1507
3094
2937
2063
2638
5146
7662
9105
7737
2734
-1845
-608
6805
11700
7540
-722
-5240
-4934
-3683
-1829
2098
2937
-3449
-11123
-10697
-2905
1639
-876
-3838
-3360
-2200
-2528
-1216
3186
5471
3033
284
1471
4848
5604
3986
3660
4977
5291
2860
-191
-1090
-195
415
63
-885
-2395
-4998
-7330
-6886
-4214
-2630
-3983
-6358
-7203
-6441
-4960
-2962
-1268
-1045
-2300
-2898
-1248
1249
2941
3118
2580
2269
2360
2750
3137
3599
4208
4320
3149
1538
630
624
926
1311
1833
1236
-961
-2818
-2206
-100
779
319
149
545
264
-376
429
2139
3104
3139
3517
4735
5633
5138
2667
-595
-1426
2825
8094
7390
676
-4918
-4685
-2014
-1280
-317
1310
-884
-7301
-11112
-6016
1427
1688
-3275
-5878
-4085
-2312
-1788
1143
4904
4699
654
-1679
1009
4862
5837
4878
4304
3960
2122
-727
-1798
-341
1423
1035
-1615
-4551
-6334
-7270
-7207
-5900
-4318
-4562
-7597
-10146
-9427
-6219
-3029
-2024
-2500
-4108
-5331
-3750
231
4104
4853
3030
1334
961
2281
4338
6048
6344
4898
3148
2022
2023
2717
3057
2739
1847
1151
504
-534
-1099
-378
1373
1915
906
-158
-404
294
1664
3927
5620
4612
2155
1243
3465
6901
8658
6810
1834
-2183
-835
5173
8380
4355
-2223
-5136
-4201
-3160
-2001
499
289
-5316
-10854
-8977
-2024
590
-2553
-5039
-3940
-2543
-2605
-784
3182
4530
2109
115
1873
4728
5079
3798
3585
3968
3453
1783
326
-86
-196
-595
-1337
-2531
-4116
-5804
-6882
-6427
-5097
-4709
-6094
-8108
-8528
-6822
-4487
-3032
-3364
-4604
-5232
-3940
-1302
829
1678
1279
460
80
1041
3201
4531
3862
2805
2684
3152
3143
2704
2848
3054
2792
2212
1450
560
143
763
1355
1092
268
110
519
572
1198
2790
3961
3296
1766
1765
3892
6504
7913
6030
1506
-1569
1211
7770
9600
4230
-2198
-3871
-2321
-1523
38
2572
1106
-5760
-10921
-7600
-486
1051
-2388
-4308
-3241
-2754
-3336
-910
3780
5171
2270
-98
1559
4574
5140
4192
4120
4645
3783
1243
-478
-215
630
111
-1897
-4006
-5861
-7528
-7878
-6457
-5136
-6356
-9570
-10904
-9049
-6110
-4529
-4498
-4936
-5391
-5216
-3178
-55
2245
2240
885
743
2051
3853
4903
4687
4318
3941
3395
3072
2763
3058
3023
2323
1587
879
-70
-1734
-2639
-1525
57
126
-1353
-2292
-1917
-987
536
2476
3301
2380
992
2340
6241
9663
8848
3381
-1910
-868
6674
12230
9134
1004
-4054
-4121
-3104
-1164
3041
4282
-2442
-11705
-12009
-3323
2522
248
-3442
-3104
-1976
-2999
-1815
3929
8133
5879
1531
1785
5706
7571
6308
5703
6549
6337
3542
778
437
1380
1240
-657
-2925
-4751
-6822
-8595
-8557
-6833
-5638
-7371
-10260
-11190
-9333
-6547
-4577
-3901
-4182
-5121
-5060
-2492
1315
3574
3072
1805
1534
2715
4285
5280
5528
4799
3659
2549
1894
2177
2470
1987
607
-739
-1482
-2576
-4005
-4023
-2639
-1713
-2646
-4216
-4204
-3236
-2432
-770
1555
2663
1355
-27
2399
6559
8799
6697
2025
-1097
693
6752
10830
7738
610
-3731
-3462
-1994
-100
2928
3241
-2733
-9910
-8899
-979
3265
612
-2522
-1769
-966
-1734
250
5679
8142
4569
1008
2605
6282
6955
5520
5592
6218
4746
1706
464
1588
2317
1227
-527
-1728
-3174
-5530
-7034
-5875
-3762
-4109
-6721
-8836
-8024
-6345
-5306
-4530
-3898
-3849
-4771
-4414
-1821
991
2002
1155
729
1482
2567
3120
3046
3129
3373
2948
1810
814
872
1075
11
-1218
-1405
-969
-2137
-4283
-4318
-2381
-864
-1773
-2747
-2060
-1222
-711
97
2094
3576
3055
2833
4545
7609
8129
3925
-1140
-1297
5388
11004
8378
706
-3626
-3154
-2836
-2995
991
4803
-72
-10547
-12972
-3699
4049
1416
-3688
-3315
-1087
-2082
-1938
4152
9348
6979
1424
1077
5586
8089
6955
6160
7042
6727
3631
231
-497
1260
2316
1447
-697
-3278
-6475
-9637
-9561
-5846
-2855
-4863
-9797
-12502
-10759
-7257
-4197
-2437
-2888
-5266
-6833
-4565
546
4286
4217
2130
1068
1981
3538
4350
4463
4542
4119
3052
1596
766
478
-134
-485
-94
254
-1188
-4156
-5405
-3424
-329
769
-412
-1654
-2050
-1632
-140
2475
5408
5760
3898
2541
4329
7562
6893
2336
-619
2777
8063
7578
1909
-2135
-2115
-2368
-3925
-2212
2214
1303
-6795
-11830
-6466
1576
1554
-3047
-3505
-509
-492
-1902
2089
8405
8581
3123
943
4979
8618
7575
5724
6513
7388
4910
432
-1548
-14
1745
964
-1623
-3870
-5863
-8959
-10559
-8038
-4001
-3983
-9302
-13143
-11313
-6722
-3568
-2937
-3240
-4661
-6340
-5024
-437
3974
4345
1685
-35
349
2271
3783
4309
4367
3699
2546
865
-50
731
1725
1653
691
-154
-620
-2518
-3956
-3193
-479
1202
-407
-2762
-3390
-1971
459
2409
3662
3630
2576
2672
4376
7025
6519
2662
-421
1585
6729
8122
3810
-902
-2107
-1976
-2605
-1439
2200
2414
-3967
-9180
-5708
1832
3372
-850
-2591
30
1720
1176
3121
7541
8945
5510
3161
5108
8053
7632
5294
4764
5733
5368
2088
-1802
-3636
-2847
-1760
-2089
-3393
-5318
-8401
-11359
-10944
-6818
-4020
-6430
-10488
-11081
-8014
-4873
-3094
-2191
-2839
-5147
-5652
-2135
2851
4368
2090
-195
-511
1081
2889
4322
4427
3146
1886
1481
1554
1437
1185
938
580
39
-697
-2089
-3364
-3576
-2254
-1170
-1216
-2197
-2904
-3320
-2541
352
4149
5981
4504
2438
3381
6458
6524
3363
1202
4831
9617
7985
1901
-1493
-389
-249
-2712
-1225
3602
2677
-5917
-11445
-5761
2707
3067
-1298
-1900
297
-9
-1173
3034
9466
9680
4565
1881
4736
7977
7025
4904
4726
5036
3627
237
-2349
-3088
-3045
-3052
-3112
-3615
-5605
-9390
-11969
-10372
-6365
-4601
-7278
-10216
-10326
-7740
-4801
-2350
-718
-1625
-4306
-4761
-944
4395
6376
4228
1929
1320
2730
4302
5492
6091
4842
2899
1604
1701
2218
1348
-10
-497
-438
-1089
-2866
-4070
-3690
-2796
-2452
-2441
-2454
-2410
-2655
-1781
372
3416
4920
5012
4960
5932
5896
2479
-597
1860
9208
12212
6300
-1679
-3564
-1784
-1970
-2284
1514
3899
-2434
-11739
-11344
-1913
3285
-169
-3297
-1300
176
-1986
-1261
5101
9108
5634
944
2236
6599
7605
5077
3587
3638
3035
1091
-646
-1367
-2028
-2767
-3179
-3108
-3357
-5436
-8677
-10162
-8225
-4930
-4493
-7155
-9166
-8057
-4972
-2602
-916
-11
-245
-1414
-1238
2146
6201
7499
5785
3915
3933
4941
5590
6085
6092
4832
2546
747
786
1248
469
-965
-1789
-1548
-1730
-2970
-4175
-4225
-3314
-2012
-1053
-535
-910
-1810
-1242
1541
5220
7215
7017
6388
4938
894
-2695
-634
8146
13602
8005
-2566
-7429
-5369
-3340
-3118
-126
2081
-3826
-13607
-14462
-4420
2845
-209
-4662
-3338
-1210
-2798
-2648
4111
10199
7850
2123
1215
4869
6936
6084
6075
6738
4936
1133
-1475
-963
344
39
-1087
-2269
-3812
-6496
-9206
-8932
-6373
-4963
-6976
-9859
-10389
-8460
-5940
-3637
-1841
-1803
-3532
-4027
-1264
3202
6206
6363
5304
4053
3734
4725
6462
7751
7060
5043
2929
1493
1517
2067
2246
1149
-1016
-2698
-3010
-2309
-1409
-1129
-1455
-1665
-1554
-1062
-747
-359
1112
3505
5534
6364
6334
6622
5516
1515
-1835
273
8019
12021
6422
-2663
-6161
-4587
-3791
-3903
-479
1676
-4835
-14545
-14426
-3946
2737
-1043
-5884
-4809
-2592
-3237
-1759
4952
9425
5909
816
1522
5949
7653
6203
6140
7180
6106
2777
78
88
1344
1492
535
-988
-2954
-6072
-9418
-9810
-6460
-3542
-5374
-10316
-12958
-10742
-6652
-3373
-1818
-2570
-5359
-7196
-4187
2466
6989
6376
3349
1678
2149
3372
5235
7463
7804
5273
2000
1040
2214
2700
1938
1535
1358
-140
-2823
-3510
-1186
1249
948
-676
-962
-206
-588
-1351
408
4721
7539
6741
4795
4783
3898
426
-1870
2828
10681
10668
1500
-6454
-5762
-2207
-2429
-2776
553
502
-7904
-15578
-11164
-270
2651
-2583
-4998
-2072
-969
-2846
-347
7123
10446
6775
3281
5022
8022
7565
6059
7165
8916
7990
4058
253
-1431
-1655
-1417
-1273
-1900
-4327
-9094
-13039
-13120
-9866
-8105
-9810
-12441
-13165
-11822
-9759
-6934
-4370
-4345
-5871
-5854
-2119
3008
5613
5503
4211
4164
5194
6359
7561
8358
8678
7366
4827
3415
3733
4449
3702
1361
-320
-1330
-1806
-1973
-1699
-941
-734
-1216
-1457
-2003
-1623
-559
2127
5254
6778
6311
5135
3817
1655
257
2728
9264
11909
5974
-2941
-5789
-2772
-1201
-2316
-958
447
-4234
-12374
-12905
-4089
1690
-1743
-5816
-4043
-859
-973
-388
5100
8886
6110
2609
4460
9145
10122
7473
6315
6843
6559
5092
3197
1210
-1093
-2893
-2734
-2510
-3753
-6699
-10013
-11477
-11069
-9875
-9708
-11001
-12178
-11799
-9753
-6861
-4893
-4933
-6516
-6772
-3534
1914
6153
6602
4659
2452
2294
4602
8040
10427
9908
6701
3127
1362
2359
4418
5108
3427
-67
-3478
-5099
-4036
-1196
698
-45
-2290
-3544
-2976
-2013
-1158
1180
4662
6586
5660
3908
4451
4008
1490
1021
6971
13834
10918
-119
-6705
-3737
1165
999
55
1108
-1851
-9999
-13364
-5226
4230
2496
-5340
-7381
-3055
-103
292
3769
8444
6890
777
-1128
3858
9097
9129
6792
5334
3664
1240
-70
777
1659
213
-2276
-3689
-4796
-6506
-8253
-7779
-5541
-5163
-8804
-12814
-13316
-9869
-6166
-4789
-4386
-5158
-7051
-8039
-5366
936
5844
5896
3259
1258
1995
3768
5575
7801
8953
8190
4579
818
282
2011
3992
4049
2464
-194
-4241
-6479
-4549
147
3004
1171
-2190
-4073
-3905
-1823
1064
4333
6420
6462
5691
5107
3619
1393
972
5750
13276
13625
4594
-5050
-6650
-2332
359
1719
3925
627
-10391
-18395
-11603
2568
6127
-1794
-7709
-6422
-4382
-3642
2100
11345
12730
4585
-1816
793
7317
10107
10199
10530
8931
4542
326
-697
763
1551
1206
114
-2738
-6943
-11021
-12188
-9453
-5855
-5353
-9463
-15021
-16608
-13270
-7701
-3562
-2968
-5150
-8306
-8837
-4560
2304
7684
8038
4737
1554
954
3213
6697
9794
10512
7603
2667
-785
-479
1930
3805
4092
1879
-2211
-6444
-7254
-3452
810
2327
558
-1891
-3319
-3678
-2218
1671
6024
8355
7834
6130
4790
2007
-384
1716
9984
16093
11152
-862
-7519
-5113
-687
944
3233
4610
-2607
-15199
-18045
-5704
6135
4119
-4671
-7103
-4373
-3807
-2542
4750
12002
9674
1692
-365
4728
8554
8032
7706
9456
8998
4843
824
-427
242
913
1413
944
-2161
-7265
-11343
-11610
-8002
-4429
-5060
-10419
-15600
-15553
-10515
-5097
-3173
-4630
-7383
-9161
-7395
-2266
3644
6230
4373
1342
87
1392
3660
5635
7257
7266
5014
1732
-311
-45
1468
3023
3671
1649
-2534
-5731
-4975
-1274
1427
2007
1087
-424
-2136
-2599
-62
4313
7425
7815
6411
5380
4559
2565
861
3109
9895
13429
7685
-2347
-6318
-3137
45
825
3121
3641
-4219
-15308
-15069
-2066
6862
2160
-5979
-6767
-3971
-3458
-1227
6534
11429
6451
-615
609
7445
10212
7509
5801
7091
7356
5211
2538
987
37
-488
-238
-301
-2784
-7719
-12259
-12767
-8830
-5136
-6503
-12043
-16007
-14234
-8669
-3781
-2268
-4440
-7909
-9309
-5598
1740
7427
7440
3008
-548
77
3615
6684
7789
7224
5061
1980
-39
669
2707
3537
2676
1051
-1044
-3296
-4072
-1979
585
1074
-259
-844
-534
-1122
-1432
1024
5491
7591
5880
3691
4559
4656
2273
713
5004
11200
9485
329
-5842
-4274
-903
-1549
-1562
1650
-139
-9837
-16599
-9807
2250
3961
-3370
-7058
-4473
-2522
-2324
2504
10478
11157
4078
-208
4119
10897
12283
9591
7575
6589
5319
3988
3399
3235
1898
-510
-2605
-4120
-5341
-7731
-9973
-10043
-8184
-7607
-10534
-13719
-13367
-9323
-5183
-3703
-4207
-6250
-8037
-6633
-1403
5273
7356
4514
809
-485
1755
4811
7392
8465
6158
2349
-556
-324
2501
4348
3945
1987
-484
-2581
-3457
-2311
420
1852
900
-1151
-2072
-1807
-1086
357
2573
4617
4696
3708
3542
4520
3300
353
-255
4950
10163
7262
-1410
-6229
-4374
-2171
-2845
-1168
2159
-1356
-11813
-16158
-7000
3588
2542
-4457
-5760
-2564
-1834
-1802
4298
11697
10335
3187
1136
6575
11285
10571
8464
8435
7927
5482
2977
2284
2622
2057
540
-1544
-3709
-6012
-8022
-8863
-7511
-5596
-6435
-10323
-13411
-11638
-6590
-2947
-2449
-4263
-6873
-8192
-6028
-15
5605
6009
2754
-231
-129
1962
4322
6874
7676
5687
1996
-120
950
3058
3628
2735
1333
-393
-2552
-3548
-2068
58
129
-1881
-3041
-2366
-2061
-2263
-1326
1916
4455
4002
2485
2849
2958
1061
-435
2994
9299
9405
2059
-4531
-4358
-1132
-1065
-2020
-235
-1028
-7810
-13840
-10069
-415
2027
-3665
-7023
-4453
-1553
-1277
1262
7603
9697
5291
2080
5110
10256
10830
8519
8297
8742
7379
4667
3106
2996
1899
13
-1072
-2089
-4000
-7175
-9613
-9060
-7049
-6225
-8524
-12038
-12593
-9615
-5374
-2623
-2698
-4620
-6994
-6804
-2226
4158
7760
5967
2097
184
1807
5188
8259
9532
8200
4451
1419
1226
3588
5217
4425
2456
249
-1672
-3103
-2696
-654
511
-789
-2715
-3290
-2413
-2046
-1504
544
3414
4338
3201
2080
2847
2296
-120
-338
4549
9611
6604
-2233
-6872
-4384
-1406
-2416
-2927
-1210
-4034
-12011
-15188
-7154
2023
639
-6160
-7276
-3107
-1346
-1378
3250
9826
9361
3148
1203
6469
11240
10351
7709
7792
8250
6321
3488
2234
2060
1078
-496
-1534
-2701
-5366
-8644
-9541
-7478
-5267
-6725
-10510
-12439
-10700
-6975
-4179
-2511
-2467
-4659
-6652
-5164
709
6366
7079
4200
1430
1186
2884
5481
8294
9347
7080
2878
608
1803
4125
4985
3719
1921
-86
-2283
-2978
-1477
997
1289
-697
-2186
-1504
-571
-606
-498
1933
4801
5484
4367
3653
2331
-552
-2043
2320
9227
8902
564
-6599
-6313
-2961
-2600
-2104
550
-1495
-10449
-16535
-10156
1156
2870
-3825
-7307
-4820
-2670
-2096
2283
9195
9389
2944
-252
4449
10314
10513
7802
7290
7425
5570
2967
2151
2428
987
-1334
-2351
-2693
-4579
-8227
-10472
-9054
-6399
-5786
-8472
-11398
-11782
-9265
-5475
-2486
-1611
-3349
-5930
-5940
-1994
3855
7050
5561
2260
332
1813
4689
6935
8048
7136
4480
1369
57
1609
3411
3569
2154
156
-1761
-3532
-3588
-1426
866
1214
-49
-995
-1093
-1335
-774
1943
5381
6856
5833
4828
3612
335
-2103
1390
9525
11962
4064
-5247
-6975
-3491
-1936
-1596
1741
2121
-6124
-15588
-13575
-1819
4671
555
-4401
-3941
-2378
-2484
328
7929
12155
7972
2197
2610
7665
10611
9803
8632
7640
5677
3320
1956
1535
154
-1929
-2879
-3172
-4718
-8263
-11551
-11703
-9501
-7652
-7747
-9780
-11849
-12028
-9429
-4837
-1717
-2362
-4881
-6139
-3778
712
4468
5891
4710
2897
2198
3074
5193
7065
7825
6333
3207
832
542
1363
1955
1853
1240
-513
-3457
-5001
-3613
-1037
443
-7
-315
-575
-1440
-1932
-102
4075
7442
8128
6836
3615
-753
-2810
1565
10657
13977
7098
-3236
-7631
-5484
-2113
1011
4173
2572
-6676
-15348
-13366
-2923
3491
1123
-3244
-4509
-4457
-3738
505
7566
10535
7138
2997
3261
6363
8153
8771
9489
9149
6553
3460
2006
1680
526
-1006
-921
-697
-3379
-8341
-11704
-10201
-7079
-6320
-7525
-9580
-11110
-11594
-9560
-4447
-1086
-2598
-6174
-7171
-3711
778
3849
5084
4250
2589
1699
2724
4865
6072
6235
5142
3051
1116
339
665
990
1028
677
-733
-2996
-4265
-2988
-995
133
605
603
-398
-2387
-2308
1275
5656
7821
7779
5928
656
-4791
-3683
6167
14859
11518
686
-6501
-6755
-4500
-2262
2952
5941
-940
-12579
-15810
-6936
1605
1169
-2263
-2861
-3138
-5067
-3381
5088
11824
9715
4508
3730
6689
7743
7374
10104
13037
10695
4647
1117
2485
3448
990
-1023
-448
-1059
-5906
-11831
-12464
-8656
-6691
-7687
-9122
-9876
-11455
-13020
-9644
-2688
805
-2054
-6435
-5978
-2301
1517
4946
7488
7177
3057
-4
1577
5539
7735
6750
4404
1536
-838
-1667
-855
758
1029
-202
-2710
-5250
-5402
-3401
-1218
221
1132
983
-740
-3246
-2352
2392
7604
10163
9631
5494
-1740
-6353
-1805
10526
17708
11430
-1302
-9194
-9229
-5197
411
6789
6006
-5496
-17419
-16419
-4459
3090
771
-3197
-3654
-4387
-6139
-2499
7273
12849
9373
4033
4342
7359
7631
7493
10879
13826
10758
4027
329
1244
2146
768
184
336
-2396
-9084
-14305
-12384
-6988
-5163
-8133
-10905
-11204
-11428
-11644
-8211
-2034
603
-2812
-6283
-4854
-748
1995
3990
6505
7185
4022
187
239
3768
6835
6816
4514
1470
-1448
-3256
-2668
535
3053
1889
-2619
-6029
-5601
-2851
-156
1905
3291
2008
-1479
-3464
-470
5472
9684
10601
8867
3306
-3496
-5244
2669
13766
15647
7073
-3205
-7930
-7601
-4311
2611
8410
4240
-8697
-17380
-12353
-1176
3253
597
-2061
-3158
-5312
-6057
-82
9111
11499
6642
3090
4865
7268
6448
6360
9590
11086
7440
1825
-385
413
162
-1071
-878
-594
-3803
-10371
-14262
-11843
-7265
-5867
-8108
-10359
-11196
-11547
-10357
-6475
-2050
-913
-3221
-4710
-3137
-166
2376
4501
5997
5806
3507
1530
2200
4603
6259
5685
3948
2210
225
-2159
-2837
-425
2582
2539
-1620
-5457
-5724
-3589
-394
2382
4050
2301
-2299
-4186
-728
5823
10666
11372
8919
2196
-4947
-5193
4004
14761
15030
4957
-4670
-8130
-6871
-3746
2336
7395
2991
-9813
-17574
-11815
-1058
2656
-345
-2199
-2587
-4943
-5918
47
9317
12192
7902
4589
5818
7422
7001
7778
11436
12791
8438
2232
-604
25
696
341
524
-409
-5275
-12090
-15038
-11276
-6530
-6299
-9423
-11834
-12183
-12091
-10071
-5219
-1240
-1339
-4282
-4583
-1330
1630
3373
4546
5924
5842
3875
2762
3407
4683
5075
4424
3828
2802
317
-2848
-3971
-1599
1572
1521
-1824
-4828
-5371
-3976
-1394
2510
5049
3165
-1769
-3803
205
7059
11528
12192
7833
-62
-5767
-3048
7596
14386
10326
263
-7233
-8718
-6972
-2771
3135
3507
-4919
-15273
-16267
-7598
-487
-291
-2567
-3586
-4627
-5860
-2786
5138
10365
8929
5749
6011
8253
8552
8136
10268
12364
10769
6255
2671
1450
755
-344
-114
593
-1544
-7168
-12672
-12966
-8769
-5758
-6236
-8919
-11056
-11232
-9807
-5453
-858
602
-818
-2760
-1087
1967
4369
6054
6584
6650
5260
3693
3416
3686
4208
4176
3215
2186
579
-1410
-3537
-3966
-1520
726
-209
-3723
-6185
-5310
-2976
268
3157
3083
-42
-3413
-2197
3369
8398
10891
8679
1838
-4893
-5340
3525
11902
10340
1652
-5812
-8111
-7672
-5344
491
3209
-3045
-12978
-15442
-8699
-2536
-2470
-3289
-1704
-1614
-3695
-3352
2704
8123
7954
6381
7761
9987
8996
6493
8047
11764
11974
7957
3326
1614
541
-1273
-1626
-206
-666
-5462
-11911
-13856
-10872
-8029
-7489
-8764
-9586
-10468
-10991
-8250
-3430
40
-397
-2040
-729
2074
4389
5372
6553
7932
7480
5967
4682
4801
5126
4655
4066
3745
3650
2077
-953
-2803
-2250
11
877
-283
-1713
-3102
-3676
-2304
1504
4781
3735
-160
-1900
896
5504
9118
9957
5448
-2139
-6278
-274
9585
10986
3320
-5284
-8374
-8277
-7136
-1968
2263
-1960
-12593
-17514
-10738
-2727
-2486
-5529
-5096
-2930
-3105
-3070
1616
6622
6185
3766
5403
10088
11356
7873
6106
8521
10624
9232
5250
2658
1295
-791
-1989
-1396
-731
-3440
-9138
-12671
-11553
-8832
-7875
-8783
-9527
-10038
-10322
-8724
-4931
-1703
-1288
-1901
-889
1469
3339
4615
6299
7336
7084
6205
5641
5659
5318
4704
4142
3473
3049
2582
1056
-1035
-2276
-1787
-700
-777
-1461
-1885
-2280
-2080
-211
2667
3438
1688
-49
1556
5675
9222
10428
6360
-95
-3338
1171
9459
11200
5533
-1977
-6889
-8197
-6891
-908
3647
-1149
-11646
-16909
-11673
-4529
-3302
-4570
-4229
-4488
-5947
-4706
1509
6779
5778
3484
5146
8615
9368
7879
8112
10214
10307
8358
5826
3733
1781
-274
-609
-40
-1151
-4892
-9835
-12141
-11227
-9266
-8371
-9282
-10893
-12574
-12573
-9637
-4928
-1650
-2031
-3150
-2591
128
3290
5410
7153
7272
6518
6118
6487
7346
7137
6051
4753
3109
2137
1343
475
-926
-2647
-3377
-3677
-3794
-3946
-4061
-3829
-3118
-1819
-355
307
497
1082
3401
6419
9315
8891
4573
550
1578
8005
11465
8036
2162
-1753
-4040
-6132
-4218
1961
2967
-5618
-15041
-14332
-6923
-3523
-4675
-4104
-2350
-4375
-6772
-2352
6681
9903
5956
4050
7695
11196
10192
8733
10558
12050
10014
6857
5283
3767
516
-2431
-1607
-61
-2372
-8470
-13507
-13563
-11471
-9919
-9407
-9390
-10656
-13355
-13306
-8530
-2379
34
-1657
-2364
-640
1824
3893
6025
8136
8060
6579
5712
6158
6553
5528
4347
3444
2251
647
-1201
-2504
-2991
-3916
-4626
-4989
-4673
-4337
-3580
-2358
-1013
-41
572
1605
3845
6120
8188
8284
5715
2848
3033
7385
10339
7613
2733
-388
-1298
-3146
-4262
-1276
868
-3293
-10772
-12627
-7446
-3990
-5569
-5981
-3020
-1669
-3667
-3430
2948
8228
7005
4472
5944
10005
10746
8801
9171
10378
9300
6206
4314
4405
2808
-972
-3593
-3653
-3400
-5419
-9080
-11229
-11492
-11391
-11094
-10049
-8586
-8823
-10231
-9447
-5765
-2119
-1338
-1309
312
2332
3519
4169
6234
7780
6923
5628
5761
6886
6722
4698
3010
1997
825
-101
-813
-1194
-1901
-3876
-4984
-5194
-4231
-2880
-2545
-1926
-1655
-1380
-600
559
3272
6130
7837
7978
4993
1929
1421
5294
9668
9111
4716
772
-1530
-3240
-3864
-1189
1436
-1906
-9309
-12515
-9030
-4881
-4864
-5813
-4314
-3554
-5204
-5392
-652
5276
6317
4262
4378
6910
8506
8280
9118
11005
10529
7323
4559
4221
4315
2768
342
-922
-1894
-3919
-6915
-8838
-8833
-8851
-9605
-10408
-10097
-9512
-9895
-9180
-6376
-3358
-2358
-3209
-2259
293
2832
4659
6002
7128
6792
5490
5177
6050
7030
6733
4834
2910
1585
555
-582
-1481
-1686
-2089
-3491
-5146
-5085
-4086
-3432
-2810
-1759
-494
-197
-601
1043
4465
7605
8074
4589
1157
1049
5090
9352
8664
4844
1106
-1559
-3411
-3788
-669
1675
-2643
-10232
-12598
-8308
-4359
-5291
-6470
-4688
-4262
-6142
-5571
-214
5034
4617
2785
4621
7613
8087
7115
8502
11381
11334
8395
5836
4337
3292
2472
2512
2679
174
-4233
-7549
-8141
-7236
-7414
-8589
-9087
-9356
-10122
-10531
-9004
-5485
-3164
-3187
-3205
-1868
312
1567
2867
5720
7896
7517
5068
3877
5263
6570
6535
5566
4320
2385
-462
-2163
-1946
-1053
-1190
-2796
-4537
-5506
-5478
-4392
-2943
-1570
-706
-796
-1044
-69
2425
5699
6562
3875
812
891
5183
8328
6671
3335
1375
291
-1915
-3296
-125
2198
-1921
-8701
-9987
-5384
-3084
-5432
-5955
-3412
-2618
-4658
-4426
533
4047
2827
1860
4372
7738
7804
5876
6580
8729
9797
8641
6403
4793
3104
1669
1257
1721
1301
-1576
-6232
-8741
-7931
-6635
-6913
-8689
-9179
-8921
-9560
-8970
-6871
-3849
-2586
-3627
-2588
-200
2083
3043
3374
5451
6968
6666
5475
4717
5415
5414
4906
4195
3045
1289
-1417
-2898
-2291
-1218
-1549
-3589
-5584
-5810
-4751
-3213
-1803
-1297
-1529
-1684
-626
2260
5383
6105
3609
755
1791
6681
9605
7586
3701
1730
1323
-235
-771
1858
2659
-1943
-8341
-8921
-4154
-2290
-4995
-6335
-4478
-3342
-4592
-4012
468
3051
1534
596
3333
6898
7121
5572
6093
7559
8077
7260
6006
4841
3003
1372
767
420
-789
-3321
-6133
-7487
-7715
-7844
-8337
-9052
-8981
-9176
-9512
-8461
-6205
-3774
-2856
-2649
-1280
445
1948
3210
4913
7006
7764
7033
5890
5371
5602
5585
5213
4320
2845
725
-1436
-2433
-2146
-1693
-2379
-3924
-5161
-5397
-4525
-3255
-1761
-815
-973
-1142
-34
3342
7004
7273
3933
981
2859
8173
10173
7568
4433
2720
942
-1958
-1284
2954
2982
-3644
-9823
-8408
-3663
-3723
-6474
-5925
-3596
-3985
-5852
-3589
1560
2775
432
461
4195
7208
6196
4621
5682
7308
7304
5989
4861
3735
1755
-116
-207
40
-1301
-4882
-7850
-8035
-7176
-7104
-8489
-9490
-9273
-9161
-8611
-7177
-5265
-3998
-3758
-2875
-809
1239
2365
3090
4279
5939
7191
7179
6256
5256
5070
5474
5529
5040
3773
1662
-498
-1600
-870
112
-794
-3028
-4706
-4644
-3217
-2049
-982
-367
-676
-1195
-646
2385
6030
6265
3044
311
1980
6394
7902
6076
3837
2283
206
-2113
-732
2947
2311
-3420
-8127
-6501
-2902
-2991
-4497
-3883
-2874
-4005
-4955
-1830
2567
2661
325
536
3858
6113
5081
4074
4975
5790
5701
5065
4498
3439
1310
-198
12
221
-1013
-3812
-6323
-6334
-5979
-6456
-7735
-8711
-7927
-7709
-7419
-6357
-5363
-4491
-4676
-3028
-167
1457
1909
1574
3224
5494
6862
7412
6328
4933
3998
4105
5748
6547
5142
1929
-1515
-2342
-957
198
-650
-3330
-4996
-5057
-4232
-2783
-1532
-514
-1538
-2874
-1031
3161
5404
2559
-1012
566
5467
7230
4809
2893
2985
1827
-1299
-1037
3146
3783
-2114
-7703
-5813
-1078
-1333
-4490
-4595
-2568
-3106
-4949
-2593
2477
3332
128
-794
3008
6472
5704
3883
4641
6231
6290
5329
5168
4721
2439
64
222
1739
936
-2858
-6372
-6757
-5682
-5582
-6673
-7666
-8331
-9250
-8777
-6367
-3715
-3476
-5324
-5057
-2115
1451
3023
2893
3298
4093
4963
5892
6710
6882
5517
3852
3472
4281
4758
3315
809
-1536
-2701
-2296
-1682
-1825
-3049
-4452
-4585
-3907
-2754
-1230
-638
-960
-1100
861
3644
3223
397
-62
3674
6714
5241
2515
2020
1984
-175
-1108
1881
3963
92
-5838
-6166
-1643
337
-2118
-3853
-2898
-2585
-3501
-2361
1553
3600
1525
-279
1539
4886
5852
4536
4005
4746
5368
5464
5199
4308
2078
-122
-135
1255
1334
-1267
-4637
-6727
-6916
-6228
-5296
-5318
-7216
-9252
-9250
-6857
-4416
-3759
-3931
-3791
-3041
-1368
1025
3199
3585
2955
3245
4883
6285
6172
5286
4472
3974
3980
3952
3463
2092
44
-1228
-1628
-1424
-1188
-2042
-3238
-3943
-3635
-2328
-2040
-2056
-1835
-655
1288
1335
-142
-1348
-34
3599
5109
3946
1936
513
-160
-465
1499
4497
3643
-1342
-4993
-3485
393
1138
-726
-1966
-2924
-3782
-3173
87
3309
2431
-401
-1126
1101
3837
4826
4629
3810
2501
2021
3224
4859
4782
2056
-626
-1168
-153
379
-1146
-3327
-5047
-5926
-6006
-5396
-4495
-5029
-6675
-7491
-6075
-3400
-2224
-2396
-2593
-1860
71
1977
3402
3812
3068
2756
3608
5414
6624
5906
3951
2301
1901
2324
2582
2050
807
-902
-2452
-2767
-1760
-724
-824
-2154
-3024
-2708
-2104
-1320
-113
2048
3210
875
-2334
-2458
1742
5948
5454
2674
387
-1102
-2144
-1465
2815
5530
1755
-4900
-6957
-2785
844
-27
-2110
-2725
-3471
-4776
-3595
969
4215
2184
-1289
-1250
2040
4491
4250
3787
3856
3403
2719
2814
4043
3853
1563
-225
-166
552
-535
-2675
-3672
-3542
-3673
-4750
-5288
-5173
-5110
-5098
-4885
-3872
-3286
-3368
-2909
-1841
-8
1208
1355
1333
1388
2191
3339
4251
4539
3781
2582
2191
2925
3537
2665
859
-74
300
608
200
-485
-598
-635
-1200
-1324
-679
-175
-750
-1530
-336
2167
1991
-904
-3225
-1398
2214
2642
1170
167
-564
-2285
-3859
-986
3150
2504
-2179
-5146
-3074
-106
186
-64
68
-865
-2591
-2240
1525
4649
3775
1305
365
1643
3422
4264
4441
3567
1970
1299
1810
2676
2550
959
-420
-1156
-1455
-1535
-1985
-2408
-3109
-3763
-3710
-3555
-3703
-4259
-4209
-3057
-2205
-2138
-2462
-2168
-1248
-481
548
1518
1680
1181
983
2012
3356
3676
3360
2634
2001
1710
2068
2854
2601
1328
191
-57
260
289
20
-233
-737
-1232
-1341
-1071
-855
-1104
-1352
-826
-625
-1067
-1767
-1691
-542
-260
-756
-1036
-1123
-1256
-1971
-1637
-176
281
-655
-1825
-1522
-454
-36
261
854
950
432
230
1359
2878
3150
2603
2285
2526
2939
3126
3275
3063
2493
1910
1711
1694
1397
622
-219
-652
-1015
-1309
-2109
-2707
-2930
-3051
-2962
-3151
-3382
-3808
-4188
-3422
-2218
-1555
-1941
-2628
-2120
-1016
78
904
1339
1374
793
651
1790
3215
3789
2750
1466
1368
1760
2411
2406
2059
1728
547
-249
-67
696
1209
309
-619
-668
-561
-441
-388
-191
198
-486
-1240
-1416
-1035
-85
-291
-981
-1579
-1978
-1700
-1864
-1494
-921
-1236
-1747
-2209
-1466
-387
-312
-165
177
598
788
667
1402
2592
3085
2917
2591
2571
2914
3057
3079
3047
2580
1961
1412
1011
911
551
66
-541
-1452
-2087
-2359
-2248
-2284
-2845
-3177
-3257
-3386
-3570
-3354
-2376
-1864
-2169
-2486
-2194
-1289
-740
-181
482
636
498
426
1168
1864
1837
1743
1761
1894
1706
1529
1681
1596
1169
1179
1302
1284
895
433
687
469
392
626
653
414
-327
-216
306
17
-551
-948
-617
-674
-1103
-1124
-1132
-1525
-2118
-1980
-1136
-799
-1240
-1552
-1182
-620
-160
195
772
1104
958
1005
1572
2372
2790
2642
2527
2462
2278
2101
1957
2091
1886
1244
560
-18
-162
-374
-825
-1160
-1627
-1973
-2384
-2677
-2400
-2290
-2236
-2494
-2692
-2381
-2139
-1667
-1334
-1031
-730
-795
-610
-281
360
952
1042
955
821
1033
1415
1588
1589
1377
1110
831
900
1193
1304
888
189
-57
257
590
664
209
-217
-325
-328
-26
122
-17
-337
-909
-947
-489
-258
-451
-1063
-1445
-1157
-882
-657
-633
-866
-972
-1099
-715
3
345
331
12
80
745
1355
1752
1665
1463
1491
1681
1954
2091
1977
1669
1243
1004
1059
1037
759
141
-357
-642
-846
-966
-976
-1128
-1584
-2156
-2223
-1822
-1530
-1543
-1705
-1655
-1541
-1465
-1138
-627
-94
-90
-304
-158
207
707
813
1025
1229
1076
896
733
1179
1567
1255
841
391
488
545
486
701
692
266
-472
-773
-317
270
278
-147
-560
-844
-895
-803
-436
-128
-352
-940
-1362
-1219
-724
-425
-382
-681
-925
-952
-628
-58
226
122
-221
-224
253
741
981
891
716
738
909
1233
1437
1305
1001
732
773
939
912
739
428
181
-76
-147
-95
-181
-477
-798
-814
-706
-642
-873
-1022
-969
-825
-594
-564
-454
-371
-395
-267
-98
278
461
399
320
339
557
669
761
846
857
756
526
534
752
816
703
531
448
449
266
246
364
472
334
-105
-247
-150
-32
-101
-239
-289
-379
-611
-744
-674
-602
-662
-810
-818
-812
-929
-970
-856
-698
-699
-790
-767
-673
-651
-603
-483
-379
-369
-437
-393
-295
-214
-183
-158
-88
-89
-78
-56
5
98
143
115
90
89
175
257
254
272
237
224
191
263
375
358
257
124
173
275
328
360
292
289
241
218
312
397
510
503
467
515
589
661
736
802
890
917
882
852
874
945
967
944
822
744
623
456
407
392
404
192
-89
-211
-250
-251
-351
-415
-465
-625
-755
-776
-653
-589
-728
-835
-827
-764
-762
-782
-749
-765
-861
-933
-866
-759
-818
-935
-886
-792
-788
-868
-873
-719
-650
-667
-552
-412
-328
-364
-340
-62
117
183
223
272
374
384
498
732
760
618
410
435
658
709
676
532
343
180
79
239
427
371
180
14
7
154
280
463
572
450
376
473
788
1028
1007
968
993
1014
1021
1097
1243
1177
894
673
715
777
601
369
188
85
-134
-338
-369
-389
-550
-808
-933
-913
-912
-1043
-1164
-1163
-1129
-1129
-1208
-1237
-1181
-1191
-1204
-1230
-1190
-1111
-1149
-1134
-1067
-988
-960
-978
-853
-703
-585
-555
-498
-333
-193
-17
126
255
358
423
572
749
890
937
917
958
1036
1094
1126
1119
1061
953
859
855
880
827
691
525
460
439
433
416
362
353
294
267
300
374
467
432
418
452
514
607
609
635
627
566
567
576
607
539
398
301
212
149
87
-12
-163
-333
-469
-541
-624
-739
-841
-942
-1042
-1145
-1234
-1269
-1310
-1355
-1383
-1406
-1429
-1490
-1495
-1410
-1309
-1264
-1270
-1213
-1106
-999
-887
-740
-589
-502
-454
-317
-87
98
195
248
350
492
596
702
825
905
915
902
956
1058
1114
1093
1062
1039
1009
1003
1007
1002
951
841
786
781
769
733
674
613
566
524
499
496
470
430
386
361
345
315
311
316
290
263
239
224
177
113
99
96
72
-19
-140
-223
-270
-309
-351
-442
-564
-696
-790
-824
-865
-929
-1024
-1106
-1157
-1187
-1179
-1172
-1185
-1194
-1177
-1128
-1065
-1001
-927
-839
-762
-671
-572
-456
-352
-269
-177
-68
33
109
178
250
324
401
446
488
510
520
555
597
624
631
645
644
633
621
642
686
672
634
614
632
637
610
598
600
575
520
483
502
507
460
392
340
311
277
251
247
242
193
115
68
72
79
56
28
28
39
10
-46
-61
-46
-51
-75
-96
-108
-151
-220
-247
-236
-238
-286
-360
-411
-445
-465
-470
-481
-501
-542
-577
-574
-549
-531
-533
-537
-524
-491
-452
-414
-383
-368
-351
-311
-250
-195
-169
-156
-122
-77
-31
9
50
80
92
116
161
207
235
243
257
286
312
332
341
338
333
335
344
357
357
319
280
263
263
255
225
178
141
114
87
71
47
9
-30
-56
-58
-56
-61
-71
-80
-87
-83
-64
-36
-11
-2
3
17
41
68
93
108
120
127
129
137
135
128
120
112
101
79
56
34
5
-25
-54
-72
-97
-132
-166
-192
-204
-224
-245
-257
-270
-288
-295
-290
-268
-270
-278
-266
-249
-224
-206
-192
-172
-151
-125
-98
-66
-42
-30
-15
9
46
69
87
96
103
118
133
161
170
167
160
157
174
180
182
170
161
162
155
157
148
135
129
119
119
112
105
99
90
93
96
97
95
93
95
101
114
124
125
127
133
140
149
146
143
142
137
131
126
118
101
75
52
39
27
5
-29
-54
-83
-109
-135
-153
-167
-197
-227
-243
-250
-260
-273
-285
-287
-295
-298
-292
-284
-275
-277
-273
-260
-239
-224
-209
-202
-188
-175
-155
-131
-115
-100
-91
-78
-58
-29
-13
0
10
20
40
57
77
90
91
94
104
129
143
147
149
149
147
151
157
168
171
167
158
152
160
164
167
171
168
165
161
164
171
171
167
167
166
159
149
143
140
136
126
113
98
85
77
69
57
38
20
6
-7
-19
-24
-29
-47
-65
-75
-78
-79
-88
-97
-105
-113
-117
-115
-117
-121
-124
-128
-122
-120
-117
-117
-124
-124
-119
-105
-101
-104
-106
-100
-91
-85
-83
-82
-81
-79
-75
-67
-58
-56
-58
-63
-57
-55
-52
-50
-46
-44
-45
-42
-39
-33
-32
-26
-25
-18
-16
-13
-5
1
8
9
16
25
30
34
36
43
52
55
56
60
65
72
75
77
82
85
89
96
101
106
107
108
117
123
125
128
130
132
131
130
134
135
128
124
113
106
98
89
82
72
57
43
32
21
8
-3
-15
-28
-37
-43
-49
-58
-68
-71
-69
-70
-75
-78
-79
-79
-76
-74
-71
-70
-75
-71
-67
-65
-65
-64
-63
-66
-69
-68
-68
-71
-77
-78
-80
-88
-91
-97
-100
-102
-107
-113
-118
-121
-123
-122
-123
-121
-121
-123
-119
-113
-105
-98
-92
-85
-73
-61
-46
-31
-18
-5
10
31
49
69
86
102
118
131
148
167
184
192
197
204
208
217
221
223
219
206
199
193
185
176
158
142
129
114
99
85
68
51
31
20
11
3
-8
-20
-29
-40
-43
-42
-42
-47
-53
-54
-51
-53
-51
-49
-48
-48
-49
-47
-46
-48
-51
-55
-54
-54
-57
-60
-61
-67
-72
-74
-77
-79
-82
-87
-89
-89
-90
-91
-94
-95
-93
-91
-90
-86
-82
-78
-73
-67
-58
-52
-45
-38
-27
-14
-6
1
8
18
28
39
47
52
57
62
69
77
79
76
76
77
78
76
72
68
67
60
57
51
45
41
33
32
27
23
20
15
11
10
6
7
7
3
4
3
4
4
3
5
7
6
2
4
6
8
6
4
4
4
2
0
0
0
-3
-7
-5
-4
-9
-15
-16
-16
-18
-23
-21
-25
-26
-32
-32
-29
-31
-30
-30
-30
-30
-28
-26
-23
-24
-22
-18
-19
-15
-11
-9
-7
-5
-5
0
1
4
6
8
12
15
12
13
14
16
20
22
18
16
18
19
19
17
15
14
12
9
8
6
5
4
2
0
-5
-5
-5
-5
-8
-9
-8
-9
-10
-8
-9
-9
-8
-6
-4
-6
-6
-3
0
2
4
5
6
7
8
12
15
12
12
14
17
17
17
17
13
8
8
10
11
9
3
1
-1
0
-2
-4
-7
-9
-12
-11
-8
-12
-16
-15
-14
-13
-15
-15
-12
-14
-13
-12
-11
-7
-9
-7
-5
-3
0
-3
-4
0
1
5
5
5
3
1
3
5
6
4
3
2
2
5
4
0
-1
0
1
2
1
1
0
0
0
-1
1
2
1
1
-1
2
3
1
4
5
5
4
5
5
6
5
5
3
5
4
1
1
-1
-1
-1
-2
-5
-8
-6
-8
-7
-8
-11
-12
-10
-10
-11
-11
-9
-7
-9
-9
-10
-8
-6
-5
-2
0
1
2
3
3
5
8
11
13
13
17
14
13
13
17
18
17
16
17
15
16
15
15
15
11
8
7
4
3
1
-2
-3
-7
-6
-8
-9
-14
-15
-14
-14
-13
-17
-15
-15
-13
-10
-4
-3
-6
-4
0
1
1
5
5
6
3
5
6
4
4
-1
-1
-2
-4
-4
-5
-9
-8
-15
-13
-12
-15
-12
-13
-13
-11
-12
-11
-7
-8
-7
-8
-2
-2
-4
0
-1
4
2
0
4
1
4
6
6
11
7
8
7
8
10
12
10
10
12
10
14
12
11
11
12
12
12
11
11
9
11
9
9
4
4
8
5
5
1
-2
0
2
-1
1
-4
-3
-4
-6
-3
-7
-5
-3
-3
-3
-5
-2
-4
-5
-8
-5
-2
-6
-2
-3
-5
-6
-4
-3
-3
-6
-6
-5
-4
-5
-7
-4
1
-4
-3
-3
-2
-1
-3
-2
-2
-2
-4
-3
-2
-1
-2
-4
-6
-7
-4
-1
-3
-3
-4
-4
-2
-2
2
3
0
2
4
8
6
5
6
9
7
6
7
9
9
7
5
4
4
3
5
3
1
-3
-3
-3
-4
-5
-2
-4
-4
-5
-4
-3
-2
-2
-2
1
2
4
6
5
5
7
8
11
11
7
8
9
12
12
12
11
8
7
6
5
4
3
1
0
0
-1
-4
-5
-8
-9
-9
-10
-9
-11
-14
-14
-13
-11
-13
-12
-13
-10
-9
-9
-7
-7
-4
-2
1
1
0
1
1
2
4
3
3
1
0
0
-1
0
-4
-5
-7
-6
-4
-7
-8
-9
-7
-6
-2
-2
-1
-3
-3
1
4
4
4
5
7
10
9
9
11
12
11
10
9
11
12
14
13
11
9
9
14
13
12
10
10
9
9
9
10
7
6
7
5
4
2
1
0
-1
-3
-5
-7
-9
-10
-10
-12
-13
-13
-14
-15
-14
-12
-12
-12
-10
-10
-9
-8
-6
-5
-4
-2
1
0
0
0
1
3
4
2
4
5
1
2
1
2
2
0
2
0
-1
-2
-2
-2
-2
-4
-3
-2
-1
0
0
0
1
0
-1
2
2
5
5
4
2
2
4
5
3
3
2
2
3
3
4
0
1
1
2
2
0
1
1
1
0
-1
0
0
-2
-3
-3
0
-1
-4
-4
-4
-4
-4
-6
-6
-7
-7
-6
-3
-3
-2
-1
0
0
1
2
2
2
1
3
5
5
4
2
1
0
3
2
1
0
0
2
-1
-1
-1
1
-1
0
-1
0
-1
-2
1
0
1
2
4
4
4
4
6
9
8
7
6
8
10
7
7
6
6
5
5
4
2
1
1
2
-2
-3
-2
-1
-3
-4
-3
-3
-4
-3
-6
-8
-7
-6
-3
-6
-7
-8
-6
-6
-6
-8
-6
-7
-8
-6
-4
-4
-6
-8
-7
-3
-2
-2
-3
-5
-3
-2
-1
-1
0
-2
0
1
1
1
2
3
3
4
4
5
4
5
7
6
5
7
5
6
6
4
4
4
4
3
2
3
1
0
1
0
0
0
0
-3
-5
-3
-3
-3
-5
-4
-3
-4
-5
-1
0
-3
-2
-2
0
0
0
0
2
2
1
3
2
4
2
2
3
3
3
2
2
3
4
3
2
1
3
4
2
4
3
3
3
4
2
0
0
-1
0
0
-2
-4
-6
-6
-5
-5
-5
-5
-7
-6
-8
-7
-6
-5
-4
-3
-2
-1
1
1
1
1
3
6
8
6
4
3
3
5
4
3
2
2
1
0
-1
0
0
-2
-2
-2
-2
-2
-2
-3
-4
-3
-3
-2
-2
-2
-2
-1
-1
-1
-2
-1
-2
-2
0
0
0
1
1
1
2
3
2
2
3
4
3
5
3
2
1
1
1
-1
0
0
0
-2
-2
-1
-2
-2
-4
-2
-3
-3
-3
-1
-1
-1
-1
1
2
1
3
2
4
4
6
7
7
7
7
7
6
6
5
5
4
3
2
0
0
-1
-2
-5
-6
-5
-6
-8
-8
-8
-10
-10
-10
-9
-8
-7
-8
-7
-7
-7
-5
-3
-4
-4
-3
-1
0
1
0
0
0
1
2
2
3
3
2
2
3
4
6
6
7
7
6
7
7
6
7
6
6
5
6
3
4
4
3
1
2
0
0
0
0
1
-2
-3
-1
-1
-3
-1
-2
-1
-1
0
0
-1
1
0
1
1
1
0
1
1
0
0
-1
-1
-1
0
-1
-1
-1
-1
-2
-1
-2
-1
-1
-2
1
0
0
0
-1
-1
0
1
0
0
0
-1
1
2
0
-1
-1
2
2
0
-2
-2
0
-1
0
-2
0
-1
-1
-3
-2
-1
1
-1
-2
-1
0
0
-2
-2
1
1
0
1
0
0
0
-1
1
4
6
3
3
0
-3
-4
1
5
1
-4
-4
-2
1
-2
-4
-3
-1
-3
-2
-3
0
1
0
0
-4
-1
1
2
0
0
4
4
1
0
0
0
1
0
-1
0
-3
-4
-2
-1
0
-6
-9
-4
1
2
-2
-3
-1
1
1
3
5
2
3
7
9
5
-2
3
10
12
7
0
0
1
7
5
-4
-6
3
6
1
-3
-4
1
0
-3
-5
0
3
-1
-7
-7
2
4
-9
-9
1
5
-2
-10
-8
-1
-3
-4
-1
0
-6
-10
-4
4
1
-5
-4
3
3
0
0
3
3
-2
2
11
11
0
-3
2
5
3
1
1
4
2
-3
-5
-2
-1
-2
-5
-6
-3
-8
-5
-3
-3
-6
-6
0
-3
-5
-4
-2
-1
-1
-1
-1
3
6
6
5
2
0
3
9
10
2
-3
2
12
11
2
-5
1
7
7
2
-3
-1
7
6
0
-3
0
3
1
0
2
5
3
0
1
-1
2
5
4
-1
-1
3
4
0
-5
0
7
2
-6
-8
-3
2
-2
-5
-5
-3
-4
-8
-6
-2
0
-3
-3
-1
-6
-5
1
0
-3
-4
1
1
-2
2
3
-2
-6
-2
5
5
-3
-7
-1
4
1
-1
0
0
-2
-3
5
8
-2
-5
3
10
3
-3
3
10
3
-1
1
4
5
1
1
2
1
0
3
4
2
0
0
8
6
0
-2
4
7
0
-4
-1
0
0
0
0
-1
-4
-6
-1
1
-5
-7
-2
1
1
-5
-5
-1
0
-3
-5
-2
1
0
-3
-4
-1
0
0
0
-1
-3
-3
-1
0
0
0
-3
-2
0
1
-2
-3
0
1
-2
-3
1
0
-2
-4
1
3
0
-1
-1
3
1
0
0
2
4
-1
-1
0
4
3
-1
0
0
2
0
-2
0
0
1
1
0
0
0
0
0
3
1
0
1
2
3
1
1
3
4
2
3
3
3
1
3
4
5
2
0
0
-1
0
0
2
-1
-2
-3
0
-1
-3
-5
-2
-1
-3
-5
-2
1
-1
-4
-1
1
2
-1
0
2
2
1
1
4
6
5
1
3
2
2
3
4
3
1
2
3
1
-1
0
0
0
0
-2
-3
-2
-2
0
-1
-3
-5
-2
2
-1
-4
-5
-3
0
-1
-4
-5
-3
-2
-2
-2
-3
-4
-5
0
-1
-2
-4
-2
0
-1
-1
0
2
0
-2
0
5
4
-1
0
4
4
0
0
3
2
-1
1
3
1
-1
0
3
2
0
1
-1
0
0
0
3
1
-3
-4
-1
2
0
-2
-1
0
-1
-4
-3
-2
-1
0
0
-2
-2
-1
-1
0
0
0
0
