SAMPLES:	9859
BITSPERSAMPLE:	16
CHANNELS:	1
SAMPLERATE:	16000
NORMALIZED:	FALSE
0
1
-2
-2
-2
-4
-5
-7
-5
-4
-2
-4
-5
-4
-2
-4
-5
-1
0
0
0
1
4
5
3
2
2
3
4
3
4
4
1
-1
-2
-1
0
-1
-1
-3
-3
-4
-3
-5
-6
-4
0
0
-2
0
1
4
1
3
5
4
4
3
6
5
3
4
4
1
-1
0
0
0
-4
-1
-1
1
-4
-9
-5
-1
0
0
-2
-1
-1
-1
-1
-3
-1
1
3
1
0
1
1
0
-1
1
-1
0
1
2
-2
-6
-3
0
1
-1
-1
1
1
0
0
0
2
2
5
5
5
5
5
5
3
5
4
1
1
2
1
1
-1
-2
-3
-2
0
0
-1
-2
1
0
-1
1
4
3
0
1
3
5
2
3
6
6
3
1
2
1
0
0
0
0
-3
-2
0
0
-1
-2
0
1
0
0
2
4
4
4
3
2
1
4
3
3
3
2
3
1
0
0
-2
-1
0
0
0
0
1
1
0
-1
-1
2
1
2
3
2
2
1
1
1
1
0
-5
-2
2
0
-3
-3
-1
-2
-1
0
0
-3
0
0
0
0
2
5
3
2
4
4
1
1
2
4
4
1
0
2
4
1
-1
-1
2
0
-1
-2
0
2
2
4
2
2
0
1
2
1
1
1
4
2
-1
-1
1
-2
-4
-1
0
-1
-1
0
1
0
-1
-1
1
2
2
1
2
3
3
1
2
1
2
2
3
4
2
0
0
3
3
1
0
0
2
1
-1
-1
1
1
0
1
1
3
2
1
2
0
0
1
3
2
1
0
0
0
-1
0
0
-2
-4
-3
-1
-4
-5
-4
-4
-3
-3
-3
-4
-3
-2
1
0
1
0
1
4
3
2
0
3
3
3
1
-1
0
0
0
0
-2
-3
-2
-2
-4
-6
-5
-4
-2
-4
-4
-2
-1
1
-1
-2
-1
1
1
0
0
1
2
1
1
0
1
-1
0
0
0
0
0
0
-1
-2
-2
-1
-1
-3
-3
-1
-1
-3
-1
-1
-1
0
1
0
0
0
1
0
0
0
0
3
1
0
-1
0
-1
1
2
-1
-2
-1
0
-1
-3
-1
0
0
0
0
0
0
1
0
3
2
1
1
3
5
3
3
3
3
2
2
1
2
2
0
0
0
-1
0
-2
0
0
-1
-1
-1
0
0
0
0
-1
-1
1
0
1
2
2
1
1
0
0
2
0
1
1
0
0
-1
-1
0
-1
-1
-1
-1
0
-3
-4
-2
-2
-3
-3
-3
-3
-4
-4
-2
-3
-4
-5
-3
-2
-5
-2
-3
0
-1
-1
0
0
0
0
0
2
1
2
0
0
0
0
-1
-1
0
-3
-4
-4
-3
-4
-4
-5
-4
-3
-3
-1
-1
-1
-1
1
1
2
1
2
2
1
2
1
0
0
-1
0
-1
-4
-4
-4
-3
-2
-2
-2
-4
-2
-2
-2
-2
-2
0
0
0
0
0
1
1
1
0
2
1
0
0
0
0
-1
-2
-1
-1
-1
-1
-1
0
0
0
0
0
1
0
-1
1
1
2
1
1
1
1
0
0
0
1
-1
0
-2
1
-1
-3
-2
-2
-1
-2
-2
-1
0
-2
-1
-1
0
1
1
0
0
0
0
1
1
-1
1
1
0
-1
-1
-2
0
0
0
-1
-2
-1
-1
-2
-3
-3
-1
-1
0
0
0
0
0
0
-1
-2
0
1
0
0
0
-1
-1
0
0
-1
-1
0
0
0
-1
-2
0
0
2
1
0
1
-1
2
1
1
2
3
3
2
1
0
3
0
0
-1
2
2
2
1
0
0
-1
1
-2
-1
0
0
0
0
0
0
1
0
0
0
1
2
0
0
2
3
2
2
3
3
3
1
2
2
4
3
2
1
0
2
2
2
1
0
2
1
-1
1
1
2
1
1
2
2
3
3
1
2
2
-1
0
0
0
0
0
1
0
-1
0
1
0
1
0
1
1
1
2
3
4
4
4
2
3
4
3
3
2
0
2
-1
0
-1
-1
-1
-3
-2
-3
-1
-3
-1
-1
0
0
1
3
2
2
2
4
4
4
4
4
3
3
1
1
0
0
-1
0
0
-1
-1
-2
-2
-2
-2
-2
-1
-2
-1
0
0
-1
0
0
2
1
0
0
0
1
0
2
0
1
-2
0
-1
-1
-1
-1
0
0
-1
-1
-2
0
-2
-2
-1
0
1
0
0
1
0
0
1
0
0
1
1
2
0
0
0
0
1
0
1
0
0
0
-2
-1
-2
0
0
-1
-1
1
0
0
0
0
0
0
0
0
0
0
1
1
1
-1
-1
0
0
1
0
0
0
1
0
0
0
0
0
0
0
-1
-1
0
0
-1
0
-1
-1
0
-1
-1
-1
-1
-1
-1
-1
-2
0
0
0
-1
-2
-1
0
0
-1
-1
0
0
0
0
0
0
1
1
0
0
0
0
0
0
1
0
0
0
0
0
1
0
0
0
-1
0
1
0
-2
-1
-1
-1
-2
-2
-2
-2
-2
-1
-2
-2
0
-1
-2
-2
-1
0
0
0
0
0
1
0
0
-3
-2
-1
0
0
-2
0
0
-1
-3
-2
-2
-1
0
-1
-1
-1
0
-1
-2
-1
-1
0
-1
-1
0
-1
-1
-2
-2
-2
-2
-3
-1
0
-2
-2
-2
-3
-2
-1
0
0
-1
-1
-1
-1
-1
0
0
1
0
0
0
1
1
1
1
1
2
3
1
1
1
1
3
3
1
1
1
1
-1
-1
-1
0
0
-1
-1
0
1
-1
0
0
1
1
0
1
1
2
2
2
2
4
3
3
2
1
2
1
0
0
0
1
0
0
0
0
0
-1
-1
0
-1
0
2
1
0
1
3
3
2
2
1
2
3
3
2
1
1
1
0
0
0
-1
0
1
1
0
0
0
0
0
0
0
0
1
0
1
3
1
1
1
2
1
0
1
0
0
0
0
0
-1
0
0
0
0
0
0
1
0
0
1
1
2
1
1
0
1
2
2
3
3
3
2
0
-1
0
0
0
0
0
0
0
0
0
-1
-2
0
0
0
0
0
0
0
0
0
0
0
1
0
0
1
-1
-1
-1
1
0
0
0
-1
-1
-2
0
1
0
0
1
3
4
1
1
1
1
2
1
0
0
1
2
1
0
-1
0
1
0
-1
-4
-3
-1
-1
0
0
0
0
0
0
-2
1
3
2
1
0
0
-1
0
-1
-1
0
-1
-1
-2
-1
-3
-4
-3
-4
-4
-3
-3
-4
-1
1
0
2
0
1
1
3
5
5
5
6
6
6
5
3
3
2
0
0
0
0
-1
-2
-3
-5
-3
-4
-3
-1
0
0
0
-1
1
1
3
2
3
4
4
4
3
2
2
3
0
0
1
1
0
0
0
0
0
-2
-2
0
0
-2
-2
-3
0
0
-2
-2
0
0
0
0
0
-1
0
1
1
1
0
0
1
-1
0
0
1
2
3
2
2
1
2
3
3
4
5
7
8
8
7
6
6
1
-1
-5
-10
-17
-23
-25
-28
-31
-34
-34
-33
-30
-25
-19
-12
-4
5
15
30
42
56
65
74
85
92
95
93
94
93
90
80
64
47
30
13
-6
-22
-41
-58
-75
-89
-106
-120
-127
-129
-126
-119
-111
-100
-86
-71
-56
-42
-26
-5
19
40
54
62
64
60
54
47
38
26
12
-3
-21
-41
-64
-89
-111
-133
-146
-154
-158
-154
-143
-127
-105
-84
-58
-23
24
69
110
155
203
252
298
335
360
375
389
397
387
354
305
259
213
161
100
33
-34
-108
-181
-249
-307
-353
-388
-409
-415
-409
-391
-362
-327
-283
-231
-178
-129
-78
-28
21
64
96
127
144
152
149
139
131
117
105
84
68
52
40
26
13
9
10
19
27
30
40
54
65
70
68
61
53
44
35
16
-9
-43
-83
-128
-173
-217
-261
-297
-323
-339
-346
-346
-327
-292
-243
-190
-128
-46
51
159
268
380
492
603
697
770
828
878
912
918
890
829
739
618
477
313
129
-68
-265
-453
-639
-816
-972
-1092
-1178
-1227
-1241
-1212
-1138
-1024
-875
-701
-497
-270
-34
200
424
629
808
956
1069
1138
1160
1136
1067
949
775
566
327
65
-209
-481
-745
-996
-1222
-1407
-1540
-1626
-1664
-1640
-1543
-1385
-1172
-911
-592
-228
157
558
972
1383
1757
2071
2321
2508
2606
2616
2553
2418
2194
1870
1479
1046
570
61
-455
-957
-1433
-1855
-2205
-2469
-2657
-2755
-2746
-2647
-2462
-2200
-1851
-1423
-952
-453
76
613
1131
1609
2061
2469
2779
2987
3113
3111
2927
2608
2246
1802
1128
267
-574
-1303
-2056
-2941
-3779
-4332
-4646
-4913
-5123
-5068
-4696
-4189
-3652
-2997
-2163
-1272
-446
372
1232
2052
2754
3394
4045
4595
4965
5262
5625
5958
6045
5922
5803
5699
5354
4677
3900
3138
2204
966
-381
-1597
-2781
-4068
-5301
-6252
-6964
-7591
-8024
-7995
-7553
-6999
-6391
-5473
-4078
-2505
-1116
153
1590
3227
4662
5641
6326
6981
7548
7687
7284
6587
5882
5060
3887
2439
1041
-181
-1459
-2837
-4073
-4975
-5749
-6604
-7345
-7677
-7702
-7765
-7869
-7672
-7049
-6273
-5579
-4803
-3681
-2301
-924
366
1710
3158
4547
5697
6626
7457
8121
8464
8482
8398
8268
7886
7197
6489
5983
5431
4588
3693
3151
2732
1918
824
62
-317
-1069
-2388
-3583
-4215
-4868
-6111
-7371
-7967
-8151
-8584
-9055
-8830
-7945
-7038
-6242
-4969
-3066
-1095
564
2205
4108
5939
7284
8189
8915
9410
9440
8938
8053
6958
5730
4305
2593
695
-1059
-2512
-3885
-5374
-6786
-7798
-8441
-8987
-9491
-9769
-9742
-9476
-9029
-8403
-7581
-6556
-5296
-3873
-2380
-799
961
2795
4436
5857
7204
8469
9438
10013
10293
10285
9940
9400
8843
8164
7126
5929
5077
4615
4024
3056
2194
1871
1740
1171
211
-592
-1133
-1900
-3118
-4377
-5400
-6472
-7806
-8945
-9495
-9768
-10189
-10387
-9689
-8332
-7068
-5978
-4347
-1950
418
2167
3650
5440
7279
8461
8891
9066
9235
9081
8317
7116
5847
4624
3298
1802
274
-1103
-2339
-3532
-4603
-5428
-6084
-6767
-7463
-7863
-7857
-7794
-7896
-7933
-7507
-6727
-6001
-5284
-4368
-3192
-1966
-669
879
2378
3541
4527
5747
7053
7823
8001
8076
8265
8184
7623
6860
6193
5551
4782
4097
3709
3515
3282
2998
3005
3437
3784
3609
3008
2647
2540
1824
293
-1433
-2719
-4160
-6273
-8366
-9713
-10687
-12104
-13291
-13170
-12043
-11155
-10521
-8782
-5790
-2836
-609
1778
4904
7797
9645
10986
12431
13503
13509
12738
11896
10890
9383
7395
5241
3152
1177
-577
-2332
-4277
-6088
-7317
-8171
-9295
-10652
-11527
-11774
-11997
-12410
-12479
-11873
-11018
-10222
-9069
-7299
-5310
-3469
-1589
740
3234
5350
7083
8651
10260
11558
12198
12220
11716
11052
10204
8995
7411
5547
3918
2694
1827
1263
743
423
588
1464
2604
3043
2847
2826
3269
3124
1671
-260
-1790
-3351
-5781
-8338
-10013
-11124
-12566
-13794
-13447
-11856
-10356
-9084
-6758
-3168
376
3186
5950
9027
11601
13130
14046
14716
14611
13536
11967
10223
8166
5784
3507
1347
-860
-2907
-4429
-5599
-6840
-8015
-8830
-9400
-10093
-10752
-11164
-11511
-11983
-12291
-11967
-11296
-10662
-9969
-8698
-6754
-4602
-2525
-397
2018
4502
6780
8728
10427
11848
12696
12916
12689
12157
11189
9614
7610
5623
3924
2450
967
-380
-1067
-859
-272
111
573
1674
2975
3511
3295
3232
3319
2333
213
-1740
-2916
-4598
-7458
-9878
-10664
-10742
-11664
-12485
-11516
-9204
-7221
-5781
-3317
180
3256
5339
7483
10086
11978
12541
12576
12856
12684
11397
9447
7691
6125
4289
2202
209
-1451
-2859
-4061
-5338
-6677
-7841
-8666
-9490
-10732
-11879
-12509
-12815
-13317
-13660
-13070
-11869
-10691
-9487
-7466
-4721
-2187
57
2524
5388
7871
9628
11148
12601
13547
13587
13130
12478
11464
9844
7794
5672
3659
1920
534
-510
-1207
-1192
-249
1020
1981
2792
4040
5251
5299
4420
3765
3432
1873
-1073
-3670
-5088
-6739
-9842
-12661
-13509
-13221
-13759
-14507
-13265
-10146
-7368
-5748
-3255
792
4534
6423
7790
10184
12394
12993
12532
12544
12588
11610
9925
8326
6853
5005
3073
1280
-409
-1922
-2958
-3806
-5137
-6674
-7838
-8697
-10160
-12058
-13394
-13993
-14554
-15273
-15101
-13770
-12029
-10463
-8439
-5397
-2129
655
3231
6277
9282
11455
12897
14143
15004
14803
13792
12568
11215
9275
6895
4648
2715
963
-633
-1744
-2262
-2140
-1432
-229
1191
2617
3974
5055
5712
5685
5047
3856
2408
630
-1725
-4275
-6459
-8045
-9868
-11816
-12892
-12605
-12037
-12018
-11090
-8481
-5367
-3470
-1850
1167
4532
6308
6757
8043
9941
10623
9977
9779
10409
10240
8949
7721
7176
6217
4396
2511
1096
-137
-1667
-3238
-4957
-6793
-8510
-10051
-11749
-13703
-14952
-15308
-15422
-15560
-14765
-12598
-10247
-8280
-5974
-2684
622
3167
5557
8310
10839
12269
13023
13693
14008
13407
12020
10470
8864
7062
5111
3255
1597
137
-1037
-1932
-2565
-2684
-2119
-1286
-558
222
1378
2519
3114
3159
2909
2361
1485
583
-602
-2246
-3840
-4682
-5389
-6937
-8456
-8520
-7798
-8148
-8855
-7673
-4940
-3332
-2943
-1208
2211
4623
5070
6016
8513
10420
10462
10390
11456
12086
11090
9685
8936
7956
5881
3488
1396
-868
-3433
-5643
-7544
-9801
-12074
-13405
-14073
-15110
-16031
-15720
-14446
-13531
-12755
-10733
-7829
-5431
-3664
-1167
1917
4221
5707
7442
9517
10674
10873
11027
11172
10534
9151
7883
6739
5190
3478
2176
1061
-316
-1592
-2083
-2156
-2409
-2505
-1815
-553
435
1197
2230
3597
4405
4235
3721
3468
3320
2092
23
-1765
-2543
-3452
-5559
-7515
-8020
-7655
-8493
-9675
-8907
-6391
-4711
-4391
-2654
1125
4393
5514
6787
9764
12296
12432
11732
12397
13074
11803
9484
8009
6883
4664
1884
-311
-2230
-4631
-6951
-8683
-10349
-12122
-13220
-13496
-14113
-14930
-14589
-13081
-11964
-11445
-9707
-6681
-4226
-2899
-1004
2180
4818
5995
6924
8734
10319
10527
10081
9987
9858
8596
6620
4874
3518
1862
-124
-1713
-2708
-3359
-3881
-3988
-3533
-2624
-1421
-37
1571
3294
4830
5974
6917
7635
7546
6474
5345
4527
2903
96
-2280
-3124
-4311
-6942
-9055
-8787
-8174
-9450
-10371
-8452
-5357
-4480
-4268
-1475
2695
4677
4806
6667
9665
10489
9055
8727
9927
9525
7163
5490
5286
4245
1832
100
-624
-1921
-3982
-5288
-5995
-7457
-9120
-9815
-10116
-11297
-12274
-11714
-10638
-10377
-9860
-7558
-4871
-3412
-2263
282
3090
4319
4727
5946
7555
7862
7314
7242
7431
6701
5196
4051
3149
1873
372
-567
-1139
-1766
-2043
-1643
-845
-151
964
2635
4218
5255
6267
7565
8462
8406
7485
6255
4633
2770
366
-2429
-4894
-6435
-7440
-9182
-10480
-10178
-8934
-9046
-9834
-8359
-5303
-3580
-3607
-1620
2657
5425
5488
6258
9318
10933
9422
7959
8918
9403
7275
4958
4715
4690
2632
305
-727
-1331
-2912
-4388
-5021
-5941
-7169
-7956
-8291
-9643
-11119
-11043
-10269
-10473
-10663
-8451
-5239
-3497
-2573
52
3422
4662
4357
5078
6868
7140
5924
5463
6109
6097
4940
4159
4115
3580
2221
1110
641
215
-480
-729
-449
83
829
1937
3328
4365
5412
6328
7145
7335
6639
5311
3309
1585
-560
-3300
-6294
-8128
-8702
-9970
-11434
-11576
-9818
-8980
-9636
-8844
-5606
-2819
-2676
-1868
1818
5624
6313
6130
8355
11028
10846
8963
8966
9997
9143
6688
5205
4915
3692
1646
-90
-1369
-2672
-3765
-4358
-5742
-7423
-7971
-7812
-8896
-11051
-11263
-9908
-9753
-10782
-9825
-6336
-3949
-3428
-1838
1829
4573
4781
5050
6924
8329
7656
6484
6551
6786
5803
4513
3935
3687
2833
1693
844
144
-400
-718
-831
-859
-385
851
2174
3006
3895
5159
6217
6349
5647
4645
3074
1339
-601
-2830
-5400
-7564
-8413
-9410
-10672
-11271
-9967
-8713
-9011
-8460
-5589
-2305
-1733
-1383
1679
5442
6338
5600
7308
10062
10118
8149
8009
9502
8868
6226
4878
5194
4456
2094
477
-9
-937
-2509
-3569
-4276
-5520
-6713
-7249
-7907
-9238
-9822
-9274
-8948
-9439
-8867
-6537
-4646
-4003
-2826
176
2721
3380
3934
5870
7678
7475
6721
6994
7348
6376
4836
4200
3794
2671
1263
438
-46
-769
-1317
-1405
-1081
-524
351
1523
2509
3609
4660
5513
5825
5312
4454
2961
1611
-134
-2430
-4845
-6631
-7442
-8966
-10724
-11387
-10367
-9752
-10336
-9643
-6597
-3565
-2776
-1744
1825
5572
6465
6164
8125
10745
10720
8989
8952
10267
9499
7076
5768
5969
4966
2543
842
126
-1046
-3107
-4458
-5426
-6786
-8099
-8670
-8975
-10149
-10743
-10167
-9632
-9866
-9645
-7535
-5530
-4535
-3257
-473
2535
3881
4936
6895
8938
9542
9121
9185
9357
8638
7083
5581
4396
3018
1372
-224
-1430
-2096
-2233
-2213
-2135
-1584
-283
1302
2347
3192
4219
5377
5902
5373
4578
3527
2568
814
-1677
-4020
-5655
-6623
-8712
-10859
-11582
-10658
-10382
-11253
-10431
-7200
-4078
-3289
-2038
1718
5650
6672
6503
8539
11363
11680
10036
9965
11371
11099
8776
7072
6901
6067
3674
1241
-237
-1516
-3426
-5349
-7132
-8552
-9682
-10592
-11704
-12825
-12779
-12034
-11695
-11829
-10559
-7876
-5670
-4594
-2783
640
3590
4968
6065
8388
10292
10405
9672
9598
9658
8290
6167
4489
3412
1948
145
-1206
-1843
-2182
-2210
-1875
-1200
-184
1127
2944
4235
5183
5875
6869
7305
6255
4775
3521
2685
258
-2964
-5313
-6233
-7732
-10774
-12651
-12197
-11058
-11901
-12531
-10288
-6525
-4586
-4144
-1588
2922
5811
6089
6977
9904
11909
11086
9997
10747
11682
10308
8085
7205
6978
5468
2832
831
-457
-1859
-3766
-5578
-7168
-8269
-9006
-9832
-10920
-11501
-10885
-10062
-9979
-9688
-7870
-5418
-3957
-3126
-1008
1981
3960
4568
5537
7389
8392
7805
7037
7159
7013
5600
3826
2935
2362
1218
-256
-1067
-1222
-1303
-1266
-890
-148
874
2255
3620
4503
4895
5642
6367
5896
4453
3132
2717
1193
-1755
-4358
-5344
-5999
-8582
-10989
-11192
-9937
-10167
-11431
-10409
-7270
-5019
-4781
-3316
571
3953
4813
5338
7889
10477
10732
9787
10151
11252
10772
8924
7551
7051
6012
3859
1643
-3
-1393
-3038
-4866
-6583
-7857
-8685
-9498
-10535
-11338
-11147
-10507
-10181
-9960
-8640
-6383
-4499
-3185
-1381
1460
3831
5182
6312
7972
9374
9456
9029
8861
8679
7638
5939
4486
3347
1974
264
-1157
-2037
-2567
-2864
-2820
-2136
-1200
103
1554
2874
4006
4759
5826
6031
5332
3992
3012
2114
-495
-3411
-5583
-6330
-8148
-11020
-12231
-11514
-10800
-11901
-11803
-9022
-5894
-4741
-3790
-174
4077
6048
6533
8667
11964
13066
12161
11901
13046
12924
10763
8723
7802
6660
4053
1265
-757
-2353
-4330
-6469
-8286
-9644
-10562
-11279
-12055
-12795
-12662
-11717
-10960
-10600
-9403
-6904
-4498
-3121
-1419
1545
4372
5678
6515
8376
10196
10353
9526
9429
9632
8597
6470
4859
3985
2596
556
-1156
-1975
-2534
-3125
-3299
-2850
-1980
-773
589
1817
2789
3914
5261
5605
4778
3772
3455
2611
13
-2760
-4012
-4583
-6738
-9468
-10110
-8975
-9007
-10445
-10117
-7192
-4746
-4432
-3511
2
3738
4874
5119
7374
10380
11147
10003
10020
11414
11480
9599
7801
7399
6845
4769
2177
304
-893
-2513
-4818
-6998
-8476
-9263
-10404
-11904
-13010
-12844
-12055
-12092
-12036
-10829
-8168
-6144
-5175
-3337
-178
2847
4057
5111
7412
9887
10564
9912
10187
11027
10646
8506
6603
5937
4861
2519
-20
-1204
-1602
-2382
-3380
-3589
-2698
-1457
-489
71
931
2471
3911
3895
2754
2147
2604
1833
-1128
-3891
-4579
-4773
-7466
-10498
-10794
-9182
-9455
-11188
-10258
-6491
-3812
-3656
-2152
2064
6141
7328
7892
10560
13434
14210
13290
13118
14003
13574
11634
9402
7894
6663
4170
1157
-1722
-3794
-5506
-8015
-10759
-12673
-13302
-13878
-15337
-16176
-15095
-13496
-12743
-12172
-9831
-6477
-4224
-2631
-327
3067
5673
6955
8349
10284
11946
12129
11666
11574
11376
10243
8106
6087
4560
2808
537
-1755
-3062
-3483
-4002
-4553
-4392
-2910
-1212
-144
582
1925
3884
4723
4145
2941
2837
2692
576
-2687
-5027
-5409
-6866
-10097
-12410
-11848
-10457
-11310
-12221
-10083
-5864
-3560
-3014
-549
4304
8056
8940
9964
12869
15480
15527
14303
14368
14790
13560
10949
8571
7042
4935
2101
-843
-3564
-5745
-7670
-9663
-11921
-13601
-14040
-14128
-14885
-15202
-13988
-12107
-10913
-9968
-7526
-4507
-2254
-624
1642
4594
6677
7881
9107
10658
11692
11639
11115
10813
10291
8901
6874
4949
3462
1711
-480
-2352
-3418
-3817
-4386
-4836
-4288
-2968
-1686
-1072
-247
1488
2915
3067
2281
1984
2361
1399
-978
-3284
-4210
-5035
-7465
-9838
-10328
-9556
-10012
-10964
-9831
-6746
-4556
-3776
-1542
2627
6119
7439
9093
12252
14705
14923
14519
15352
15803
14331
11879
10063
8578
6102
2793
-364
-2967
-5390
-8001
-10678
-12879
-14182
-14942
-15773
-16432
-16029
-14608
-13201
-12129
-10397
-7448
-4407
-2206
-231
2595
5812
8040
9244
10512
12239
13317
13119
12336
11848
11397
9913
7512
5224
3713
2169
-357
-2854
-4010
-4149
-4834
-5952
-5763
-4099
-2702
-2442
-1884
50
2034
2306
1497
1394
2187
1775
-697
-3146
-3821
-4092
-6402
-9438
-10092
-8832
-8917
-10522
-10143
-6827
-4154
-3832
-2736
1216
5315
6632
7204
9994
13282
14146
13352
13743
14998
14472
12278
10324
9147
7363
4448
1379
-1393
-3928
-6344
-8789
-11346
-13428
-14373
-14681
-15525
-16169
-15152
-13078
-11662
-10816
-8458
-4717
-1939
-428
1729
5239
8053
8931
9630
11221
12555
12257
11054
10460
10056
8667
6350
4201
2843
1507
-428
-2417
-3565
-3647
-3707
-4194
-4250
-3028
-1308
-423
-166
937
2840
3590
2696
1734
1995
1759
-548
-3399
-4691
-5067
-6948
-9724
-10736
-9771
-9336
-10177
-9808
-7073
-4257
-3012
-1751
1309
4907
6890
7913
9775
12192
13419
13229
13145
13578
13304
11673
9670
8143
6503
3939
914
-1771
-4177
-6687
-9318
-11578
-13395
-14756
-15570
-16005
-15985
-15283
-13819
-11971
-10058
-7660
-4586
-1508
1098
3533
6304
8974
10655
11562
12419
13231
13240
12205
11019
9998
8540
6326
3983
2191
574
-1308
-3180
-4373
-4790
-4894
-4950
-4669
-3554
-1876
-452
536
1856
3560
4501
3985
3140
3017
2354
68
-2732
-4186
-5070
-7218
-9692
-10335
-9458
-9458
-10147
-9167
-6301
-4083
-3258
-1580
1740
4693
5856
6909
9176
11187
11563
11220
11651
12232
11575
9948
8645
7804
6381
4051
1483
-648
-2719
-5190
-8020
-10646
-12437
-13916
-15566
-17067
-17405
-16408
-15436
-14653
-12919
-9687
-6136
-3459
-705
3023
6872
9496
11194
13093
14935
15685
15216
14373
13455
12009
9819
7194
4667
2476
356
-1867
-3850
-5003
-5247
-5285
-5269
-4467
-2672
-722
580
1837
3634
5044
5031
4087
3516
2780
708
-2166
-4374
-5810
-7878
-10290
-11440
-11222
-11038
-11225
-10382
-8017
-5559
-3804
-1734
1272
4365
6490
8124
10179
12000
12880
12933
12941
13038
12303
11005
9474
7913
6270
4158
1840
-780
-3326
-5597
-7990
-10605
-12965
-14533
-15807
-17157
-17910
-17330
-16156
-15205
-13754
-10955
-7389
-4367
-1503
2057
5795
8829
11064
13320
15216
16070
16111
15694
14905
13309
11177
8811
6207
3537
1100
-1003
-3072
-4804
-5688
-5760
-5695
-5359
-4034
-2094
-535
534
2148
3964
4633
3924
3273
3061
1723
-874
-3398
-4729
-6275
-8933
-10852
-11082
-10625
-11066
-11259
-9463
-6840
-5040
-3611
-888
2568
5070
6660
8762
11323
12795
13220
13479
13924
13779
12669
11322
9807
8056
5980
3572
862
-1983
-4534
-6999
-9684
-12279
-14140
-15408
-16720
-17747
-17637
-16581
-15488
-14371
-12288
-9055
-5920
-3220
-267
3281
6714
9216
11382
13509
15213
15944
15773
15312
14480
13022
10800
8149
5617
3259
856
-1634
-3756
-5048
-5794
-6314
-6314
-5406
-3894
-2690
-1578
155
2134
3158
3008
2987
3298
2564
489
-1574
-2722
-4206
-6830
-9014
-9632
-9680
-10536
-11157
-9943
-7766
-6194
-4945
-2519
879
3590
5428
7650
10433
12485
13374
13879
14585
14742
13821
12412
10771
8892
6573
3897
1049
-1982
-4819
-7349
-9998
-12509
-14399
-15597
-16600
-17589
-17517
-16489
-15274
-14024
-12117
-9145
-6170
-3530
-562
2880
6177
8769
11113
13449
15161
15919
16032
15889
15190
13570
11298
8864
6389
3759
994
-1544
-3608
-5086
-6074
-6701
-6565
-5659
-4297
-3170
-2009
-42
1875
2744
2567
2824
3399
2439
233
-1558
-2326
-3921
-6882
-8829
-8924
-9026
-10295
-10973
-9239
-6857
-5823
-4906
-2352
1224
3520
4648
6686
9607
11640
12049
12198
13356
14142
13340
11598
10289
9526
7756
4811
1851
-344
-2525
-5552
-8836
-11191
-12776
-14573
-16639
-17829
-17580
-16924
-16509
-15673
-13478
-10441
-7693
-5198
-2065
1699
5212
7912
10292
12832
14820
15843
15953
15894
15602
14289
12114
9550
7320
5097
2274
-600
-2862
-4148
-5113
-6215
-6480
-5716
-4310
-3361
-2530
-726
1175
2209
2050
2185
2764
2198
375
-1416
-2321
-3544
-5847
-7757
-8176
-8272
-8970
-9401
-8241
-6203
-4930
-3748
-1655
1073
3303
4723
6526
8534
9993
10801
11288
11836
11915
11406
10473
9230
7814
6203
4193
1730
-807
-3130
-5316
-7924
-10469
-12279
-13660
-14934
-16174
-16349
-15606
-14872
-13927
-12390
-9853
-7263
-4953
-2256
754
3736
6226
8553
10839
12533
13626
14397
14860
14676
13702
12388
10849
8893
6646
4281
1987
-243
-2168
-3555
-4571
-5241
-5401
-4901
-3980
-3060
-2016
-797
293
828
926
1099
887
-111
-1589
-2712
-3683
-5230
-6835
-7606
-7627
-7961
-8281
-7410
-5581
-4090
-3096
-1282
1444
3657
4978
6515
8598
10068
10506
10829
11516
11636
10737
9573
8577
7398
5563
3429
1305
-905
-3119
-5362
-7621
-9772
-11571
-12947
-14262
-15297
-15535
-15159
-14668
-14072
-12614
-10297
-8018
-5917
-3401
-216
2824
5246
7616
10132
12254
13466
14227
14922
15064
14289
12862
11380
9766
7641
5188
2760
660
-1197
-2844
-4159
-4968
-5116
-4795
-4280
-3563
-2383
-1113
-310
-73
283
722
306
-995
-2297
-3019
-4064
-5838
-7282
-7594
-7555
-8013
-8120
-6904
-4978
-3595
-2399
-298
2441
4615
6025
7668
9669
11060
11466
11643
12077
12083
11080
9555
8230
6981
5099
2537
9
-2033
-4042
-6574
-9186
-11119
-12429
-13882
-15525
-16396
-16182
-15626
-15349
-14716
-12866
-10275
-7892
-5797
-3159
221
3478
5948
8090
10505
12798
14106
14469
14812
15181
14670
12994
11203
9961
8417
5958
3347
1569
269
-1359
-2945
-3715
-3697
-3544
-3468
-3041
-2100
-1204
-840
-931
-938
-826
-1355
-2640
-3950
-4690
-5406
-6671
-7697
-7714
-7288
-7215
-7030
-5679
-3669
-2236
-1144
601
3056
4965
6076
7354
9027
10307
10644
10730
11132
11276
10491
9117
7824
6642
4896
2401
-163
-2444
-4543
-6973
-9648
-11833
-13373
-14578
-15919
-16912
-16810
-16001
-15211
-14425
-12643
-9828
-7148
-5000
-2536
798
3983
6131
7901
10063
12040
12958
13127
13458
13765
13230
11985
10751
9865
8686
6898
5054
3651
2534
1204
-115
-815
-917
-1082
-1474
-1469
-894
-570
-1045
-1688
-1783
-2012
-3202
-4703
-5408
-5712
-6807
-8105
-8129
-7103
-6718
-7047
-6258
-4008
-2104
-1406
-429
1798
3977
4915
5550
7069
8739
9292
9159
9530
10225
10215
9229
8092
7263
6227
4458
2085
-158
-2051
-4114
-6713
-9340
-11189
-12474
-13986
-15607
-16387
-16051
-15488
-15162
-14311
-12351
-9823
-7663
-5616
-2921
173
2826
4753
6692
8893
10614
11386
11714
12297
12803
12446
11409
10511
9894
8882
7191
5513
4373
3430
2174
916
428
517
329
-341
-549
29
239
-731
-1971
-2219
-2427
-3845
-5815
-6669
-6692
-7648
-9035
-9069
-7690
-6919
-7162
-6319
-3754
-1357
-495
319
2565
5086
6203
6505
7664
9306
9907
9436
9325
9918
9887
8685
7290
6428
5556
3879
1693
-348
-2178
-4110
-6394
-8627
-10499
-11978
-13279
-14690
-15480
-15402
-14786
-14286
-13725
-11913
-9364
-7012
-5187
-2918
280
3045
4914
6502
8522
10344
11099
11313
11664
12035
11679
10625
9521
8608
7608
6181
4582
3289
2477
1896
1323
885
728
894
1015
1038
921
549
-31
-913
-1856
-3158
-4647
-5925
-6977
-8000
-9212
-9674
-9112
-8314
-7905
-7272
-5342
-2866
-1152
-6
1745
4029
5626
6264
7054
8223
8797
8521
8170
8302
8131
7199
6050
5205
4469
3223
1642
191
-1080
-2537
-4402
-6179
-7443
-8548
-10012
-11586
-12342
-12230
-12219
-12576
-12371
-10963
-9167
-7883
-6549
-4329
-1647
517
2249
4360
6703
8553
9710
10703
11750
12374
12422
11975
11320
10549
9534
8198
6583
5206
4223
3253
2091
1231
1034
977
442
-155
-129
-101
-863
-2221
-3154
-3772
-5084
-6857
-8155
-8744
-9571
-10632
-10733
-9743
-8756
-8260
-7099
-4670
-2189
-630
808
3005
5211
6404
7075
8144
9126
9130
8510
8236
8235
7591
6259
4983
4089
3178
1820
311
-1106
-2431
-3806
-5343
-6790
-8031
-9143
-10386
-11605
-12194
-12135
-12032
-12201
-11904
-10534
-8715
-7190
-5758
-3581
-844
1587
3651
5895
8401
10394
11603
12640
13787
14448
14102
13242
12524
11777
10423
8597
7007
5822
4625
3183
2044
1556
1220
525
-277
-464
-450
-1099
-2437
-3609
-4275
-5358
-7148
-8909
-9906
-10647
-11780
-12564
-12238
-11232
-10542
-9765
-7802
-5022
-2696
-955
1296
4121
6382
7667
8897
10305
11070
10898
10496
10386
9894
8666
7120
5781
4627
3247
1617
-137
-1770
-3154
-4548
-6081
-7605
-8851
-9872
-10980
-11891
-12207
-12131
-12116
-12073
-11293
-9760
-8195
-6821
-5078
-2678
-184
1963
4086
6440
8556
10085
11278
12492
13369
13450
12994
12490
11951
10962
9565
8153
6949
5760
4522
3436
2671
2061
1364
632
50
-299
-904
-2057
-3468
-4578
-5555
-7134
-9067
-10468
-11147
-11999
-13064
-13200
-12135
-10977
-10248
-8785
-5966
-2983
-881
1058
3807
6689
8461
9360
10432
11568
11788
11093
10403
9937
8980
7337
5671
4339
3001
1407
-259
-1868
-3402
-4824
-6108
-7441
-8838
-9971
-10776
-11486
-12077
-12196
-11820
-11413
-10943
-9808
-7995
-6126
-4487
-2550
-52
2393
4405
6336
8389
10155
11258
12046
12859
13337
13112
12399
11703
11036
9933
8419
7009
5891
4767
3410
2278
1654
1166
459
-317
-665
-806
-1405
-2517
-3602
-4327
-5311
-6991
-8692
-9742
-10434
-11488
-12473
-12381
-11426
-10525
-9737
-8061
-5347
-2726
-747
1313
3976
6468
7976
8912
9956
10779
10841
10291
9689
9039
7966
6552
5075
3704
2337
826
-808
-2430
-3817
-5042
-6423
-7902
-9111
-9881
-10567
-11359
-11820
-11670
-11174
-10696
-9977
-8620
-6847
-5048
-3250
-1147
1158
3295
5204
6998
8734
10102
11010
11601
11949
12019
11652
10943
10029
9041
7942
6707
5455
4322
3397
2521
1745
1213
906
612
201
-53
-244
-674
-1533
-2526
-3412
-4556
-6052
-7542
-8614
-9533
-10552
-11159
-10904
-10126
-9368
-8294
-6348
-3904
-1751
167
2452
4908
6775
7941
9000
10061
10549
10266
9686
9219
8567
7374
5821
4382
3154
1766
73
-1633
-3060
-4390
-5870
-7346
-8520
-9437
-10362
-11248
-11742
-11730
-11461
-11139
-10572
-9449
-7904
-6283
-4662
-2791
-688
1308
3037
4686
6397
7825
8744
9358
9911
10323
10241
9799
9343
8842
8096
7124
6320
5714
4949
4061
3374
3065
2787
2266
1755
1454
1246
691
-233
-1189
-2045
-3121
-4657
-6226
-7394
-8301
-9431
-10501
-10761
-10251
-9640
-9099
-7847
-5685
-3481
-1678
270
2791
5138
6633
7771
9153
10337
10521
10033
9675
9368
8420
6815
5211
3822
2317
515
-1309
-2973
-4466
-5880
-7245
-8447
-9450
-10186
-10761
-11172
-11297
-11094
-10500
-9720
-8835
-7693
-6151
-4333
-2648
-1097
633
2533
4250
5584
6779
7968
8925
9509
9879
10187
10280
9959
9431
8891
8235
7340
6277
5305
4378
3417
2629
2083
1610
1042
582
484
319
-334
-1289
-2059
-2710
-3914
-5611
-7118
-8159
-9272
-10693
-11646
-11564
-10914
-10377
-9518
-7579
-4942
-2516
-354
2221
5059
7332
8909
10311
11613
12197
12006
11522
10934
9912
8364
6695
4973
3112
1138
-702
-2462
-4355
-6185
-7756
-9117
-10512
-11771
-12605
-13181
-13588
-13643
-13068
-12138
-11201
-9987
-8206
-6049
-4059
-2174
-14
2270
4279
5962
7674
9276
10386
11118
11807
12413
12497
12136
11706
11171
10251
9012
7829
6714
5478
4220
3279
2648
2129
1678
1360
1238
1045
619
-92
-1005
-1993
-3322
-5098
-7012
-8711
-10234
-11909
-13422
-13998
-13688
-13116
-12370
-10771
-8063
-5231
-2810
-194
2964
5918
7807
9200
10883
12232
12434
11867
11525
11258
10102
8338
6842
5593
3916
1786
-14
-1465
-3187
-5215
-7030
-8441
-9769
-11134
-12215
-12840
-13036
-12791
-12214
-11408
-10311
-8716
-6785
-4977
-3255
-1296
828
2581
3910
5405
7068
8227
8670
9099
9954
10518
10230
9625
9387
9186
8261
6933
6029
5472
4603
3400
2706
2745
2775
2375
1945
2041
2238
1805
710
-475
-1457
-2826
-4910
-7167
-8876
-10271
-11918
-13407
-13861
-13251
-12475
-11644
-9987
-7311
-4467
-2098
306
3105
5707
7489
8805
10196
11281
11470
11037
10689
10371
9497
8037
6618
5467
4193
2582
947
-447
-1898
-3580
-5217
-6536
-7750
-9064
-10187
-10808
-11001
-11015
-10744
-10074
-9044
-7773
-6275
-4540
-2808
-1155
464
2114
3704
5067
6220
7186
7976
8563
8950
9174
9209
8954
8417
7715
6986
6208
5208
4120
3143
2447
1916
1348
914
667
588
414
-3
-531
-1240
-2131
-3347
-4850
-6380
-7827
-9128
-10461
-11611
-12107
-11927
-11431
-10812
-9633
-7647
-5358
-3271
-1172
1344
3927
5870
7277
8871
10538
11434
11371
11237
11482
11296
10155
8654
7501
6405
4697
2620
770
-871
-2677
-4646
-6362
-7753
-9011
-10111
-10926
-11366
-11422
-11049
-10341
-9476
-8304
-6675
-4812
-3088
-1417
458
2294
3799
5106
6478
7607
8195
8570
9025
9289
8951
8334
7867
7328
6336
5114
4172
3427
2473
1431
832
748
619
265
91
393
674
320
-439
-1156
-1818
-2992
-4745
-6431
-7700
-8860
-10300
-11487
-11707
-11199
-10758
-10296
-8946
-6612
-4282
-2452
-396
2271
4854
6654
8070
9699
11148
11818
11869
11932
11959
11403
10173
8763
7472
5948
3899
1592
-478
-2332
-4326
-6460
-8301
-9602
-10671
-11693
-12413
-12515
-12171
-11709
-11005
-9807
-8188
-6535
-4870
-2970
-847
1159
2860
4477
6134
7619
8616
9230
9765
10167
10141
9677
9077
8411
7470
6264
5056
3948
2862
1788
930
411
142
-4
-104
-27
269
470
233
-410
-1028
-1671
-2870
-4579
-6151
-7264
-8449
-9906
-10852
-10838
-10417
-10077
-9297
-7452
-5074
-2961
-941
1583
4404
6685
8293
9819
11314
12200
12290
12067
11797
11102
9806
8256
6690
4967
2958
887
-1077
-3034
-4975
-6781
-8355
-9756
-10991
-11906
-12548
-12950
-12999
-12592
-11844
-10991
-9898
-8359
-6503
-4611
-2780
-816
1269
3203
4898
6446
7867
8958
9644
10106
10435
10466
10107
9525
8837
7965
6866
5695
4551
3411
2373
1637
1184
822
548
564
845
991
767
385
59
-500
-1658
-3244
-4724
-6023
-7540
-9276
-10605
-11107
-11155
-11113
-10618
-9123
-6856
-4533
-2232
447
3458
6158
8219
9981
11628
12763
12997
12600
12088
11411
10147
8305
6401
4702
2958
992
-953
-2688
-4322
-5955
-7444
-8665
-9786
-10879
-11800
-12397
-12637
-12582
-12238
-11666
-10809
-9526
-7879
-6084
-4248
-2287
-249
1689
3559
5416
7044
8173
8957
9735
10367
10478
10131
9689
9213
8420
7275
6150
5140
4075
2972
2167
1812
1589
1343
1254
1476
1752
1710
1342
847
262
-696
-2203
-3958
-5583
-7116
-8809
-10498
-11578
-11853
-11729
-11382
-10416
-8446
-5931
-3514
-1096
1689
4631
6971
8640
10168
11567
12241
12013
11510
11040
10211
8770
7090
5550
4020
2316
573
-1045
-2673
-4355
-5906
-7212
-8423
-9708
-10840
-11622
-12034
-12175
-12063
-11591
-10793
-9623
-8105
-6388
-4612
-2827
-945
958
2751
4406
5929
7208
8150
8896
9589
10058
10072
9764
9366
8868
8070
6986
5871
4830
3870
2947
2201
1725
1416
1149
887
793
743
416
-270
-1094
-1917
-3032
-4570
-6155
-7460
-8678
-10012
-11019
-11151
-10689
-10169
-9340
-7590
-5109
-2725
-566
1899
4567
6739
8197
9486
10745
11340
11068
10486
10044
9365
8046
6446
5040
3716
2142
445
-1026
-2387
-3940
-5537
-6859
-7871
-8911
-10068
-10984
-11432
-11444
-11262
-10882
-10073
-8850
-7282
-5576
-3785
-1978
-264
1417
2968
4363
5553
6578
7433
8056
8553
8975
9262
9269
9015
8604
8028
7266
6351
5367
4351
3337
2501
1917
1479
1081
742
618
581
331
-175
-828
-1511
-2523
-3998
-5503
-6762
-7963
-9472
-10785
-11141
-10800
-10499
-10160
-8865
-6505
-4098
-2113
128
2999
5714
7542
8926
10507
11834
12141
11649
11205
10856
9842
8070
6177
4590
2974
983
-1075
-2908
-4521
-6102
-7604
-8876
-9914
-10808
-11548
-12022
-12203
-11976
-11391
-10524
-9466
-8092
-6265
-4257
-2385
-688
1062
2779
4237
5411
6461
7415
8097
8568
9008
9448
9677
9544
9212
8840
8304
7463
6381
5309
4270
3224
2324
1664
1210
765
437
390
414
175
-457
-1126
-1735
-2795
-4411
-6061
-7293
-8519
-10111
-11254
-11353
-10908
-10642
-10103
-8298
-5693
-3474
-1634
806
3862
6272
7639
9018
10720
11757
11634
11222
11202
10737
9288
7522
6106
4711
2701
498
-1310
-2885
-4621
-6452
-7872
-8841
-9814
-10827
-11586
-11828
-11740
-11584
-11173
-10370
-9179
-7781
-6226
-4455
-2631
-879
784
2386
3945
5238
6260
7109
7908
8614
9014
9210
9302
9320
9052
8489
7836
7089
6200
5157
4160
3321
2593
2027
1586
1255
1042
867
655
226
-372
-1038
-1963
-3247
-4740
-6108
-7312
-8603
-9722
-10250
-10184
-9857
-9319
-8072
-6134
-4109
-2215
-86
2400
4579
6111
7527
9030
10020
10127
9930
9925
9551
8366
6826
5457
4055
2203
208
-1528
-3097
-4717
-6249
-7417
-8246
-8952
-9554
-9918
-10038
-9956
-9690
-9225
-8619
-7841
-6748
-5391
-3951
-2457
-837
827
2345
3713
4978
6062
6875
7454
7888
8169
8324
8388
8365
8194
7837
7396
6962
6472
5765
4899
4197
3705
3089
2271
1607
1218
652
-331
-1331
-2125
-3051
-4398
-5899
-7139
-8192
-9249
-10243
-10852
-10891
-10543
-9952
-8991
-7457
-5459
-3348
-1246
1033
3448
5630
7340
8769
10083
10953
11144
10884
10494
9870
8771
7321
5739
4118
2433
708
-1046
-2746
-4233
-5471
-6571
-7609
-8397
-8906
-9276
-9623
-9855
-9749
-9437
-9024
-8458
-7550
-6256
-4791
-3242
-1607
160
1927
3483
4826
5997
6948
7539
7874
8189
8437
8417
8195
8006
7821
7452
6935
6430
5914
5345
4727
4062
3370
2761
2204
1463
508
-450
-1376
-2508
-3871
-5238
-6542
-7857
-9075
-10061
-10871
-11417
-11441
-10950
-10212
-9180
-7542
-5408
-3204
-1003
1423
3943
6134
7837
9285
10539
11335
11507
11184
10672
9948
8864
7420
5827
4257
2570
767
-1007
-2609
-4121
-5591
-6834
-7799
-8594
-9296
-9813
-10054
-10070
-9914
-9578
-8998
-8069
-6805
-5393
-3940
-2274
-333
1514
2953
4207
5522
6541
6971
7096
7293
7355
7006
6600
6395
6169
5645
5109
4885
4753
4412
3917
3619
3545
3424
3086
2651
2333
1966
1306
300
-837
-1917
-3140
-4636
-6200
-7501
-8546
-9569
-10368
-10603
-10302
-9747
-8950
-7571
-5649
-3549
-1453
739
3093
5343
7189
8639
9816
10760
11269
11180
10716
10071
9190
7868
6223
4611
2975
1140
-826
-2633
-4173
-5636
-7021
-8196
-9090
-9786
-10303
-10533
-10514
-10344
-10011
-9321
-8273
-7100
-5920
-4533
-2840
-1145
295
1552
2870
4087
4874
5306
5668
6128
6400
6300
6131
6208
6461
6419
6079
5895
5947
5907
5501
5068
4901
4795
4438
3843
3358
2913
2130
915
-396
-1563
-2901
-4633
-6342
-7622
-8619
-9669
-10550
-10714
-10259
-9696
-9082
-7865
-5883
-3788
-1971
-67
2311
4770
6692
8113
9473
10775
11522
11533
11182
10756
9966
8502
6665
4937
3308
1385
-845
-2856
-4364
-5660
-7074
-8396
-9176
-9528
-9834
-10168
-10158
-9664
-9007
-8422
-7759
-6665
-5281
-3993
-2880
-1668
-270
1035
2048
2864
3604
4203
4669
5022
5292
5446
5544
5722
5959
6130
6119
6044
6078
6145
6021
5704
5484
5420
5237
4749
4131
3614
2961
1798
193
-1325
-2655
-4295
-6391
-8272
-9398
-10236
-11259
-12013
-11824
-10959
-10102
-9146
-7484
-5165
-2867
-831
1378
3963
6425
8244
9611
10919
12002
12365
12003
11404
10651
9394
7542
5563
3777
1950
-99
-2165
-3833
-5113
-6270
-7411
-8274
-8650
-8816
-9041
-9179
-8842
-8210
-7709
-7296
-6517
-5281
-4096
-3178
-2219
-892
514
1588
2409
3263
4166
4821
5222
5562
5856
6016
6038
6065
6042
5827
5520
5278
5109
4823
4403
4078
3952
3862
3552
3093
2734
2393
1688
516
-735
-1849
-3153
-4898
-6698
-8055
-9072
-10174
-11209
-11578
-11217
-10631
-9971
-8742
-6729
-4468
-2381
-162
2487
5189
7352
8999
10530
11834
12471
12306
11726
10946
9752
8001
5941
3977
2141
234
-1727
-3403
-4602
-5545
-6472
-7193
-7458
-7455
-7560
-7696
-7468
-6942
-6559
-6375
-5914
-5018
-4099
-3406
-2624
-1444
-133
935
1847
2906
4011
4805
5241
5651
6110
6253
5993
5616
5406
5161
4592
3887
3386
3177
2923
2522
2213
2197
2361
2356
2162
1952
1786
1419
626
-417
-1534
-2800
-4310
-5900
-7329
-8628
-9844
-10724
-11036
-10885
-10486
-9686
-8164
-6085
-3936
-1786
682
3480
6047
8016
9675
11241
12380
12728
12468
11960
11093
9649
7847
6045
4257
2224
134
-1590
-2956
-4283
-5658
-6676
-7173
-7526
-7980
-8361
-8322
-8035
-7862
-7715
-7272
-6493
-5743
-5064
-4139
-2851
-1522
-408
683
1963
3317
4419
5146
5681
6203
6677
6831
6581
6150
5806
5503
4988
4342
3753
3346
2992
2655
2439
2280
2110
1914
1775
1592
1115
362
-501
-1449
-2628
-4070
-5513
-6854
-8110
-9261
-10125
-10545
-10588
-10285
-9582
-8352
-6687
-4783
-2738
-518
1856
4190
6272
8017
9547
10799
11600
11839
11663
11272
10538
9380
7907
6396
4874
3175
1340
-374
-1843
-3255
-4708
-6013
-6909
-7550
-8218
-8796
-8921
-8599
-8273
-8031
-7456
-6367
-5214
-4298
-3323
-1981
-562
498
1378
2415
3459
4118
4441
4843
5286
5381
5118
4899
4847
4593
4008
3457
3221
3048
2591
2077
1911
2030
2008
1714
1483
1461
1373
899
78
-778
-1601
-2587
-3893
-5279
-6379
-7203
-7987
-8703
-8950
-8596
-7931
-7157
-6085
-4473
-2568
-769
902
2699
4602
6202
7302
8166
8995
9545
9528
9124
8712
8257
7429
6221
5006
3966
2841
1430
-62
-1343
-2467
-3685
-4951
-5991
-6737
-7403
-7972
-8241
-8172
-7960
-7663
-7069
-6221
-5337
-4501
-3539
-2374
-1257
-324
560
1583
2603
3380
3988
4618
5254
5635
5732
5758
5753
5547
5062
4528
4067
3572
2929
2289
1899
1722
1505
1155
938
985
1004
654
21
-527
-1011
-1786
-2978
-4259
-5238
-6016
-6891
-7793
-8257
-8074
-7588
-7058
-6250
-4862
-3122
-1473
69
1779
3593
5111
6189
7101
7960
8474
8505
8282
8036
7610
6819
5838
4936
4068
2979
1692
518
-450
-1478
-2748
-3965
-4844
-5533
-6366
-7246
-7726
-7776
-7741
-7801
-7610
-6963
-6147
-5438
-4686
-3602
-2384
-1334
-395
741
1997
2991
3681
4396
5245
5837
5935
5820
5847
5836
5423
4675
4021
3628
3193
2529
1890
1623
1606
1435
1135
1027
1118
1010
519
-39
-482
-1090
-2108
-3276
-4195
-4949
-5855
-6762
-7201
-7071
-6797
-6512
-5823
-4510
-2972
-1656
-362
1248
2989
4326
5192
6006
6884
7444
7432
7187
7012
6724
6045
5140
4373
3667
2737
1594
552
-280
-1182
-2322
-3502
-4400
-5104
-5928
-6840
-7471
-7670
-7732
-7843
-7756
-7239
-6505
-5798
-5033
-3997
-2788
-1683
-641
521
1769
2846
3689
4528
5410
6070
6345
6417
6500
6451
6058
5372
4674
4089
3424
2613
1847
1368
1089
771
454
269
240
218
66
-223
-612
-994
-1385
-1956
-2727
-3479
-3995
-4404
-4885
-5250
-5237
-4933
-4593
-4149
-3365
-2366
-1472
-636
430
1621
2552
3219
3992
4931
5609
5850
6026
6396
6613
6315
5750
5299
4832
3954
2705
1462
335
-936
-2462
-3986
-5247
-6319
-7397
-8384
-8991
-9162
-9147
-9075
-8688
-7827
-6758
-5798
-4795
-3424
-1871
-557
535
1790
3220
4404
5200
5940
6802
7443
7604
7511
7425
7157
6450
5462
4517
3598
2507
1341
435
-112
-571
-1031
-1225
-1064
-822
-737
-659
-485
-404
-542
-808
-1101
-1509
-2053
-2553
-2949
-3344
-3765
-3990
-3906
-3736
-3613
-3342
-2732
-2019
-1461
-885
-33
979
1832
2551
3421
4428
5278
5859
6344
6784
6963
6767
6314
5695
4770
3478
2040
627
-896
-2679
-4430
-5816
-6946
-8123
-9234
-9822
-9844
-9706
-9579
-9087
-8000
-6679
-5501
-4279
-2693
-951
547
1810
3169
4599
5720
6481
7172
7887
8310
8253
8008
7763
7260
6250
4979
3845
2733
1352
-127
-1240
-1920
-2498
-3038
-3241
-2961
-2511
-2189
-1853
-1348
-844
-600
-553
-521
-551
-739
-999
-1180
-1359
-1585
-1722
-1669
-1565
-1567
-1488
-1170
-806
-606
-431
1
581
1070
1498
2082
2848
3542
4119
4687
5223
5520
5484
5228
4766
3986
2841
1473
-15
-1629
-3309
-4918
-6379
-7739
-8918
-9736
-10170
-10341
-10267
-9817
-8926
-7711
-6327
-4790
-3070
-1217
612
2296
3863
5344
6653
7663
8401
8967
9338
9395
9091
8545
7841
6911
5668
4207
2726
1311
-91
-1429
-2542
-3341
-3835
-4063
-3998
-3662
-3151
-2533
-1852
-1207
-708
-353
-102
15
-57
-239
-405
-581
-820
-1031
-1099
-1068
-1093
-1141
-1054
-848
-658
-507
-271
71
428
808
1289
1837
2384
2965
3617
4222
4692
5061
5280
5168
4698
3973
2980
1638
23
-1685
-3423
-5175
-6829
-8242
-9411
-10338
-10911
-11049
-10806
-10256
-9335
-7998
-6355
-4562
-2667
-669
1330
3175
4802
6251
7489
8423
9026
9356
9427
9161
8585
7791
6801
5554
4101
2612
1163
-261
-1577
-2630
-3374
-3869
-4064
-3860
-3314
-2606
-1831
-968
-45
779
1350
1644
1724
1658
1444
1026
449
-140
-631
-1066
-1497
-1843
-2024
-2100
-2124
-2027
-1763
-1415
-1065
-618
-29
591
1174
1800
2535
3235
3790
4305
4839
5212
5229
4959
4550
3884
2761
1293
-246
-1801
-3487
-5247
-6788
-8003
-9029
-9867
-10328
-10330
-10030
-9491
-8584
-7285
-5751
-4133
-2403
-544
1280
2915
4356
5665
6792
7608
8091
8322
8364
8153
7619
6854
5957
4910
3665
2314
1030
-156
-1303
-2328
-3042
-3402
-3519
-3422
-3006
-2293
-1461
-663
126
924
1583
1935
2014
1966
1819
1474
932
371
-116
-566
-1031
-1426
-1672
-1812
-1880
-1862
-1714
-1509
-1267
-917
-447
55
539
1089
1764
2485
3144
3699
4178
4588
4831
4771
4373
3717
2850
1720
351
-1130
-2610
-4046
-5378
-6533
-7473
-8154
-8539
-8620
-8446
-8033
-7341
-6379
-5236
-3998
-2684
-1300
81
1379
2571
3653
4570
5270
5783
6136
6282
6178
5859
5386
4763
3978
3041
2005
942
-74
-1015
-1866
-2533
-2929
-3065
-2973
-2608
-1956
-1118
-250
617
1506
2338
2946
3228
3263
3135
2819
2256
1498
680
-106
-835
-1522
-2150
-2651
-2952
-3051
-3046
-2958
-2730
-2312
-1734
-1071
-343
488
1442
2438
3376
4239
5031
5670
6022
6069
5844
5327
4465
3263
1816
233
-1418
-3111
-4766
-6241
-7430
-8322
-8932
-9202
-9083
-8616
-7876
-6902
-5696
-4297
-2808
-1316
133
1538
2861
3996
4879
5532
5983
6201
6154
5851
5336
4663
3849
2904
1872
837
-151
-1104
-1980
-2666
-3116
-3362
-3416
-3192
-2647
-1866
-958
54
1159
2279
3292
4090
4623
4881
4838
4451
3733
2776
1669
468
-762
-1934
-2952
-3742
-4291
-4626
-4743
-4586
-4178
-3624
-2950
-2108
-1113
-60
991
2058
3141
4156
4997
5617
6031
6224
6135
5718
4968
3931
2664
1227
-373
-2081
-3762
-5297
-6616
-7689
-8448
-8827
-8806
-8413
-7701
-6704
-5463
-4040
-2524
-987
515
1924
3173
4216
5040
5617
5902
5907
5678
5231
4586
3776
2863
1892
907
-42
-919
-1710
-2384
-2892
-3205
-3326
-3285
-3055
-2596
-1933
-1139
-275
653
1616
2529
3297
3865
4222
4340
4182
3747
3074
2225
1262
254
-733
-1623
-2363
-2906
-3230
-3333
-3246
-2991
-2586
-2073
-1485
-843
-175
484
1112
1711
2289
2792
3166
3410
3542
3551
3400
3074
2580
1950
1201
328
-660
-1707
-2735
-3708
-4599
-5333
-5834
-6071
-6043
-5758
-5215
-4427
-3429
-2286
-1091
96
1254
2358
3310
4029
4516
4805
4897
4732
4326
3767
3111
2339
1437
512
-320
-1087
-1863
-2593
-3132
-3454
-3656
-3756
-3671
-3346
-2817
-2143
-1352
-449
530
1515
2423
3211
3838
4244
4404
4330
4025
3486
2758
1940
1087
202
-661
-1408
-1983
-2401
-2694
-2829
-2772
-2539
-2208
-1819
-1330
-741
-123
465
1045
1625
2151
2571
2881
3092
3182
3109
2850
2460
1963
1327
540
-342
-1236
-2121
-2995
-3817
-4494
-4951
-5179
-5209
-5036
-4600
-3896
-3035
-2117
-1137
-82
948
1825
2543
3139
3598
3848
3863
3700
3424
3038
2512
1875
1203
528
-164
-839
-1440
-1973
-2445
-2800
-2986
-3023
-2942
-2716
-2312
-1751
-1088
-374
379
1144
1864
2471
2917
3204
3308
3222
2964
2571
2069
1477
858
280
-225
-675
-1065
-1339
-1469
-1491
-1459
-1366
-1170
-897
-601
-293
53
440
816
1147
1459
1743
1963
2080
2096
2025
1852
1579
1201
747
241
-313
-908
-1505
-2057
-2562
-3011
-3356
-3564
-3635
-3568
-3356
-3012
-2562
-2022
-1413
-791
-194
358
851
1265
1578
1789
1901
1924
1867
1744
1570
1352
1107
836
545
256
-14
-272
-529
-762
-930
-1031
-1091
-1107
-1034
-849
-597
-321
-18
320
665
969
1207
1373
1471
1482
1415
1299
1148
951
735
544
374
200
45
-62
-151
-238
-309
-334
-343
-350
-333
-280
-192
-81
57
219
393
572
721
831
905
935
887
750
568
356
94
-223
-554
-855
-1135
-1419
-1684
-1872
-1960
-1975
-1940
-1840
-1633
-1333
-987
-634
-274
104
476
789
1026
1196
1311
1359
1331
1233
1085
908
713
502
264
22
-200
-403
-595
-758
-870
-927
-935
-889
-779
-606
-368
-95
180
456
730
970
1128
1203
1211
1155
1016
805
559
285
-10
-297
-544
-742
-910
-1028
-1055
-1005
-923
-812
-628
-379
-133
82
318
592
852
1047
1194
1341
1463
1489
1396
1245
1063
797
421
-8
-431
-843
-1244
-1622
-1931
-2137
-2227
-2232
-2154
-1962
-1653
-1268
-851
-402
67
530
960
1317
1600
1813
1957
2007
1957
1848
1693
1471
1189
876
549
212
-137
-483
-809
-1101
-1344
-1525
-1644
-1691
-1647
-1511
-1300
-1036
-712
-330
68
446
785
1094
1338
1487
1535
1501
1401
1210
938
629
317
4
-324
-631
-873
-1058
-1205
-1298
-1293
-1209
-1103
-963
-741
-449
-163
100
374
672
954
1166
1310
1411
1455
1404
1266
1069
810
475
98
-268
-615
-956
-1283
-1541
-1694
-1762
-1777
-1736
-1587
-1333
-1037
-749
-439
-71
313
635
895
1144
1386
1568
1648
1667
1669
1630
1500
1288
1061
823
533
188
-153
-450
-720
-981
-1211
-1366
-1436
-1440
-1391
-1282
-1097
-858
-600
-333
-54
227
477
677
837
964
1039
1043
995
899
762
591
394
183
-31
-227
-414
-571
-675
-734
-777
-797
-754
-648
-522
-402
-271
-104
86
246
362
473
575
635
633
592
546
473
358
217
82
-44
-171
-293
-394
-467
-518
-545
-542
-515
-484
-445
-377
-288
-207
-136
-59
26
114
192
260
328
383
427
456
463
445
401
348
282
191
86
-9
-88
-161
-227
-275
-301
-310
-301
-281
-245
-198
-143
-88
-30
33
100
160
215
271
314
342
356
351
325
278
215
143
64
-16
-99
-170
-224
-262
-293
-314
-308
-282
-246
-214
-171
-113
-54
-7
31
71
108
140
158
166
178
191
193
184
175
167
144
107
75
47
1
-49
-84
-112
-141
-164
-166
-158
-152
-133
-100
-64
-34
-5
29
53
64
68
65
51
25
-3
-32
-63
-91
-117
-135
-149
-158
-156
-146
-131
-110
-75
-29
18
63
114
174
227
264
298
332
351
345
320
288
249
189
109
22
-53
-125
-207
-291
-354
-394
-418
-435
-436
-413
-365
-313
-256
-183
-98
-15
57
134
216
280
321
349
377
384
363
327
280
218
148
77
3
-70
-134
-188
-229
-246
-250
-241
-211
-158
-91
-25
50
129
197
248
283
303
304
284
244
184
111
29
-59
-155
-243
-319
-384
-429
-452
-451
-425
-373
-297
-208
-108
0
115
226
321
400
460
507
525
514
485
437
360
256
147
43
-68
-189
-303
-389
-452
-506
-540
-540
-512
-464
-401
-322
-226
-119
-14
90
185
264
322
366
395
397
373
330
278
212
139
62
-15
-83
-140
-183
-216
-241
-251
-243
-221
-189
-150
-100
-40
16
69
124
177
212
231
249
262
256
232
201
165
116
64
13
-39
-93
-137
-168
-192
-209
-211
-198
-174
-141
-100
-50
3
51
94
133
168
181
185
188
180
155
120
86
49
6
-41
-88
-124
-154
-182
-205
-219
-219
-210
-197
-177
-149
-114
-76
-38
2
48
88
121
141
156
167
165
149
126
105
76
41
11
-15
-39
-66
-82
-88
-91
-91
-87
-72
-58
-45
-27
-5
17
32
45
60
80
91
95
98
103
100
89
80
67
52
29
4
-14
-30
-52
-77
-94
-96
-99
-103
-101
-84
-66
-53
-34
-14
7
28
44
57
71
88
104
109
110
110
103
85
56
21
-14
-53
-92
-129
-158
-183
-198
-201
-195
-185
-164
-138
-106
-72
-35
3
37
66
95
122
146
164
173
177
177
169
150
121
87
49
6
-43
-92
-132
-162
-184
-200
-196
-177
-151
-119
-82
-34
16
68
118
165
207
243
267
276
268
247
217
174
118
56
-5
-65
-120
-170
-220
-260
-284
-287
-282
-262
-232
-179
-117
-54
12
78
147
200
246
280
295
296
280
250
204
148
83
13
-52
-117
-181
-235
-275
-300
-315
-316
-300
-272
-235
-184
-129
-71
-11
51
109
161
206
245
269
277
275
260
230
188
133
71
9
-55
-120
-178
-223
-255
-272
-277
-267
-241
-199
-149
-97
-38
23
84
138
186
229
263
284
288
282
261
232
187
136
78
15
-47
-107
-161
-209
-246
-272
-280
-275
-257
-227
-183
-131
-73
-16
43
98
145
187
217
233
238
233
216
187
144
96
45
-4
-57
-115
-166
-204
-229
-246
-251
-244
-222
-190
-150
-108
-58
-2
50
98
143
184
215
235
240
233
215
186
144
97
44
-3
-52
-101
-140
-171
-193
-205
-208
-194
-172
-142
-108
-64
-15
33
80
118
156
179
199
211
209
199
175
145
110
66
18
-28
-67
-102
-131
-153
-165
-167
-163
-152
-134
-109
-79
-50
-18
15
49
76
97
114
129
133
127
115
94
69
39
12
-15
-43
-65
-83
-96
-101
-100
-98
-92
-78
-60
-43
-22
-1
24
46
63
79
88
97
102
99
91
80
65
44
17
-7
-36
-68
-96
-116
-128
-137
-138
-130
-117
-98
-71
-39
-4
29
57
82
107
124
130
132
127
122
111
97
81
64
45
21
0
-22
-43
-61
-76
-91
-97
-98
-93
-85
-76
-60
-42
-22
-3
16
32
41
48
52
53
53
48
41
32
22
11
0
-10
-22
-30
-36
-37
-42
-46
-43
-36
-26
-17
-8
2
14
24
31
38
42
43
42
38
35
31
24
15
6
-3
-8
-17
-24
-29
-33
-36
-40
-41
-40
-36
-32
-27
-18
-8
2
13
22
29
36
43
46
44
42
41
39
33
21
13
7
2
-7
-19
-27
-32
-36
-40
-41
-41
-35
-28
-20
-11
-5
3
12
22
27
32
35
37
36
33
28
24
18
13
3
-6
-12
-18
-24
-32
-38
-41
-43
-41
-38
-34
-28
-22
-13
-4
4
13
19
24
27
34
39
44
46
47
43
34
26
12
1
-13
-27
-39
-50
-56
-63
-72
-76
-75
-72
-66
-58
-44
-30
-12
7
25
43
55
62
68
73
74
68
59
50
39
26
11
-5
-17
-28
-36
-44
-46
-48
-47
-45
-41
-32
-26
-18
-10
-1
8
15
24
34
38
42
46
45
41
32
23
12
0
-11
-23
-30
-35
-37
-40
-39
-34
-27
-19
-12
-9
-3
5
14
16
15
18
20
19
18
18
13
5
0
1
2
-4
-8
-9
-8
-9
-16
-20
-24
-20
-15
-12
-8
-4
3
7
7
7
8
9
5
1
5
4
2
7
12
9
5
10
10
7
6
4
-2
-8
-9
-11
-16
-18
-14
-9
-6
-1
9
11
13
20
23
21
19
22
20
20
21
18
11
6
7
1
-11
-16
-15
-17
-21
-21
-15
-12
-9
-5
4
10
15
22
25
25
25
25
24
17
12
8
-3
-15
-23
-28
-36
-44
-50
-54
-53
-45
-42
-40
-30
-14
0
9
25
40
52
64
67
66
57
50
48
45
37
23
15
2
-17
-31
-39
-46
-58
-62
-63
-57
-50
-38
-26
-17
0
12
25
38
46
49
54
64
65
53
43
38
25
6
-10
-26
-36
-45
-52
-57
-60
-53
-43
-36
-29
-20
-4
9
23
32
42
55
64
69
66
62
58
54
43
23
3
-10
-21
-40
-59
-74
-75
-79
-85
-82
-71
-58
-47
-32
-13
7
29
46
61
75
86
86
81
78
73
59
38
24
13
-10
-36
-52
-62
-76
-87
-92
-92
-91
-87
-74
-59
-46
-32
-10
15
36
49
67
86
89
83
79
78
69
53
40
28
9
-16
-34
-45
-57
-69
-77
-75
-76
-68
-51
-34
-19
-4
16
31
45
57
67
71
74
83
87
82
67
55
43
30
13
-5
-21
-34
-45
-59
-72
-84
-88
-86
-83
-78
-69
-52
-36
-18
-4
6
20
39
54
60
64
70
73
70
64
59
50
38
21
0
-13
-22
-28
-38
-47
-48
-46
-45
-41
-33
-25
-16
-3
9
13
14
20
28
31
29
22
20
18
13
5
0
-3
-7
-11
-12
-15
-19
-20
-15
-10
-10
-9
-2
5
6
8
11
16
22
24
23
25
25
24
22
19
15
8
2
2
0
-6
-11
-16
-18
-18
-19
-22
-22
-18
-9
-6
-1
3
10
15
19
22
19
20
20
19
18
14
13
12
7
-1
-7
-16
-23
-29
-33
-34
-34
-30
-23
-13
-4
3
13
18
25
31
37
39
44
45
40
35
27
19
8
-4
-18
-33
-44
-50
-51
-48
-47
-42
-36
-28
-20
-14
-3
6
17
25
28
31
31
31
25
15
11
7
2
-8
-14
-22
-31
-40
-47
-48
-55
-52
-47
-38
-28
-22
-12
-4
9
19
24
34
43
48
47
45
40
36
30
19
7
-1
-6
-12
-21
-31
-35
-30
-28
-32
-28
-21
-12
-4
3
10
15
23
33
39
41
42
40
33
30
29
20
12
4
-1
-7
-15
-19
-22
-19
-16
-14
-15
-14
-10
-10
-13
-14
-15
-13
-12
-6
-7
-7
-6
-6
0
0
1
2
5
7
5
5
6
9
7
8
10
6
7
3
