SAMPLES:	9945
BITSPERSAMPLE:	16
CHANNELS:	1
SAMPLERATE:	16000
NORMALIZED:	FALSE
0
-1
-1
0
0
0
0
0
1
0
1
-1
0
0
-1
0
0
0
1
0
0
0
0
0
0
0
1
0
1
0
0
0
-1
-1
-1
-1
0
0
0
-1
-2
-1
-1
-1
-1
0
-1
-2
-1
-2
-2
-1
0
1
1
0
-1
0
0
0
0
0
0
0
1
0
0
0
0
0
0
0
0
2
1
1
1
0
0
-1
1
0
0
0
-1
1
0
0
0
-1
0
0
0
0
1
0
0
0
1
0
1
0
0
1
1
1
1
0
1
1
1
0
1
0
1
0
0
0
0
0
0
0
0
0
0
-1
1
0
0
-1
0
0
-1
0
-1
-2
-1
-1
-1
-1
-1
-2
-2
-1
-2
-2
-2
-2
-2
-2
-1
-1
-1
0
0
0
0
0
0
1
0
-1
-1
0
0
0
0
0
0
0
-1
0
-1
0
1
0
1
1
1
2
2
2
2
2
2
2
2
3
3
3
3
2
2
3
2
3
1
1
1
0
-1
0
0
0
-1
0
0
0
0
0
0
0
0
-1
0
0
0
1
0
1
0
-1
-1
0
-1
-1
-2
-1
-1
-1
-1
-1
-1
-1
-1
0
-1
-1
0
0
0
1
0
1
0
0
0
1
0
1
0
0
1
0
1
0
0
0
0
0
0
0
0
-1
0
0
0
0
0
0
0
0
0
0
1
0
1
0
0
1
0
0
1
0
0
1
0
0
1
0
0
0
0
0
0
0
0
0
0
0
1
0
0
-1
0
0
-1
0
-1
0
0
1
1
0
0
0
-1
0
0
0
0
0
0
1
0
0
-1
0
0
0
0
-1
0
1
0
0
0
0
0
-1
0
0
0
0
0
0
0
1
0
0
0
0
0
-1
0
0
0
0
0
1
0
0
0
0
0
0
0
1
0
-1
0
-1
1
0
0
0
0
-1
0
-1
0
0
0
0
-1
1
0
0
0
1
0
-1
0
1
1
0
-1
0
0
0
0
0
0
0
0
-1
0
0
0
0
1
-1
0
0
-1
0
0
0
0
0
1
1
0
0
0
-1
-1
0
0
-1
1
0
0
-1
-1
-1
0
1
0
0
-1
0
0
1
0
0
0
0
0
1
0
0
-1
0
0
0
0
0
0
0
0
2
0
0
0
0
0
0
1
0
2
0
0
0
0
0
0
-1
0
-1
0
1
0
0
-1
0
0
-1
-1
1
-1
0
-2
-1
0
-1
1
-2
0
0
0
-1
-1
0
0
0
-2
-1
-1
0
-2
-1
0
-1
0
-1
0
2
2
1
0
3
4
2
2
2
3
4
1
2
4
3
2
0
3
3
1
2
2
3
2
0
2
1
0
0
1
0
-1
0
0
0
0
-2
-2
-2
-2
-3
-4
-4
-3
-6
-6
-5
-5
-6
-7
-5
-4
-3
-4
-5
-1
0
-1
-2
-1
0
0
0
0
0
-2
2
1
-1
-1
0
1
1
-1
-1
-1
0
0
1
0
-1
1
0
1
-2
-2
1
2
-1
-3
-3
2
1
-2
-4
-2
2
0
-1
-4
-1
2
3
3
0
1
3
4
1
2
3
5
4
2
4
7
6
3
0
3
4
3
2
1
2
3
2
0
0
1
2
0
0
2
2
1
0
1
1
3
2
0
0
1
4
3
2
2
-1
1
2
3
1
0
2
1
0
-2
-2
0
-1
0
-1
-1
-2
-1
0
0
-2
-1
0
0
1
0
1
0
1
1
0
1
3
0
-2
-1
0
2
-2
-4
-1
0
-1
-3
-4
-1
-2
-2
-4
-2
-1
-1
-3
-3
-1
-2
-1
-1
-1
-1
-1
0
0
0
0
-1
-1
0
0
-1
0
-1
-1
-1
1
0
0
0
0
-1
0
1
0
0
0
0
1
1
2
1
2
2
2
3
2
2
2
2
2
3
2
1
1
1
1
1
1
0
0
0
0
0
0
1
0
0
0
0
1
0
0
0
0
-1
-1
-1
-1
-1
-1
-1
-2
-1
-1
-1
-2
-1
-1
-1
0
1
0
-1
0
0
-1
0
0
1
0
0
0
0
0
-1
0
0
0
0
0
0
-1
0
0
-1
0
0
0
-1
0
0
0
-1
-1
1
0
0
0
0
0
0
0
0
0
0
0
0
0
0
-1
0
0
0
-1
0
-1
0
-1
0
0
0
0
1
0
0
0
0
-1
1
0
0
0
0
0
1
0
0
0
0
0
0
1
0
0
0
0
-1
0
-1
0
0
0
0
0
0
0
0
0
0
0
1
1
0
0
1
1
2
1
2
1
0
1
0
0
0
1
0
1
0
1
0
0
0
1
0
0
0
0
0
0
0
-1
0
0
0
0
-1
-1
1
0
0
1
0
0
1
0
0
0
-1
1
0
0
0
0
0
0
-1
0
0
0
0
0
0
0
0
-1
-1
0
0
0
0
0
0
0
0
0
0
-1
0
0
0
-1
1
0
0
0
0
-1
0
-1
1
0
0
0
0
0
0
0
-1
0
0
0
0
1
1
-1
1
0
1
2
1
1
0
0
0
0
1
0
0
0
0
0
0
-1
0
0
-1
0
-1
0
1
0
0
0
1
1
0
0
0
0
0
1
0
0
0
0
1
0
1
0
0
0
0
0
0
0
1
0
0
0
1
0
1
1
0
-2
0
-1
-2
0
0
1
0
0
0
0
0
0
-1
0
0
0
0
0
0
-1
0
0
0
0
0
0
0
-1
0
-1
0
1
0
0
0
0
0
0
0
-1
0
0
0
0
1
0
1
0
0
0
0
0
0
0
-1
0
2
1
1
1
1
1
1
1
1
0
2
2
1
1
2
1
1
1
1
1
1
1
1
0
1
1
1
0
1
0
0
0
0
0
0
-1
-1
0
-1
-1
1
-1
-1
-2
0
-1
1
0
1
0
0
0
0
1
-1
0
0
0
0
0
0
0
0
-1
0
-1
0
-1
-1
-1
0
-1
-1
0
1
0
0
0
0
0
0
0
0
-1
0
0
0
-1
0
0
1
0
-1
0
0
0
0
1
0
0
0
0
-1
0
0
-1
0
0
0
0
-1
0
0
0
0
1
0
1
0
0
0
0
0
1
0
0
0
0
0
0
0
-1
1
-1
0
-1
0
0
0
0
-1
0
0
0
0
0
0
0
0
0
1
0
0
0
0
0
0
0
0
0
0
0
0
0
0
-1
0
0
0
1
0
1
0
0
-1
0
-1
0
1
0
0
1
0
0
0
0
0
0
0
0
0
0
1
-1
0
-1
0
0
-1
0
0
0
0
-1
0
0
0
0
0
1
0
0
0
0
0
0
1
0
1
1
1
1
1
0
0
1
0
0
0
0
0
-1
-1
-1
-1
-2
-2
-3
-3
-5
-6
-6
-8
-9
-11
-12
-12
-13
-15
-16
-17
-18
-19
-18
-19
-19
-18
-18
-18
-15
-15
-14
-12
-11
-6
-6
-3
0
1
8
9
12
15
17
21
24
29
30
31
35
36
39
43
45
45
41
45
45
43
47
43
48
47
39
44
42
44
42
32
40
31
28
26
22
23
0
-4
-6
-19
-22
-43
-48
-56
-75
-78
-91
-94
-107
-124
-122
-133
-134
-132
-134
-123
-118
-116
-107
-98
-79
-64
-66
-45
-9
-1
9
14
48
78
76
106
101
118
126
125
163
160
164
166
150
167
152
152
154
136
156
123
110
119
99
107
71
57
69
38
46
15
6
-1
-35
-21
-69
-81
-67
-110
-86
-128
-142
-127
-174
-150
-157
-176
-161
-179
-173
-175
-191
-160
-174
-163
-140
-167
-152
-135
-133
-108
-119
-94
-80
-82
-59
-49
-31
-22
-22
5
26
36
71
72
84
114
125
146
159
200
212
190
207
210
238
263
227
222
232
227
239
220
211
203
172
160
161
139
116
82
73
79
20
-11
-16
-36
-40
-100
-138
-142
-179
-186
-223
-246
-258
-281
-286
-299
-316
-304
-315
-298
-311
-322
-285
-261
-238
-232
-218
-181
-133
-126
-92
-49
-28
11
20
59
132
133
131
162
190
246
242
233
264
306
313
300
322
333
344
321
327
368
342
341
331
333
355
298
285
295
271
258
228
230
217
158
142
123
117
87
39
39
12
-18
-48
-82
-78
-103
-122
-131
-165
-165
-213
-227
-218
-241
-217
-258
-253
-224
-290
-234
-245
-262
-216
-258
-192
-205
-215
-103
-167
-109
-64
-81
23
-20
46
136
103
224
221
282
382
340
438
464
519
603
554
656
629
651
710
634
723
673
646
667
538
551
430
316
315
158
144
72
-95
-153
-355
-430
-494
-689
-744
-891
-1061
-1121
-1293
-1356
-1431
-1626
-1659
-1837
-1925
-1943
-2066
-2031
-2115
-2128
-2087
-2105
-2008
-1977
-1934
-1821
-1738
-1618
-1480
-1357
-1141
-1005
-886
-662
-514
-262
-63
20
330
432
670
853
918
1167
1181
1330
1458
1475
1634
1642
1710
1775
1739
1783
1743
1738
1726
1688
1631
1589
1478
1440
1360
1314
1277
1138
1152
1022
985
917
789
771
680
612
567
438
381
345
227
149
42
-55
-81
-192
-277
-342
-473
-497
-591
-640
-696
-788
-791
-833
-804
-817
-787
-739
-770
-652
-632
-489
-373
-361
-180
-166
11
117
163
340
305
505
512
590
683
653
795
742
772
770
664
757
623
643
652
556
579
480
439
473
311
366
259
208
183
43
103
2
-91
-121
-326
-301
-433
-583
-622
-831
-817
-968
-1120
-1198
-1352
-1387
-1453
-1585
-1603
-1707
-1710
-1692
-1717
-1548
-1565
-1525
-1465
-1465
-1264
-1177
-995
-803
-718
-573
-487
-381
-210
-48
63
244
291
430
580
599
848
953
1059
1167
1086
1316
1390
1487
1621
1572
1691
1724
1647
1710
1514
1508
1572
1461
1529
1253
1105
1152
943
895
657
444
519
217
218
75
-132
-186
-519
-571
-630
-789
-862
-1110
-1283
-1317
-1386
-1339
-1430
-1537
-1505
-1504
-1367
-1251
-1191
-1053
-1050
-974
-779
-626
-299
-155
-78
37
50
239
499
598
720
616
544
698
668
726
648
445
570
357
348
435
255
346
52
97
266
167
313
175
198
226
194
239
185
111
310
374
301
204
7
146
93
20
142
-42
12
-126
-214
7
-214
-191
-316
-354
-201
-372
-383
-421
-434
-333
-480
-442
-430
-388
-258
-357
-287
-309
-314
-237
-259
-25
6
-94
-176
-330
-94
-99
-82
-89
-251
-74
-86
56
87
-122
-65
12
212
327
211
326
424
563
578
615
700
811
714
660
764
723
655
329
478
700
448
134
-311
-59
10
-203
-155
-129
-13
-349
-640
-312
-38
-6
-239
-134
282
388
188
60
186
387
306
281
346
374
288
81
-14
38
53
21
-65
-213
-193
-309
-367
-327
-438
-248
-429
-355
-351
-405
-193
-403
-436
-389
-413
-38
-258
-163
-169
-234
14
-76
285
303
185
199
129
510
620
779
691
535
535
587
861
842
836
673
536
532
422
561
438
201
-144
-420
-401
-426
-552
-742
-1059
-1297
-1473
-1528
-1447
-1381
-1490
-1678
-1852
-1689
-1431
-1219
-970
-737
-508
-430
-366
-54
238
614
785
776
832
841
991
1149
1168
1260
1050
684
496
589
868
731
519
207
272
291
112
302
277
604
768
405
619
362
941
1577
1740
1946
1311
1240
1727
2139
2799
2250
1013
110
76
1898
2715
1108
-1536
-3329
-2409
-1201
-1132
-1131
-2041
-3654
-5620
-5599
-2580
-657
-1321
-2814
-3121
-2014
-1583
-1163
694
2083
2095
880
724
1803
2152
1853
2033
2596
2100
255
-983
-462
202
-289
-1778
-2501
-2578
-2992
-3350
-3084
-2343
-2463
-3442
-3313
-2061
-833
-451
-538
-12
270
280
907
2414
3997
4051
3109
2446
2701
3644
4499
5264
5300
4320
3030
1970
2241
3055
3520
3222
1798
972
832
302
-1100
-2679
-2150
146
373
-1860
-4886
-5973
-5039
-4324
-3238
-2078
-2855
-5328
-7746
-6738
-3235
-1381
-1646
-2474
-2354
-1771
-1570
-155
2296
3892
3627
2612
2977
4248
4765
4742
4659
5058
4816
3268
2211
1779
1672
964
-411
-1435
-2291
-3781
-4964
-5009
-4523
-4265
-5789
-6797
-6317
-5574
-4127
-3339
-2231
-1556
-2166
-1689
-289
2324
4516
4642
4206
3481
3878
5048
6096
7066
6654
5614
3957
3203
3560
3932
3902
3212
2293
1672
368
150
877
1371
1368
8
-136
736
1056
1226
-629
-2053
-1950
74
2731
1136
-2778
-5479
-4679
-2070
-1203
-1196
-1742
-4293
-7138
-7032
-3006
733
-353
-3285
-3853
-2358
-1040
-305
1673
3738
2858
876
594
2696
4163
3620
3312
3427
2948
1602
303
996
1956
1291
-478
-2555
-3480
-3600
-3639
-2858
-2850
-4421
-6648
-7649
-5499
-3539
-3323
-4308
-4786
-4062
-3806
-2992
-885
1297
2011
1249
1174
2453
3744
4469
5314
5988
5540
4046
2963
3564
4784
5296
4478
2840
1100
42
254
1271
1969
1250
-470
-2172
-2625
-1592
1
1333
1583
1136
-582
-2902
-3785
-1987
2403
3832
581
-3910
-5932
-3461
-1103
-188
502
-619
-3480
-6592
-5815
-915
2055
1125
-925
-969
508
970
1970
4670
6515
5862
3819
3479
4964
5664
5666
5857
5756
4499
2220
1347
1854
1992
1368
-527
-2694
-5093
-6899
-6060
-4608
-4500
-7223
-10471
-10827
-8581
-6211
-5732
-6264
-6773
-6628
-5856
-4001
-1187
601
883
610
1549
3319
4458
4877
5070
5457
5089
3960
3346
3491
4024
3624
2420
910
-372
-1113
-696
373
926
171
-1607
-2084
-1474
-56
1067
1780
3219
3790
3783
2518
573
180
2047
6311
7413
2996
-2668
-4375
-1079
1427
1129
212
-1601
-5229
-8376
-6300
-334
1536
-2096
-4903
-3001
385
726
847
3233
4798
3579
2166
3945
6855
6652
4778
4455
5574
5562
3825
3022
3372
2979
1124
-1068
-2073
-2682
-3861
-4843
-5171
-6224
-8026
-10058
-9782
-7440
-6868
-7612
-8974
-8922
-7041
-6200
-4548
-2552
-1820
-1598
-1750
199
2915
3878
3935
4058
4515
4815
4403
4300
4839
4879
4167
3050
2043
1542
1244
383
452
420
189
-404
-1489
-1303
-1043
-598
148
1022
2011
1955
1665
412
-635
-383
2612
6613
5644
554
-3543
-2441
1487
2378
1890
1691
3
-4181
-6807
-3172
2815
3431
-782
-2675
-1044
496
-88
944
4542
5700
3196
1033
2326
4570
4469
3941
5036
5697
3579
581
61
1698
2468
1096
-893
-2634
-4421
-6186
-6791
-6293
-5925
-6961
-8714
-9409
-9507
-9095
-8355
-6711
-4433
-4120
-5094
-5585
-3723
204
2629
3723
3640
3187
3388
4250
6425
8249
8061
6277
4364
3332
3712
4469
4597
3363
746
-1088
-2156
-1791
-867
-376
-831
-2268
-3101
-2619
-1646
-496
826
1881
2488
1795
-126
-1539
-948
3629
7643
5758
-494
-5335
-3704
-90
1304
1798
1106
-2391
-8472
-10403
-3876
2819
2080
-2794
-4770
-2310
-1100
-1191
2277
6773
7158
3469
1257
3811
6342
6252
6348
7514
7327
3795
139
520
2964
3781
1555
-1765
-4085
-6121
-6463
-5729
-5317
-6466
-9452
-10173
-9275
-8486
-7795
-7484
-5322
-3806
-3985
-3611
-2543
268
2569
4068
5462
5907
5784
5472
6440
8361
9018
7936
5801
4317
3877
3495
3171
2007
230
-1422
-2502
-2899
-3106
-3465
-3400
-3468
-3331
-2715
-2606
-1991
-1469
259
2390
2994
3384
2300
398
-614
1610
7337
8900
2806
-4696
-6066
-1386
1596
780
-362
-2395
-7523
-11908
-8800
-129
2854
-2663
-7652
-6054
-2085
-844
315
4382
6576
3595
613
2679
7225
8114
6558
6851
7469
5322
1823
1859
4764
5054
1698
-1880
-3034
-3460
-4903
-5193
-4676
-5526
-8114
-10507
-9053
-6967
-6969
-7359
-6736
-4437
-3536
-4218
-2829
-97
2475
3777
4227
5459
5664
5465
6278
8090
9660
8581
6338
4132
3269
3958
4263
3764
852
-2119
-3506
-4028
-3484
-3857
-3780
-3693
-4975
-4899
-4230
-2670
-1776
-1808
214
2597
3756
3830
2515
1099
370
3184
9225
10618
3887
-4161
-4949
743
3558
1761
-62
-2084
-6759
-11325
-7970
978
3220
-3481
-9015
-6468
-1139
-76
221
3686
5495
2829
199
3134
8258
8508
5858
5642
6722
5510
2388
1936
4144
3830
706
-2089
-2767
-3746
-5948
-6202
-4296
-3856
-6764
-10486
-10074
-7024
-5365
-5045
-4930
-3997
-4256
-5533
-3673
865
4502
4086
1383
1092
3054
5328
6589
6890
6648
4715
2393
1652
2841
4335
3466
551
-2113
-3251
-3050
-2998
-3318
-3034
-2971
-3978
-4648
-3758
-1198
194
-731
-539
1379
4177
5373
5036
4611
3012
1328
2634
7921
10695
5501
-3341
-6115
-1006
2977
1538
-1482
-3204
-6061
-10494
-9206
-1566
2928
-2024
-8664
-7005
-744
1570
453
2338
6143
5568
2182
2802
7354
9315
7120
6266
7732
7081
3393
1543
3349
4344
2222
-443
-1642
-3526
-6403
-6963
-4430
-2865
-5933
-10043
-10798
-8490
-6508
-6326
-5357
-4273
-5006
-6345
-5592
-1399
2041
2212
1565
1720
2614
2762
3223
5603
7015
5855
3130
1447
2296
2920
2306
1104
-360
-1225
-2183
-3320
-3879
-3862
-3322
-2811
-2831
-2307
-1538
-1408
-1507
-534
2486
5425
5925
4935
4014
3427
3044
3631
7604
10699
7609
-304
-5386
-2151
3492
3915
470
-2939
-5432
-8436
-9222
-3724
1949
125
-6508
-8958
-4013
607
583
915
3598
5066
3112
1311
3982
7532
7837
6850
6743
6443
4331
2200
2895
4370
3169
413
-1566
-3072
-4750
-5919
-5221
-4422
-6453
-9365
-10045
-8177
-6477
-6551
-6741
-6081
-5120
-4480
-3175
-834
1102
1736
1838
2660
3984
4684
4949
5659
6231
5874
4290
3010
2700
2578
1833
358
-532
-942
-1784
-3110
-4358
-4464
-4050
-3554
-2991
-2652
-2141
-2454
-2140
-634
1359
3130
3831
3993
4646
5125
4128
2706
2117
5300
9021
6901
59
-5562
-3861
1575
2272
-108
-2690
-5207
-8585
-10631
-5396
1979
1429
-5452
-9068
-4530
1013
1172
1160
4340
6381
4257
1701
4794
9391
9328
6906
6302
7648
6693
3455
2591
3652
3727
1631
-1363
-3566
-5777
-6884
-5417
-3921
-5379
-9808
-12986
-11351
-7244
-4749
-4666
-5904
-6606
-6480
-5222
-1246
3066
4702
2954
639
1467
4013
6038
6775
6717
6223
3940
1720
1338
2381
3291
2391
510
-1255
-3173
-3824
-2963
-1205
-650
-2135
-3946
-4117
-2235
-165
1427
1655
1264
1153
1608
3414
5197
6491
6632
3971
645
-507
3915
8664
6290
-1440
-6692
-3992
149
-889
-2808
-3042
-3821
-8168
-10829
-5486
558
-787
-5855
-5867
-1088
537
-1349
487
5736
7194
3763
2199
5947
8833
7205
5377
6389
7701
5741
2464
2015
3271
2585
41
-2115
-3028
-4059
-6068
-6172
-4793
-5114
-8279
-11289
-9483
-5210
-3739
-5496
-6650
-5685
-4368
-3660
-1673
1820
2746
732
-508
1159
3461
4084
4163
5161
4790
2125
312
1262
3588
3909
2336
631
-734
-1823
-1558
391
1970
1035
-1691
-3070
-1551
930
2471
2542
2110
1710
1357
1783
3633
6096
7365
6571
3322
-179
-1059
3288
9071
8117
366
-6503
-5558
-1012
-84
-692
-579
-2185
-7935
-11852
-6650
1334
1803
-3613
-5936
-3041
-1333
-2022
799
5889
6383
1798
-342
3557
6954
5778
4069
4900
5361
2483
-509
-7
1689
1054
-1620
-3630
-4844
-6380
-7365
-6625
-5003
-5623
-8862
-10978
-9798
-6188
-4053
-4385
-4766
-5118
-5328
-4286
-1073
2940
3272
464
-710
990
3848
4993
4984
4928
3670
2245
2083
3300
4251
3541
2135
961
-95
-256
871
2010
1553
-135
-1238
-808
515
1975
2917
2839
2354
1914
2664
3555
4485
5549
6710
7457
4861
768
-1281
2566
8801
8582
1465
-5560
-5750
-1775
-572
-280
374
-1910
-8400
-12677
-6841
2202
2430
-4106
-7039
-3430
-533
-1595
187
5388
6510
2244
-815
2672
7284
6648
4295
3992
4708
2984
-173
-467
1218
1234
-1256
-3767
-4886
-6184
-7696
-7720
-5483
-4882
-8102
-11309
-11103
-6967
-4608
-4993
-5003
-4933
-4524
-4800
-3125
1020
2673
2079
846
1362
2961
3276
3965
5302
5779
4447
2565
2201
2930
3354
3045
2483
1702
509
-23
-331
-148
482
583
410
-471
-914
288
1547
2446
2644
2262
2017
2298
4030
6540
7446
4262
-10
-1279
3135
8807
8095
1742
-4374
-4715
-783
1082
1303
655
-2192
-6949
-9844
-5399
1605
1834
-3058
-5854
-3462
-922
-1618
-69
4107
5504
2639
-109
2080
5413
5421
4607
4866
4971
2512
-711
-507
1577
2228
366
-2174
-4078
-6023
-7215
-6347
-4118
-3809
-7059
-10516
-10430
-7048
-4696
-4973
-5348
-4770
-4671
-5635
-4568
-743
2178
1684
-100
43
1383
2472
3621
5024
5278
3079
1201
1631
3310
4095
3115
2154
1330
403
-173
-188
419
474
70
-576
-1048
-925
-347
640
1079
1491
2013
2640
3118
3729
4889
6533
5141
1317
-826
2447
9280
10148
3506
-4013
-5797
-1217
2966
4480
2886
-2700
-8625
-10160
-4286
3274
3801
-1506
-6730
-6975
-3188
636
3503
4512
3003
1450
1020
2615
5484
6767
6821
5486
3808
3108
2146
1404
1440
2233
2546
249
-3848
-7071
-7481
-5510
-3555
-4007
-7408
-11420
-12552
-9847
-5823
-4105
-5402
-7620
-8450
-7074
-4061
-823
1221
1037
-433
-1048
708
4054
5945
5522
3839
2709
2916
3026
3258
4127
4307
3186
579
-1169
-761
256
523
210
-612
-2089
-3508
-3635
-1444
1318
1569
338
-769
-326
1523
3788
6226
7579
3975
-1823
-3552
3158
12334
11261
965
-6844
-4630
1888
3076
1611
1705
-269
-6623
-10774
-4434
5213
4359
-4017
-7285
-2296
1603
-464
-498
4589
6932
3628
587
3187
7465
6909
5142
5753
6300
4390
1285
1230
3464
3647
1562
-1055
-3139
-4452
-5065
-4336
-3173
-4299
-8105
-10989
-10313
-6445
-4132
-5268
-7055
-7393
-6602
-5483
-3804
-928
822
-124
-1110
-162
2239
3973
4256
4459
4565
3691
2730
2780
3722
4664
3911
1862
-36
-890
-266
76
-514
-1139
-2175
-3280
-4119
-3619
-1320
-356
-1145
-1979
-1377
581
1798
3284
5475
5906
1942
-2842
-2076
5650
11729
7873
-1029
-5767
-3152
1170
2206
3361
3333
-1477
-8505
-9421
-1012
6195
3732
-2142
-3254
-896
-406
-479
4287
9694
8158
2026
-396
3039
6764
6963
6623
6693
4471
352
-2024
-305
2384
2608
421
-2573
-5348
-7512
-7422
-5164
-3202
-4228
-8121
-11299
-11188
-8719
-5812
-4480
-4453
-5918
-7969
-7780
-5024
-959
988
576
-79
-446
-371
932
3638
6257
5812
2924
1095
1743
3295
4064
3393
2001
142
-1641
-1509
-352
228
-1088
-3067
-3262
-1950
-898
-880
-1155
-934
178
1505
3252
4861
5441
6287
5477
2203
-740
1464
9731
13036
5795
-4030
-5920
293
3734
2747
2714
1765
-4143
-10942
-7841
3812
8553
1206
-5671
-3662
1242
1813
1420
6369
10017
5795
101
674
6250
8546
6532
5927
6093
3511
-895
-1803
1472
3316
1280
-2169
-4129
-5708
-7867
-7787
-5075
-3305
-6081
-11155
-12778
-10209
-7531
-6439
-6042
-5464
-6625
-8562
-7180
-2776
1022
924
-300
-10
231
703
2557
5993
7523
4550
1456
1365
3392
4412
3825
2954
1551
-959
-2776
-1963
85
268
-1659
-3537
-3642
-2361
-1631
-1194
-775
-273
773
1741
3019
4973
6613
5957
2196
-1148
1176
8559
12082
6974
-1559
-4694
-867
2521
3285
3423
1726
-3839
-10081
-7898
1388
5841
1054
-4886
-3957
-383
-597
-534
3802
7450
5028
-16
197
4627
6129
5138
5488
6189
4022
-528
-1784
1035
2688
1571
-746
-2980
-5616
-8134
-7715
-4357
-2463
-5247
-9682
-12021
-10125
-7095
-5574
-4418
-4754
-5747
-6604
-5398
-812
2381
2599
1455
1530
2994
3421
3972
5968
7658
6768
3642
2048
3160
4408
4429
3084
1513
-53
-1784
-2420
-1478
-201
-190
-2315
-4217
-3492
-1230
514
-160
-868
292
1461
2510
3803
6215
6959
2102
-2756
-886
7449
12003
5990
-3095
-5652
-2103
765
984
1774
1068
-5168
-11642
-9199
543
5016
-777
-6516
-4451
53
516
-162
3259
7042
5348
2224
3470
7070
7114
4255
4804
8127
7750
2752
-1258
-785
1136
1056
18
-1513
-4682
-9177
-10770
-7223
-3465
-4328
-9241
-12854
-12042
-9004
-6129
-3993
-3685
-5717
-7900
-6975
-1788
3019
3856
2163
763
1176
2644
4457
6603
7453
6089
3682
2153
2395
3625
4515
3942
2226
-230
-1593
-1610
-698
467
230
-1258
-2852
-2912
-946
662
615
82
594
1623
2300
3196
6025
6900
2118
-2813
-1128
8503
12069
3959
-4797
-5099
636
1617
-1060
490
1062
-5165
-12157
-8790
1999
4104
-4040
-8171
-3185
1756
-240
-1990
2554
6278
4533
2180
4726
8297
6544
3532
5268
8831
8681
4121
552
1075
2231
2336
1498
-286
-2860
-6039
-7382
-5191
-3323
-4403
-8249
-10900
-9532
-7212
-5531
-4970
-5139
-5901
-7509
-6336
-2321
1151
1616
-590
-1268
-372
1143
3139
4607
5074
3198
563
224
1776
3836
3952
2184
55
-1600
-1757
-1035
499
1552
511
-1495
-2586
-1280
967
1118
592
575
1747
3155
3391
3295
3856
3085
2211
2189
3690
6311
4717
442
-2129
-1270
2002
1471
-1472
-2842
-3444
-3846
-5084
-4206
-1265
-1573
-4284
-5049
-2411
1439
2012
732
1171
1748
3129
4773
6408
7797
6481
4653
4043
4661
6539
6734
4680
1505
-834
-745
-414
-1520
-2929
-4230
-5108
-6682
-8991
-8987
-8609
-7539
-7295
-8018
-7080
-7438
-6916
-5739
-4382
-1462
-502
176
476
729
2237
2868
3916
4938
5826
5716
4036
2979
2971
3410
3446
2923
2455
1160
-1016
-2398
-1828
169
966
-545
-2448
-2700
-857
731
1044
340
265
1040
2641
4781
6104
4832
156
-3040
259
8313
11741
4444
-5834
-8307
-2729
2426
2460
886
-2257
-8426
-12626
-8306
1477
4414
-2565
-8463
-6462
-1258
917
1857
4859
6235
2665
-27
3422
9256
10500
7470
6170
6350
5175
3307
3639
5369
4531
1122
-1770
-3396
-4884
-5986
-5393
-3851
-5032
-9098
-12670
-12547
-9021
-6602
-6267
-6534
-6928
-6850
-7351
-5739
-872
2990
4026
1596
37
956
2687
5265
8096
9493
7694
3415
606
1727
4793
6837
6249
3183
-527
-2944
-2748
-138
2608
2545
-212
-3201
-3704
-861
1388
1412
674
404
1724
3075
4050
4473
1196
-2711
-1732
5722
11590
6404
-4539
-9214
-4672
1507
2984
2040
-457
-7273
-13698
-11151
-397
5813
56
-8008
-8246
-3665
-1190
39
3716
6581
3746
-382
656
5110
7383
6890
7708
8341
5370
1141
359
3530
5533
3872
1134
-1669
-4988
-7501
-7082
-3541
-1818
-4926
-10395
-13244
-11363
-7708
-4977
-4352
-4653
-5687
-6942
-6130
-2394
2141
4643
4393
3460
2715
2207
3246
6515
10148
10497
6956
2316
180
1378
4290
6713
6085
2198
-2927
-6138
-4809
-506
2993
2471
-1659
-5186
-5630
-3201
151
2279
3129
2983
2719
2530
-266
-3506
-2521
4763
12022
9122
-1316
-8989
-8143
-2194
2374
5131
3817
-4854
-15304
-16169
-4487
6899
5598
-3646
-8939
-7518
-3685
519
6354
10281
6705
343
-483
5343
10522
10336
8890
8666
7389
4297
2891
4842
6176
3858
616
-413
-1385
-4920
-8430
-7441
-4186
-3909
-7967
-11988
-12507
-11458
-9194
-5663
-3285
-4168
-8535
-9611
-5043
492
3563
2956
2305
1862
1344
2653
5186
7229
6985
5337
4192
3151
2244
2172
2907
3338
2551
1147
-665
-2611
-3215
-1564
995
1374
-169
-1723
-2288
-1891
-748
2226
5308
5726
4088
532
-2620
-3089
1144
8610
10215
3051
-5722
-8454
-4427
-435
1641
2473
-1271
-9140
-14157
-9705
-228
3236
-608
-4286
-4933
-4675
-3280
1941
8874
9702
4503
1368
3646
7556
8827
9463
11101
9773
5060
1658
3121
6478
5844
2186
-474
-1720
-3334
-6344
-7520
-5708
-4435
-5995
-9543
-11181
-10365
-9325
-7724
-5024
-2701
-3991
-7614
-7570
-2698
2733
4200
2679
1693
1111
1302
3324
6569
8194
5511
1641
226
1814
4147
4367
2651
-118
-2018
-2182
-1572
-655
-547
-1132
-2139
-2461
-1061
-397
-1139
-2101
-595
3134
5434
5242
2117
-2714
-4957
-739
8422
11983
4423
-5932
-8862
-4025
825
2687
3524
366
-8152
-14140
-9094
2071
5562
-779
-5764
-4228
-1678
-1293
1257
7467
9770
5423
1853
4620
9375
9657
7907
8920
10641
8427
3753
1677
3396
4563
2929
430
-1534
-4142
-7468
-9088
-7420
-4833
-5872
-9667
-12236
-11648
-9102
-7268
-5496
-3806
-4394
-6095
-6090
-2180
2669
3861
2735
1963
2275
2873
3523
5588
7354
6396
3393
909
851
2138
3225
2877
980
-1354
-3116
-3207
-2252
-1102
-377
-998
-1883
-1849
-1253
-945
-1274
-398
2565
5187
5421
1748
-3417
-4898
186
8281
9982
3029
-5296
-7920
-5225
-1690
2303
5005
854
-9540
-15397
-8824
2275
5152
-107
-4151
-4196
-3766
-2102
3722
10108
9545
3712
1872
6060
10230
10293
9435
10313
9972
6906
4223
4381
5317
4157
1848
279
-1299
-4517
-7796
-8111
-6078
-5695
-8065
-10995
-11275
-10255
-9781
-8014
-5477
-3855
-5307
-7295
-4776
-199
2593
2251
1353
2000
2540
3110
4569
5869
5340
3269
1997
2084
2149
2100
2032
1019
-1082
-2750
-2255
-850
-916
-1873
-2063
-1412
-671
-354
444
1164
725
307
1957
5515
7057
3446
-2012
-2592
3323
8355
6519
594
-3017
-3351
-3653
-3028
735
2607
-2553
-10269
-10989
-4067
133
-2054
-3951
-2235
-1161
-3216
-3099
2516
7091
6003
3524
4865
7846
7518
5826
7260
10624
10848
7144
3601
2906
3040
2656
2270
1665
-580
-5086
-8484
-8078
-5561
-4620
-6575
-9364
-10752
-10537
-9231
-6476
-3366
-2693
-4475
-5945
-4485
-511
2782
4081
3764
2141
1108
1951
4298
6458
6187
3643
802
-727
141
2339
3127
1510
-2167
-4648
-4296
-2113
375
224
-1388
-2967
-2655
-245
1250
1701
1273
1445
3426
5647
5840
2417
-1907
-1025
5887
10514
6925
-1601
-6169
-4354
-1566
676
2920
1804
-5401
-13475
-11765
-1547
4312
368
-5572
-5562
-2947
-2535
-735
4988
8848
5571
482
1939
7640
10131
8666
8105
9279
8206
4667
3191
4856
5719
3325
237
-920
-2171
-5014
-7496
-7023
-5329
-6340
-9214
-11143
-10660
-9673
-9253
-7459
-4845
-3883
-5115
-6096
-3681
224
2412
3400
3853
3809
2927
2299
3991
6332
6803
5036
2537
607
34
562
1902
2192
164
-2725
-4988
-4679
-2332
28
1029
-635
-2634
-2783
-1454
1029
2758
4177
5426
5170
2760
-517
-1028
3635
8935
8647
2973
-2953
-4450
-3391
-2169
829
2991
-257
-8276
-13321
-8870
-1170
1081
-1182
-3195
-3713
-4999
-4808
1139
8092
8925
3927
698
3516
7427
8949
9631
10342
9430
5711
2770
3700
5632
5387
2907
127
-1727
-4054
-6029
-6161
-5028
-4698
-6853
-9384
-10515
-10154
-8665
-6808
-4095
-3131
-4902
-6327
-5321
-1117
2919
4092
3551
2009
1237
2153
4087
6296
6249
4102
1759
374
468
1061
1500
1353
-363
-2632
-4579
-4757
-2756
-1196
-451
-1128
-2193
-2356
-2689
-1452
1179
3973
5811
5230
2753
-64
-899
2859
8877
10269
5169
-1611
-4166
-2053
93
1806
3117
511
-6187
-11456
-8769
-1470
876
-2623
-5364
-4448
-3538
-4328
-2516
2760
5993
4152
1254
1974
4842
6076
6918
8911
10039
7581
3331
2422
4703
5914
4300
1704
-73
-1730
-4128
-5190
-4559
-4048
-4953
-7057
-8281
-8830
-8781
-7348
-4952
-3029
-3396
-4792
-4621
-2500
505
2715
4043
4432
3155
1917
2689
5513
7605
6464
3504
1441
893
1257
1849
1798
538
-1855
-3915
-4356
-3733
-2763
-1997
-1582
-1804
-2572
-3176
-2805
-929
2077
4926
6233
4741
943
-1586
712
7205
11079
7544
454
-3595
-2997
-1233
309
2369
1697
-4488
-11527
-11297
-4675
-1063
-3656
-6097
-4842
-3940
-5814
-5314
537
5436
4545
1585
2079
4862
5710
6099
8924
11446
9489
4579
2238
4250
6502
5933
3739
1165
-1707
-4648
-5741
-3996
-2192
-3678
-7549
-9994
-9547
-8120
-7164
-5762
-3546
-3258
-5302
-6005
-3373
520
2381
2941
4281
4574
2848
1717
3862
7665
8510
5923
2966
1203
774
1481
2956
3366
924
-3005
-5199
-4288
-1665
-52
-800
-2675
-3776
-3292
-1930
-682
763
2371
3613
4131
2837
413
-737
1913
7304
9100
4861
-1254
-4002
-3035
-1099
1308
3391
973
-6802
-12850
-10342
-2674
616
-2230
-5212
-5547
-5674
-5704
-2327
3495
5649
2970
1065
2880
5302
5539
6210
8986
10515
8104
4327
3043
4078
4800
4362
3653
2080
-1304
-5250
-6601
-4601
-2356
-3378
-6976
-9706
-10153
-9013
-7434
-4973
-2824
-3687
-6365
-6952
-3418
1342
3247
3273
3401
3356
2774
2804
5141
7846
7908
5499
3014
1787
1393
1537
2286
2403
596
-2710
-5157
-4972
-3258
-1431
-1099
-2566
-4375
-5388
-3802
-1033
1778
4069
4451
2711
-853
-1640
3322
9617
10731
5499
131
-893
-133
88
1521
3607
1799
-5353
-10908
-8714
-3696
-3008
-5151
-5006
-3377
-5109
-7883
-5282
1371
4924
3602
2331
3601
4494
4221
6131
10253
12130
9503
5309
3730
4478
5608
5979
4828
2272
-1395
-4388
-5203
-4355
-3553
-4554
-7096
-9020
-9624
-9495
-8698
-6728
-4118
-3418
-4962
-5753
-3723
-280
2039
3340
4325
4361
3178
2412
4245
7237
8022
5973
2768
1095
1213
1522
1867
1094
-831
-3076
-4982
-4631
-3318
-2660
-2565
-3314
-3596
-3597
-3151
-1413
1034
3607
5315
4224
1040
-833
1910
7970
10502
6899
1484
-1160
-1303
-1224
-189
2366
1736
-4619
-10800
-10081
-4468
-2292
-4538
-5461
-3815
-3461
-5098
-3764
1484
4906
3876
2541
4209
6438
6188
5851
8009
10189
9052
5645
3829
4276
4485
3508
2504
1684
-394
-3669
-5546
-4903
-4102
-5150
-7112
-7626
-7348
-8153
-8876
-7450
-4258
-2558
-3504
-4244
-3095
-1172
441
2261
4582
5274
3510
2149
3478
5906
6805
5745
4511
3396
1821
664
754
1392
895
-1062
-2783
-3453
-3444
-3318
-3037
-2340
-1959
-2362
-2801
-2286
-458
2111
3637
2675
-294
-1737
1407
6254
7172
3491
-324
-939
-497
-1061
-106
1937
772
-4554
-8448
-5670
-1351
-1671
-4365
-4425
-1936
-1764
-3091
-1624
1727
3011
1974
2248
4625
5667
4631
4551
6349
7822
6896
4546
3215
3060
3425
3630
2665
822
-1574
-3418
-3617
-3280
-3356
-4831
-6886
-7380
-6724
-6037
-6135
-6248
-5209
-4178
-3522
-2782
-1553
-259
398
1552
3552
5044
4763
3519
3542
4913
6184
6094
4814
3270
1655
725
583
792
442
-1159
-2965
-4018
-3816
-2940
-2379
-2534
-3024
-3232
-2696
-1243
553
2319
2419
153
-1992
-869
4037
7440
5382
1054
-1083
-155
452
179
1457
2075
-862
-5366
-6255
-2752
-931
-3076
-4684
-3291
-1580
-2205
-2865
-884
1363
1472
1421
3111
4985
4556
3252
4336
6835
7581
5924
3798
2990
3003
3094
3231
2532
341
-2717
-4484
-3720
-2607
-3340
-5720
-7386
-6993
-6418
-6126
-5664
-5061
-4705
-5018
-3867
-1115
549
483
153
1810
4272
5122
4782
4462
4805
5151
5193
5148
4650
3557
2179
1020
447
75
-316
-1445
-2898
-3485
-3601
-3496
-3682
-3466
-2388
-2257
-2708
-2433
-346
2351
1925
-730
-2075
463
5009
6112
3698
1094
90
-9
-438
846
3247
2314
-2289
-5959
-4682
-1452
-1616
-3413
-3277
-2087
-2261
-3215
-1656
1163
1395
257
986
3676
5229
4320
3902
5040
5827
5606
4836
4407
3711
2552
2543
3010
2240
-384
-3458
-4399
-3299
-2122
-2555
-4797
-6991
-7761
-7095
-5463
-3965
-3606
-4590
-5400
-4130
-1624
179
574
659
1458
2594
3780
4677
4828
4225
3841
4471
5273
5019
3676
2329
1557
788
351
325
-184
-1485
-3250
-3714
-3006
-2906
-2966
-2802
-2314
-2087
-2560
-1332
904
1140
-688
-2113
463
4494
4528
1711
-321
228
1019
-50
550
2402
1351
-2633
-5439
-3068
-126
-1377
-3414
-2744
-673
-1046
-2785
-1361
1639
2037
776
1273
4015
5049
3377
2876
4498
5727
5061
3774
3387
3096
2033
1614
2015
1530
-608
-3454
-4409
-3310
-2216
-2527
-4232
-5993
-6792
-6426
-5076
-3357
-2561
-3159
-3866
-3480
-1624
189
820
1234
1703
2475
3274
3747
4158
3834
3337
3654
4228
4417
3374
1957
1052
477
383
478
55
-1165
-2760
-3295
-2603
-2210
-2140
-2383
-2582
-2591
-2577
-570
1624
1099
-1118
-2339
943
4433
3575
1158
-126
840
807
-415
1050
2467
622
-3199
-4500
-1298
161
-2136
-3325
-1782
8
-1282
-2796
-596
1839
1686
667
1598
4075
4209
2482
2448
3913
4950
4284
3252
2945
1828
354
158
1051
1149
-1100
-3955
-4909
-4052
-3101
-3149
-4066
-5285
-6071
-6039
-4472
-2476
-1611
-1936
-2517
-1851
-224
1196
2081
2438
2855
3359
3774
4355
4386
3944
3193
2990
3728
3806
2950
1272
-328
-842
-771
-181
-319
-1929
-3389
-3892
-3149
-2360
-2401
-2036
-1949
-2000
-1739
-9
1704
1058
-675
-491
2883
4544
2863
697
511
1659
617
-137
1234
1687
-500
-3668
-3126
-504
-900
-3033
-3072
-877
181
-1456
-1937
-27
1137
1082
1194
2773
3774
2756
1783
2413
3644
4015
3455
2530
1643
485
-264
40
395
-95
-2065
-3965
-4459
-4159
-3597
-3677
-4169
-4773
-5298
-4921
-3803
-2776
-2326
-1962
-1213
-256
455
847
1714
2689
3455
3879
4142
4339
4232
4001
3828
3929
3640
3294
2733
1671
706
-131
83
163
-615
-1820
-3049
-2992
-2561
-2096
-1861
-2239
-2271
-2224
-1208
241
-42
-1050
-1550
749
3185
2257
53
-788
593
1253
172
402
1040
-302
-2432
-2469
111
913
-1545
-2619
-1103
298
-21
-637
689
1704
903
722
1925
3231
3314
2416
2356
2728
2801
2831
2371
1748
865
28
-319
-475
-670
-1508
-2926
-3988
-4257
-3986
-3864
-4016
-4114
-4576
-4829
-4278
-3017
-1895
-1758
-1529
-737
318
1251
1794
2384
2841
3241
3997
4356
4369
3981
3682
3573
3217
2977
2863
2140
798
-259
-517
-67
-390
-1341
-2155
-2852
-2814
-2485
-2050
-1519
-1748
-1936
-1755
-973
-297
-682
-1141
-392
1709
2055
599
-720
-412
834
492
340
870
288
-1233
-2266
-846
964
158
-1174
-1166
-364
122
109
844
1610
1133
713
1349
2447
2983
2726
2399
2192
2102
2392
2527
2166
1111
288
80
-79
-389
-1107
-1921
-2855
-3288
-3367
-3255
-3513
-3981
-3971
-4023
-3710
-3206
-2629
-2016
-1713
-1116
-379
130
814
1411
1995
2270
2776
3347
3379
3134
2915
3237
3146
2525
2227
2042
1628
776
162
151
-41
-387
-1051
-1260
-1481
-1707
-1602
-1683
-1427
-1415
-1408
-794
-918
-1386
-1819
-1504
555
1203
126
-1117
-1658
-381
380
429
714
-215
-1235
-1499
-478
1100
623
-497
-532
19
681
709
1071
1652
1407
1227
1444
2128
2521
2246
2312
2293
1983
1716
1435
1568
1314
552
-71
-535
-658
-1044
-1837
-2410
-2619
-2597
-2951
-3412
-3369
-3221
-3215
-3141
-2723
-2030
-1773
-1616
-913
-161
191
508
1045
1778
2076
2084
2577
2874
2847
2628
2660
2822
2559
2066
1819
1781
1353
1011
375
209
211
-259
-285
-905
-1106
-1028
-1410
-943
-995
-1105
-1027
-1619
-1424
-1353
-1219
-380
-478
-788
-1156
-1471
-755
-640
-546
-222
-649
-895
-1122
-695
134
-87
-183
-32
240
584
551
1047
1504
1305
1356
1532
1910
2150
1851
1856
1626
1351
1343
1031
836
456
24
-316
-1050
-1291
-1332
-1629
-2027
-2680
-2605
-2481
-2595
-2422
-2357
-2135
-2191
-2067
-1216
-657
-312
-119
259
862
831
1204
1868
2342
2549
2186
2244
2457
2354
2489
2526
2421
2018
1486
1423
1394
1192
818
528
262
-56
-302
-480
-420
-681
-1073
-1112
-1038
-938
-1184
-1582
-1689
-1691
-1425
-1028
-971
-1294
-1744
-1856
-1441
-973
-755
-775
-1000
-1127
-1024
-474
140
199
-79
-185
280
960
1247
1270
1215
1066
1206
1492
1808
1961
1605
1168
901
835
953
720
239
-160
-527
-741
-934
-1159
-1284
-1590
-1977
-2044
-1874
-1631
-1632
-1741
-1510
-1348
-1078
-775
-551
-198
27
410
794
939
950
960
1313
1824
2187
2050
1697
1563
1595
1925
2200
2264
1901
1341
1025
1165
1470
1314
1145
643
185
33
-156
288
243
-308
-870
-1284
-903
-793
-1021
-1264
-1690
-1745
-1687
-1369
-1109
-1521
-1962
-2067
-1665
-1015
-795
-949
-1247
-1376
-924
-266
95
124
-143
-181
196
642
1051
998
710
605
738
1098
1202
953
666
435
378
407
322
195
-191
-499
-624
-638
-592
-827
-1080
-1202
-1216
-1036
-927
-939
-957
-990
-780
-497
-258
-94
-93
91
387
700
963
992
987
1114
1411
1845
1962
1741
1561
1505
1736
1943
1879
1813
1467
1200
1131
1062
1145
833
632
494
153
-129
-494
-378
-246
-644
-1055
-1519
-1424
-1203
-1371
-1408
-1774
-1985
-1900
-1786
-1434
-1421
-1615
-1617
-1538
-1150
-732
-660
-670
-627
-227
271
375
423
531
762
974
1034
1140
1155
1012
893
958
1090
941
526
175
34
37
-89
-295
-560
-879
-1100
-1260
-1105
-987
-1173
-1359
-1423
-1143
-879
-867
-783
-548
-303
-68
57
247
605
749
912
1177
1411
1628
1498
1468
1751
1939
2048
1924
1745
1736
1559
1542
1607
1502
1363
914
630
654
560
390
52
-164
-256
-605
-857
-917
-866
-979
-1285
-1575
-1637
-1534
-1422
-1324
-1465
-1596
-1658
-1476
-1083
-848
-752
-830
-873
-610
-155
261
373
219
228
539
771
867
847
816
838
673
568
505
412
280
86
0
-176
-469
-727
-897
-786
-792
-921
-1089
-1342
-1283
-1148
-879
-717
-844
-855
-786
-481
-171
41
162
198
334
526
808
962
998
1063
1133
1328
1405
1372
1337
1222
1200
1241
1235
1212
979
707
527
382
454
388
132
-180
-423
-446
-470
-573
-654
-750
-833
-911
-923
-815
-710
-736
-762
-676
-566
-479
-384
-186
4
14
-14
27
263
495
549
564
580
591
589
617
707
749
621
475
389
333
256
142
80
26
-184
-387
-489
-494
-478
-588
-688
-766
-803
-794
-731
-670
-618
-620
-624
-539
-426
-254
-155
-78
-43
-13
113
245
385
484
465
487
499
556
643
623
623
552
499
496
450
383
260
135
93
75
1
-102
-234
-354
-412
-440
-406
-403
-498
-571
-567
-507
-463
-434
-421
-355
-272
-215
-123
-67
-5
95
172
293
348
357
440
493
545
562
570
619
620
555
549
508
461
411
333
287
188
110
45
-27
-120
-251
-350
-363
-370
-403
-462
-559
-629
-624
-536
-452
-480
-546
-529
-450
-378
-287
-176
-103
-110
-112
13
155
245
280
310
384
387
415
457
465
479
477
489
475
355
251
216
226
227
96
7
-93
-224
-310
-304
-256
-349
-500
-611
-601
-562
-553
-521
-511
-522
-519
-471
-307
-176
-167
-100
24
150
210
230
390
532
538
532
534
635
667
597
593
572
526
430
375
393
313
164
51
21
19
-64
-146
-194
-236
-282
-313
-305
-316
-351
-352
-307
-246
-238
-287
-272
-210
-125
-48
-55
-43
-54
-32
49
115
161
126
95
105
126
166
168
157
130
101
75
74
68
56
49
6
-18
-47
-70
-67
-85
-75
-92
-120
-127
-167
-146
-131
-120
-82
-106
-124
-123
-101
-42
-47
-49
-36
-35
-7
-7
6
13
-10
-10
12
37
27
-21
-27
-2
10
3
6
7
-2
-6
7
29
21
19
24
44
64
67
79
80
68
79
99
130
147
121
103
86
108
138
133
117
78
63
45
33
41
42
21
-42
-81
-83
-74
-65
-91
-114
-138
-156
-143
-122
-94
-101
-113
-109
-90
-66
-47
-16
14
37
32
30
59
83
121
127
114
112
98
94
96
81
81
75
32
2
-36
-50
-39
-55
-61
-96
-129
-138
-136
-113
-111
-127
-138
-121
-77
-56
-59
-66
-52
-18
15
42
52
42
30
48
82
109
98
90
79
87
102
101
113
77
59
65
81
99
77
41
20
8
25
42
27
5
-32
-44
-38
-40
-30
-32
-62
-83
-89
-72
-67
-64
-61
-66
-55
-62
-46
-32
-26
-6
1
13
19
12
31
43
65
77
57
51
54
59
67
56
42
28
16
9
2
-2
-15
-35
-57
-74
-76
-69
-71
-74
-86
-95
-95
-89
-69
-53
-52
-54
-54
-31
-7
-1
10
1
7
24
44
66
57
52
44
43
63
78
83
61
42
49
59
66
62
42
25
13
24
38
25
6
-10
-14
-7
-7
-6
-18
-31
-36
-43
-30
-23
-27
-32
-42
-36
-33
-28
-27
-25
-13
-14
-13
-13
-7
1
0
6
11
13
5
7
15
17
17
16
13
9
10
14
15
10
5
1
-2
-2
2
7
7
-4
-8
-6
-3
4
8
12
5
-4
0
10
15
5
0
4
5
6
5
1
-7
-10
-2
1
1
-8
-14
-13
-12
-3
2
1
1
-3
-2
2
8
15
17
10
6
11
20
18
11
2
2
6
4
2
-9
-18
-21
-19
-20
-26
-37
-43
-44
-40
-37
-39
-37
-37
-39
-33
-30
-23
-18
-16
-9
-4
4
6
1
3
11
20
22
20
15
15
15
22
25
27
28
24
23
23
32
36
31
33
31
31
35
35
36
32
27
25
24
22
20
18
8
4
2
0
-2
-13
-17
-18
-18
-23
-26
-25
-30
-34
-31
-24
-18
-24
-28
-22
-16
-5
0
-1
-1
-1
5
18
26
22
17
15
22
28
29
25
17
13
14
9
9
0
-8
-12
-16
-15
-25
-33
-36
-38
-38
-39
-39
-38
-39
-37
-33
-28
-26
-23
-16
-10
-4
0
6
9
9
15
25
29
31
29
28
30
28
30
32
32
28
18
17
20
18
14
9
5
4
2
3
2
-3
-9
-11
-8
-8
-7
-9
-9
-9
-10
-8
-7
-6
-6
-5
-5
-5
-2
0
0
-2
-4
-1
-2
-2
-2
-2
-2
-3
-3
-3
-4
-6
-5
-3
-4
-5
-4
-3
-3
-3
-6
-5
-5
-7
-4
-5
-5
-5
-8
-6
-5
-6
-4
-3
-3
-5
-5
-1
-1
-1
1
1
2
1
5
8
8
9
8
10
12
12
12
12
10
9
11
12
12
7
4
6
6
3
1
-1
-1
1
0
0
-1
-6
-9
-7
-1
0
-1
-5
-6
-4
-2
0
-2
-1
-2
-2
0
0
-2
-1
-1
1
1
0
0
1
0
-1
0
4
6
2
4
5
5
7
6
7
5
3
3
6
4
0
0
-3
-1
-3
-10
-15
-11
-12
-14
-11
-14
-15
-17
-16
-12
-9
-7
-6
-6
-4
-5
0
8
7
7
6
9
9
10
16
16
13
10
10
12
12
12
9
6
4
3
2
2
1
1
-3
-4
-6
-6
-5
-7
-5
-8
-8
-7
-9
-10
-8
-11
-10
-3
-7
-8
-8
-2
-4
-5
-1
-7
-5
-3
-2
0
-1
-6
-5
1
1
-1
-3
3
-2
-2
8
2
2
5
2
5
10
6
5
3
3
10
6
1
5
0
-2
3
1
-7
-4
-2
-4
-4
0
-4
-5
0
-3
-2
8
3
0
7
1
5
14
11
9
15
12
5
14
11
5
20
7
7
14
7
5
1
5
2
1
4
-3
-3
1
-5
-2
-7
-8
-8
-11
-10
-3
-4
-14
-6
-11
-18
-6
-6
-8
-9
-6
-12
-11
-9
-5
-3
-6
-5
-9
-3
1
-3
3
4
-5
6
8
0
8
7
1
7
1
8
1
0
9
-1
0
-1
-7
-2
-3
-11
-2
-1
-13
-7
-1
-9
-5
-2
-2
-3
-3
5
5
1
2
-1
8
15
8
7
8
12
14
10
15
14
11
11
10
13
7
5
10
6
7
3
-6
2
5
-14
0
0
-10
-1
-9
-14
-8
-12
-8
-9
-6
-10
-15
-7
-10
-6
-4
-8
-9
-6
-8
-8
-4
-3
-2
-8
0
-6
-6
0
-1
-3
-4
3
-5
4
8
-4
0
4
3
1
3
9
10
3
8
7
2
6
10
10
10
6
0
12
5
4
11
4
4
2
1
7
1
0
1
0
3
-1
-5
-4
-2
-6
-3
0
-3
-2
-5
-5
-3
-2
-2
-2
-1
-6
-7
1
2
1
1
-2
1
0
0
1
-1
-1
0
-1
0
1
0
-3
-3
-4
-5
2
-3
-6
-5
-8
-5
-1
-2
-2
-1
0
3
3
4
4
4
8
7
10
10
12
9
9
9
8
7
6
6
6
3
1
0
-1
-3
-4
-3
-2
-5
-8
-6
-5
-5
-5
-4
-4
-3
-2
-2
0
-2
-2
0
2
1
4
2
-1
1
1
3
2
2
2
0
0
0
1
-2
-3
-5
-5
-4
-3
-5
-8
-8
-8
-8
-7
-6
-7
-8
-6
-4
-4
-5
-5
-2
-1
-1
0
0
1
1
2
4
3
5
6
7
5
5
7
6
9
7
7
8
8
6
9
8
9
7
6
7
8
9
8
5
4
3
4
2
0
0
0
1
-1
-5
-8
-6
-5
-4
-9
-8
-10
-10
-6
-5
-5
-6
-5
-4
-1
-1
1
2
0
1
1
0
0
2
3
1
0
0
1
1
0
1
-1
-1
-4
-2
-5
-4
-3
-4
-4
-7
-6
-5
-7
-7
-5
-6
-7
-7
-6
-6
-5
-4
-7
-7
-7
-6
-6
-7
-7
-8
-7
-5
-4
-4
-3
-1
-1
-1
1
5
5
6
7
10
14
16
13
13
14
15
17
18
15
12
10
12
11
8
5
3
3
4
4
0
-2
-1
0
0
0
1
0
2
2
2
2
5
5
5
6
5
4
4
4
5
5
5
3
2
0
1
0
-2
-3
-5
-6
-6
-7
-7
-8
-12
-11
-13
-14
-16
-15
-16
-17
-17
-18
-19
-18
-16
-14
-11
-12
-10
-10
-7
-4
-1
0
0
1
5
7
7
9
9
14
10
10
12
12
12
10
10
7
8
8
6
3
3
4
4
1
0
1
1
1
4
5
4
4
6
7
8
6
9
11
11
11
9
9
9
8
7
8
6
7
3
1
0
-2
-3
-2
-5
-7
-9
-9
-9
-13
-14
-14
-15
-16
-17
-17
-17
-18
-18
-18
-18
-17
-17
-14
-12
-11
-10
-7
-6
-4
-3
-1
2
4
7
8
5
8
13
17
17
16
15
16
17
19
21
18
17
15
14
13
13
11
8
8
4
2
0
0
0
-4
-5
-5
-5
-7
-7
-10
-11
-7
-8
-5
-4
-5
-4
-6
-3
-1
0
0
0
0
-1
1
2
2
0
3
2
1
-1
-2
-2
-1
0
-2
-3
-5
-2
-1
-1
-2
-2
-3
-1
-1
0
-1
-1
-1
0
1
0
0
-1
-1
1
0
0
0
-1
0
0
0
0
0
0
2
0
-1
0
2
3
2
-1
1
1
2
5
5
2
1
3
2
4
3
4
1
2
2
1
2
0
0
1
3
0
-1
-2
0
1
-1
-3
-5
-5
-7
-5
-6
-7
-7
-9
-9
-8
-8
-5
-6
-6
-5
-3
1
0
1
1
5
6
6
7
8
10
10
11
11
9
7
10
10
5
5
4
4
1
-1
0
-4
-5
-6
-6
-5
-8
-7
-8
-11
-11
-7
-8
-5
-7
-7
-7
-4
-2
-4
-2
-1
0
-1
0
0
0
1
2
1
-1
1
2
3
3
3
1
0
3
3
1
0
3
5
4
1
1
3
2
2
0
0
1
0
0
0
1
0
1
2
-1
0
-1
3
4
1
2
2
3
3
3
4
4
2
2
5
5
6
2
-1
1
2
2
1
1
0
1
-1
-3
0
-1
-2
-4
-4
-4
-4
-3
-3
-5
-3
-5
-3
-4
-4
-2
-4
-5
-2
-1
-1
-3
-3
-1
-3
-2
0
0
-1
-5
-3
-4
-1
-1
-1
0
-3
-2
-7
-4
0
-1
0
0
2
4
2
0
0
1
5
8
11
8
3
4
8
10
6
3
4
10
11
6
4
2
7
6
0
1
0
2
1
4
3
-4
-10
-4
3
0
-4
-3
-2
-4
-6
-5
-1
-2
-5
-1
0
1
0
0
1
1
4
2
1
1
1
3
4
-1
-2
1
-2
-7
0
6
5
-7
-10
-1
0
2
1
3
1
-2
-3
-3
-5
-1
-1
-4
-5
-2
1
-7
-10
-4
-1
-3
-3
-6
-7
-5
2
8
3
-5
-1
8
9
1
3
9
1
0
7
19
19
8
1
1
2
4
15
20
7
-4
0
3
-2
-10
-6
-3
-1
-5
-9
-12
-11
-5
-2
-3
-6
-1
-3
-12
-9
-4
4
-3
-6
-2
3
5
5
3
1
-3
3
14
7
3
3
4
3
3
8
5
0
-1
-3
-6
-2
-1
-2
-7
-18
-17
-9
-2
-9
-13
-9
0
-9
-14
-3
5
8
1
2
4
12
13
10
3
8
22
14
0
-4
4
12
5
-6
-11
2
12
5
-13
-20
2
8
-3
-10
-9
0
4
12
14
-1
-7
-2
8
10
1
-7
-1
7
4
-5
-7
-1
-2
-13
-14
-4
0
-9
-14
-7
-2
-4
-7
-4
-2
-4
-5
2
5
2
-4
0
10
8
2
-3
4
7
7
4
3
6
5
6
11
8
0
-2
7
17
10
-2
-1
8
9
4
0
1
1
1
0
0
-1
-4
-2
-5
-5
-3
-4
-4
-5
-8
-7
-3
-2
-6
-8
-6
-4
-3
-2
-1
-3
-2
-1
1
1
1
2
2
2
2
3
6
3
2
0
-1
-1
1
4
2
-2
-4
-1
1
0
-2
-3
0
1
-1
-3
-2
0
-1
0
-1
-2
0
-1
0
-1
0
0
-1
-2
-2
0
0
1
-1
-1
0
1
1
0
1
0
2
5
4
2
1
4
4
3
4
6
5
2
1
2
3
1
0
1
0
-1
0
0
-1
-2
-1
-2
-3
-3
0
-1
-1
-2
-1
-1
-2
-2
2
2
2
0
0
0
0
0
-1
0
0
1
0
-1
-1
0
0
-1
-4
-3
-2
-2
-1
-1
-1
-3
-2
-2
-1
0
0
0
0
0
0
0
1
3
3
3
2
0
0
3
4
2
1
1
1
1
1
-1
1
0
1
1
0
0
0
0
-2
-2
0
1
0
-2
-1
0
0
-3
-2
0
-1
-3
-2
0
0
-2
-2
1
0
-2
-3
-1
1
1
1
0
0
0
1
1
1
0
0
0
0
-2
-1
1
1
1
0
-2
-1
0
0
-1
0
0
1
2
1
0
1
1
0
1
1
2
2
3
1
0
0
0
1
0
0
0
0
-2
-1
-2
0
0
1
-1
0
0
0
-1
-1
0
0
0
0
0
0
-2
-1
0
1
0
-1
0
0
0
-2
-2
0
1
0
0
-2
0
0
-1
0
-1
-2
0
1
1
-1
-2
-1
1
-1
0
0
0
-2
-1
-1
0
0
-1
0
-1
0
0
0
-1
1
-2
1
0
0
1
0
0
0
2
1
0
0
1
2
1
0
1
2
1
0
0
2
0
0
0
0
-1
-2
-1
0
0
0
-1
-1
-1
0
1
0
0
0
0
1
2
-1
1
2
3
4
3
0
0
0
1
0
0
0
-1
0
-1
-1
-3
-2
-3
-2
-2
-2
-1
-1
-1
1
-1
0
-2
-2
0
1
2
0
0
2
2
1
1
2
0
1
1
1
1
1
2
-1
0
0
1
1
0
0
-1
0
-1
-1
-3
-2
0
1
0
-1
0
-1
-2
0
-1
0
-1
-2
0
0
0
-2
-1
-2
-1
1
0
0
0
0
-1
0
-1
-1
0
1
2
0
0
0
2
4
3
1
0
3
4
3
2
1
2
2
2
1
1
-1
0
0
0
-3
-2
0
-1
-1
-3
-3
-2
-3
-3
-3
0
1
0
-1
-2
-1
2
1
1
0
1
1
0
0
3
2
0
0
0
1
1
0
-1
0
-1
-1
1
1
0
0
0
0
-2
0
1
2
1
0
0
0
-1
-1
-1
1
1
0
0
-1
-1
-2
0
0
-2
-1
2
2
-1
-2
0
1
0
-1
0
0
-1
-1
1
1
0
0
-1
0
0
0
0
0
0
0
0
2
1
-1
0
2
0
-1
-1
2
1
-2
-2
2
2
-1
-4
-1
2
2
-1
0
1
0
0
1
2
0
0
3
4
0
0
0
2
3
1
0
-1
0
-1
0
-2
-2
-3
-2
-1
-3
-4
-5
0
1
-1
-4
-3
1
1
1
3
4
4
2
5
8
5
4
5
5
2
0
2
5
3
0
-1
0
0
-3
-5
-4
-5
-6
-6
-7
-5
-4
-6
-7
-6
-3
-4
-6
-2
0
0
-1
1
1
-1
-1
2
4
2
1
3
6
3
0
0
3
3
1
2
1
0
0
0
4
5
2
1
1
2
2
3
2
-1
-3
2
4
1
-5
-4
1
-2
-2
-1
1
-1
-1
0
1
0
1
1
3
5
1
-1
6
7
2
-1
1
2
1
-1
-1
1
1
0
-1
-2
0
-6
-6
-1
0
-2
-5
0
-1
-5
-5
-2
1
2
-2
-3
1
2
-5
-5
3
2
-2
-1
0
-2
-3
0
2
-1
-2
3
4
0
-3
0
3
4
1
-3
2
9
4
-1
1
4
1
2
5
3
1
-1
2
5
1
-1
0
0
0
0
-1
-4
-2
2
-1
-3
-3
-4
-4
-2
-1
1
-2
-4
1
-1
-1
2
1
0
1
0
1
3
4
